results/potlll/ndim10seed2cnt1000dim10delta1.txt: 3.268 sec
b: [[0, 0, 0, 0, -1, 0, 0, 0, 0, 0],
 [0, 0, 0, -1, 0, 0, 0, 0, 0, 0],
 [0, 0, 0, 0, 0, 1, 0, 0, 0, 0],
 [0, 0, 0, 0, 0, 0, 0, 0, 0, 1],
 [-1, 0, 0, 0, 0, 0, 0, 0, 0, 0],
 [0, 0, 0, 0, 0, 0, 0, -1, 0, 0],
 [0, 0, 0, 0, 0, 0, 1, 0, 0, 0],
 [0, 1, 0, 0, 0, 0, 0, 0, 0, 0],
 [0, 0, 0, 0, 0, 0, 0, 0, -1, 0],
 [0, 0, 1, 0, 0, 0, 0, 0, 0, 0]], shape=[10, 10], strides=[10, 1], layout=Cc (0x5), const ndim=2
v_norms: [1, 1, 1, 1, 1, 1, 1, 1, 1, 1], shape=[10], strides=[1], layout=CFcf (0xf), const ndim=1
Mu { arr: [0, 0, 0, 0, 0, 0, 0, 0, 0, 0, 0, 0, 0, 0, 0, 0, 0, 0, 0, 0, 0, 0, 0, 0, 0, 0, 0, 0, 0, 0, 0, 0, 0, 0, 0, 0, 0, 0, 0, 0, 0, 0, 0, 0, 0] }
(hist.len, cnt): (436, 1742)
[(0, 1), (0, 1), (0, 1), (0, 2), (0, 2), (1, 2), (0, 2), (0, 3), (0, 3), (1, 2), (0, 3), (0, 3), (0, 3), (0, 3), (0, 3), (1, 2), (0, 3), (0, 3), (0, 4), (0, 3), (2, 3), (0, 4), (1, 2), (0, 4), (2, 4), (0, 4), (0, 1), (2, 3), (1, 4), (1, 4), (0, 4), (1, 3), (1, 5), (3, 4), (0, 5), (2, 4), (1, 5), (1, 5), (0, 5), (1, 4), (0, 5), (2, 3), (0, 5), (3, 4), (0, 5), (1, 2), (0, 4), (1, 4), (0, 5), (0, 5), (1, 3), (0, 5), (1, 2), (0, 5), (2, 3), (1, 4), (0, 6), (2, 4), (3, 5), (0, 6), (1, 3), (2, 3), (1, 4), (2, 4), (3, 4), (0, 6), (0, 6), (3, 4), (2, 5), (3, 4), (2, 5), (1, 6), (2, 5), (0, 6), (1, 5), (0, 6), (0, 5), (1, 2), (0, 6), (0, 3), (2, 3), (0, 5), (1, 3), (4, 5), (0, 6), (2, 5), (4, 5), (0, 6), (0, 2), (0, 6), (2, 3), (0, 6), (0, 3), (0, 6), (3, 4), (3, 5), (1, 6), (3, 5), (0, 6), (1, 2), (2, 3), (0, 5), (2, 3), (3, 6), (3, 5), (4, 5), (0, 7), (1, 5), (1, 6), (4, 5), (0, 7), (1, 4), (5, 6), (1, 7), (4, 5), (0, 6), (1, 2), (0, 7), (3, 4), (5, 6), (0, 7), (2, 3), (0, 5), (1, 2), (0, 7), (3, 4), (1, 5), (0, 7), (1, 4), (3, 4), (4, 5), (1, 7), (2, 4), (4, 5), (0, 7), (4, 6), (1, 7), (3, 4), (2, 5), (4, 5), (0, 6), (4, 5), (4, 6), (5, 6), (0, 7), (1, 2), (1, 3), (2, 3), (0, 7), (3, 4), (3, 6), (5, 6), (0, 7), (2, 3), (3, 4), (0, 5), (4, 5), (0, 7), (1, 2), (1, 3), (0, 4), (2, 3), (2, 4), (2, 6), (2, 5), (0, 7), (2, 3), (2, 4), (5, 6), (0, 7), (2, 4), (0, 5), (0, 3), (2, 4), (0, 7), (3, 4), (0, 5), (1, 3), (2, 3), (1, 7), (1, 7), (4, 5), (0, 7), (1, 2), (1, 3), (2, 4), (0, 8), (3, 4), (0, 7), (1, 2), (3, 4), (4, 5), (5, 6), (0, 8), (2, 3), (2, 4), (3, 4), (0, 5), (0, 7), (1, 2), (2, 3), (0, 8), (3, 4), (0, 5), (2, 3), (4, 6), (0, 8), (1, 2), (0, 3), (2, 5), (3, 5), (0, 6), (4, 5), (5, 6), (2, 7), (2, 4), (0, 6), (3, 4), (1, 5), (5, 7), (6, 7), (0, 8), (3, 4), (2, 8), (3, 4), (2, 6), (5, 6), (6, 7), (0, 8), (1, 2), (3, 4), (0, 5), (1, 4), (2, 3), (0, 8), (2, 4), (3, 4), (5, 6), (0, 8), (3, 4), (3, 5), (4, 6), (0, 8), (1, 2), (2, 3), (3, 4), (2, 6), (3, 4), (5, 6), (1, 8), (2, 3), (4, 5), (5, 6), (0, 8), (0, 6), (3, 4), (2, 7), (3, 4), (6, 7), (0, 8), (4, 5), (0, 7), (1, 2), (0, 8), (3, 7), (4, 5), (1, 8), (2, 3), (2, 6), (1, 8), (3, 4), (5, 7), (1, 8), (2, 4), (5, 7), (0, 8), (3, 4), (2, 5), (3, 4), (6, 7), (0, 8), (4, 5), (3, 6), (4, 5), (5, 6), (1, 8), (0, 7), (4, 5), (3, 7), (4, 5), (4, 6), (0, 8), (2, 3), (0, 4), (3, 5), (4, 5), (6, 7), (0, 8), (1, 2), (2, 3), (5, 6), (3, 7), (5, 6), (1, 7), (3, 4), (0, 8), (1, 2), (4, 5), (3, 6), (6, 7), (4, 9), (3, 6), (2, 8), (0, 9), (1, 2), (5, 6), (7, 8), (1, 9), (4, 6), (5, 6), (6, 7), (0, 9), (2, 3), (6, 7), (0, 8), (2, 5), (3, 5), (4, 5), (6, 8), (0, 9), (2, 3), (3, 6), (4, 7), (3, 8), (4, 5), (6, 7), (0, 9), (2, 3), (0, 8), (3, 4), (0, 9), (2, 5), (1, 7), (2, 3), (4, 5), (0, 8), (2, 3), (4, 7), (4, 6), (2, 7), (1, 8), (4, 5), (0, 8), (2, 3), (3, 4), (2, 6), (4, 5), (3, 7), (4, 5), (2, 8), (7, 8), (0, 9), (2, 4), (5, 7), (2, 8), (6, 7), (6, 8), (0, 9), (1, 6), (1, 8), (2, 3), (2, 6), (3, 4), (1, 7), (3, 4), (2, 6), (5, 6), (0, 9), (2, 6), (3, 4), (1, 7), (3, 8), (4, 5), (4, 6), (5, 6), (3, 7), (6, 7), (0, 9), (4, 5), (1, 6), (3, 7), (2, 5), (3, 4), (1, 6), (6, 7), (0, 9), (1, 2), (1, 4), (0, 7), (1, 2), (5, 7), (0, 9), (1, 3), (4, 6), (0, 7), (2, 3), (2, 4), (3, 4), (1, 8), (0, 9), (1, 4), (4, 5), (5, 6), (0, 8), (2, 3), (3, 4), (0, 9), (2, 3), (6, 7), (1, 8), (4, 5), (2, 7), (5, 7), (6, 7), (1, 9), (3, 4), (5, 7), (7, 8), (0, 9), (1, 2), (3, 4), (3, 7), (5, 7), (7, 8), (2, 9), (5, 8)]
