results/potlll/ndim20seed2cnt1000dim20delta1.txt: 213.289 sec
b: [[0, 0, 0, 0, 0, 0, 0, 0, 0, 0, 0, 0, 0, 0, -1, 0, 0, 0, 0, 0],
 [0, 0, 0, 0, 0, 0, 0, 0, 0, 0, 1, 0, 0, 0, 0, 0, 0, 0, 0, 0],
 [0, 0, 1, 0, 0, 0, 0, 0, 0, 0, 0, 0, 0, 0, 0, 0, 0, 0, 0, 0],
 [0, -1, 0, 0, 0, 0, 0, 0, 0, 0, 0, 0, 0, 0, 0, 0, 0, 0, 0, 0],
 [0, 0, 0, 0, 0, 0, 0, 0, 0, 0, 0, 0, 0, 0, 0, 1, 0, 0, 0, 0],
 [0, 0, 0, 0, 0, 0, 0, 0, 0, 0, 0, 0, 0, 0, 0, 0, 0, 0, -1, 0],
 [0, 0, 0, 0, 0, 0, 0, 0, 0, 0, 0, 1, 0, 0, 0, 0, 0, 0, 0, 0],
 [0, 0, 0, 1, 0, 0, 0, 0, 0, 0, 0, 0, 0, 0, 0, 0, 0, 0, 0, 0],
 [0, 0, 0, 0, 0, 0, 0, 0, 0, -1, 0, 0, 0, 0, 0, 0, 0, 0, 0, 0],
 [-1, 0, 0, 0, 0, 0, 0, 0, 0, 0, 0, 0, 0, 0, 0, 0, 0, 0, 0, 0],
 [0, 0, 0, 0, 0, 0, 0, 0, -1, 0, 0, 0, 0, 0, 0, 0, 0, 0, 0, 0],
 [0, 0, 0, 0, 0, 0, 0, 0, 0, 0, 0, 0, 0, 0, 0, 0, 0, 1, 0, 0],
 [0, 0, 0, 0, 0, 0, -1, 0, 0, 0, 0, 0, 0, 0, 0, 0, 0, 0, 0, 0],
 [0, 0, 0, 0, 0, 0, 0, 0, 0, 0, 0, 0, 0, 1, 0, 0, 0, 0, 0, 0],
 [0, 0, 0, 0, 0, 1, 0, 0, 0, 0, 0, 0, 0, 0, 0, 0, 0, 0, 0, 0],
 [0, 0, 0, 0, 0, 0, 0, 0, 0, 0, 0, 0, 0, 0, 0, 0, 1, 0, 0, 0],
 [0, 0, 0, 0, 1, 0, 0, 0, 0, 0, 0, 0, 0, 0, 0, 0, 0, 0, 0, 0],
 [0, 0, 0, 0, 0, 0, 0, 0, 0, 0, 0, 0, 0, 0, 0, 0, 0, 0, 0, -1],
 [0, 0, 0, 0, 0, 0, 0, 0, 0, 0, 0, 0, 1, 0, 0, 0, 0, 0, 0, 0],
 [0, 0, 0, 0, 0, 0, 0, -1, 0, 0, 0, 0, 0, 0, 0, 0, 0, 0, 0, 0]], shape=[20, 20], strides=[20, 1], layout=Cc (0x5), const ndim=2
v_norms: [1, 1, 1, 1, 1, 1, 1, 1, 1, 1, 1, 1, 1, 1, 1, 1, 1, 1, 1, 1], shape=[20], strides=[1], layout=CFcf (0xf), const ndim=1
Mu { arr: [0, 0, 0, 0, 0, 0, 0, 0, 0, 0, 0, 0, 0, 0, 0, 0, 0, 0, 0, 0, 0, 0, 0, 0, 0, 0, 0, 0, 0, 0, 0, 0, 0, 0, 0, 0, 0, 0, 0, 0, 0, 0, 0, 0, 0, 0, 0, 0, 0, 0, 0, 0, 0, 0, 0, 0, 0, 0, 0, 0, 0, 0, 0, 0, 0, 0, 0, 0, 0, 0, 0, 0, 0, 0, 0, 0, 0, 0, 0, 0, 0, 0, 0, 0, 0, 0, 0, 0, 0, 0, 0, 0, 0, 0, 0, 0, 0, 0, 0, 0, 0, 0, 0, 0, 0, 0, 0, 0, 0, 0, 0, 0, 0, 0, 0, 0, 0, 0, 0, 0, 0, 0, 0, 0, 0, 0, 0, 0, 0, 0, 0, 0, 0, 0, 0, 0, 0, 0, 0, 0, 0, 0, 0, 0, 0, 0, 0, 0, 0, 0, 0, 0, 0, 0, 0, 0, 0, 0, 0, 0, 0, 0, 0, 0, 0, 0, 0, 0, 0, 0, 0, 0, 0, 0, 0, 0, 0, 0, 0, 0, 0, 0, 0, 0, 0, 0, 0, 0, 0, 0] }
(hist.len, cnt): (2435, 10623)
[(0, 1), (0, 2), (0, 2), (0, 2), (0, 2), (1, 2), (0, 3), (0, 3), (2, 3), (0, 4), (1, 2), (0, 4), (1, 2), (2, 3), (0, 4), (1, 5), (1, 5), (0, 4), (1, 2), (1, 4), (0, 5), (2, 3), (0, 4), (1, 2), (0, 5), (0, 4), (0, 6), (1, 4), (4, 5), (1, 6), (2, 3), (2, 4), (3, 4), (1, 5), (2, 3), (3, 4), (0, 6), (3, 4), (3, 5), (0, 6), (3, 4), (2, 5), (0, 6), (1, 2), (1, 5), (3, 4), (0, 6), (3, 4), (0, 5), (2, 3), (4, 6), (3, 6), (4, 5), (0, 7), (2, 5), (3, 4), (2, 5), (5, 6), (0, 7), (1, 2), (2, 3), (0, 4), (3, 4), (0, 6), (1, 3), (1, 4), (2, 3), (2, 7), (3, 4), (0, 7), (1, 2), (0, 3), (0, 5), (1, 2), (3, 4), (3, 6), (4, 5), (0, 7), (2, 3), (3, 5), (4, 5), (0, 6), (1, 2), (0, 3), (1, 2), (0, 8), (1, 2), (0, 4), (5, 7), (0, 8), (0, 4), (5, 6), (0, 7), (4, 7), (0, 8), (2, 5), (3, 4), (4, 6), (2, 7), (1, 6), (2, 3), (2, 4), (6, 7), (0, 8), (1, 2), (2, 3), (0, 5), (1, 2), (3, 4), (0, 8), (2, 3), (3, 4), (3, 5), (4, 5), (0, 6), (0, 2), (0, 4), (2, 5), (3, 5), (0, 6), (2, 3), (0, 8), (1, 2), (5, 6), (0, 9), (2, 3), (3, 4), (1, 8), (2, 9), (4, 5), (6, 7), (2, 8), (4, 5), (5, 6), (6, 7), (7, 8), (0, 9), (2, 3), (3, 6), (6, 7), (0, 9), (2, 3), (4, 5), (0, 6), (2, 4), (5, 7), (6, 7), (7, 8), (4, 9), (3, 4), (4, 5), (2, 6), (7, 8), (0, 9), (2, 3), (1, 5), (2, 6), (7, 8), (2, 9), (2, 4), (1, 5), (2, 3), (1, 6), (3, 6), (4, 5), (4, 6), (5, 6), (3, 7), (5, 7), (0, 9), (1, 2), (2, 6), (3, 4), (5, 6), (1, 7), (2, 5), (6, 7), (7, 8), (0, 10), (3, 4), (5, 8), (0, 9), (2, 4), (5, 6), (4, 7), (0, 8), (3, 4), (4, 5), (5, 6), (2, 10), (4, 6), (4, 8), (5, 6), (7, 8), (6, 9), (0, 10), (1, 2), (3, 4), (3, 6), (4, 5), (5, 6), (6, 7), (7, 8), (0, 9), (1, 3), (2, 6), (4, 6), (8, 9), (0, 10), (2, 3), (2, 5), (3, 4), (5, 6), (4, 8), (5, 6), (7, 8), (0, 10), (1, 2), (1, 5), (2, 6), (3, 5), (4, 5), (2, 7), (5, 7), (1, 9), (3, 4), (0, 11), (2, 3), (2, 5), (0, 6), (1, 2), (5, 8), (7, 8), (0, 10), (6, 7), (2, 8), (0, 11), (3, 4), (2, 6), (3, 5), (8, 9), (1, 11), (4, 5), (4, 6), (5, 6), (1, 7), (5, 7), (2, 8), (1, 6), (5, 6), (1, 11), (2, 3), (3, 4), (2, 7), (3, 4), (8, 9), (0, 10), (1, 2), (2, 6), (0, 11), (3, 4), (3, 7), (4, 5), (6, 7), (6, 10), (3, 10), (6, 9), (9, 10), (1, 11), (4, 8), (5, 7), (7, 8), (2, 9), (0, 9), (6, 8), (5, 10), (7, 8), (7, 10), (8, 9), (9, 10), (0, 11), (2, 3), (4, 5), (4, 6), (0, 7), (1, 2), (6, 7), (5, 9), (6, 7), (0, 8), (5, 7), (6, 7), (9, 10), (0, 11), (2, 3), (1, 3), (2, 3), (1, 4), (2, 6), (1, 4), (2, 3), (5, 6), (1, 7), (4, 5), (6, 7), (8, 9), (6, 10), (7, 9), (7, 10), (9, 10), (1, 11), (2, 4), (3, 4), (1, 5), (7, 9), (3, 10), (6, 7), (7, 8), (7, 9), (8, 9), (4, 11), (5, 6), (7, 8), (7, 9), (10, 11), (2, 12), (6, 7), (4, 8), (3, 11), (6, 7), (8, 10), (9, 10), (0, 12), (0, 2), (2, 6), (4, 5), (7, 8), (0, 10), (8, 9), (4, 11), (6, 8), (7, 9), (8, 9), (2, 11), (4, 7), (6, 8), (7, 8), (9, 10), (9, 11), (1, 12), (7, 8), (1, 9), (4, 5), (3, 6), (8, 10), (9, 11), (3, 12), (2, 3), (1, 2), (4, 5), (3, 6), (8, 9), (3, 10), (0, 6), (6, 7), (9, 11), (0, 12), (2, 4), (2, 6), (4, 5), (3, 6), (5, 6), (3, 8), (5, 6), (0, 10), (2, 3), (2, 5), (4, 5), (5, 6), (9, 10), (2, 12), (3, 4), (5, 8), (8, 9), (7, 10), (8, 9), (9, 10), (3, 11), (4, 5), (4, 6), (4, 12), (5, 6), (6, 10), (9, 11), (1, 12), (2, 3), (5, 7), (10, 11), (0, 12), (5, 6), (8, 9), (3, 10), (4, 5), (4, 6), (9, 10), (3, 11), (8, 9), (8, 10), (0, 13), (2, 3), (2, 5), (3, 4), (3, 5), (4, 5), (7, 8), (7, 9), (0, 10), (9, 10), (2, 11), (2, 5), (4, 5), (0, 10), (1, 2), (2, 3), (5, 6), (5, 7), (7, 8), (8, 9), (7, 11), (8, 10), (0, 11), (4, 5), (7, 8), (9, 10), (10, 11), (3, 13), (5, 6), (7, 8), (8, 9), (8, 10), (4, 11), (0, 7), (3, 4), (0, 8), (3, 5), (4, 5), (2, 8), (3, 5), (7, 8), (4, 9), (5, 6), (3, 7), (4, 5), (4, 6), (5, 6), (9, 10), (1, 12), (2, 4), (2, 5), (3, 6), (5, 7), (6, 7), (6, 8), (8, 12), (10, 11), (11, 12), (1, 13), (3, 4), (1, 7), (3, 4), (9, 10), (0, 10), (6, 10), (7, 9), (8, 9), (7, 10), (1, 11), (2, 3), (4, 6), (5, 6), (4, 7), (5, 8), (7, 10), (8, 9), (8, 10), (10, 11), (0, 12), (2, 3), (2, 4), (3, 4), (2, 5), (3, 4), (4, 6), (5, 6), (5, 9), (6, 8), (7, 8), (8, 10), (9, 10), (0, 11), (4, 5), (2, 8), (4, 6), (4, 6), (4, 7), (5, 6), (5, 7), (6, 8), (7, 12), (10, 11), (10, 12), (5, 13), (4, 5), (3, 6), (5, 6), (2, 7), (6, 7), (2, 11), (10, 11), (4, 12), (5, 6), (7, 8), (7, 10), (3, 11), (7, 8), (8, 9), (8, 10), (6, 12), (7, 9), (3, 10), (4, 5), (4, 6), (4, 8), (7, 8), (7, 10), (10, 12), (10, 12), (11, 12), (0, 13), (2, 3), (4, 5), (3, 8), (4, 5), (5, 6), (7, 8), (2, 9), (8, 10), (8, 11), (2, 12), (3, 8), (2, 13), (3, 5), (1, 7), (4, 5), (6, 8), (7, 8), (7, 9), (8, 9), (10, 11), (1, 12), (5, 6), (5, 7), (1, 10), (3, 5), (4, 5), (3, 6), (8, 9), (7, 12), (11, 12), (12, 13), (0, 14), (5, 6), (10, 11), (5, 12), (1, 14), (0, 2), (1, 2), (3, 8), (4, 8), (5, 6), (9, 10), (7, 11), (11, 12), (4, 13), (3, 7), (4, 5), (6, 7), (5, 9), (6, 10), (8, 9), (1, 12), (1, 3), (2, 3), (4, 6), (7, 8), (5, 9), (10, 11), (0, 14), (1, 2), (3, 4), (5, 8), (6, 8), (5, 9), (6, 7), (6, 10), (7, 8), (7, 10), (8, 10), (5, 13), (6, 8), (9, 10), (9, 11), (9, 13), (10, 12), (0, 14), (2, 5), (1, 7), (6, 7), (0, 12), (2, 3), (4, 5), (2, 5), (4, 5), (1, 13), (2, 3), (5, 7), (3, 9), (4, 5), (5, 6), (6, 7), (8, 9), (10, 12), (11, 12), (2, 13), (2, 5), (3, 5), (2, 14), (4, 5), (5, 7), (4, 9), (7, 9), (4, 11), (5, 7), (6, 7), (8, 9), (11, 12), (8, 13), (8, 10), (12, 13), (0, 14), (4, 5), (0, 7), (1, 2), (1, 3), (0, 9), (2, 3), (3, 4), (8, 9), (10, 11), (8, 12), (11, 12), (11, 13), (6, 14), (7, 8), (7, 9), (7, 10), (9, 11), (10, 11), (10, 12), (6, 14), (2, 7), (3, 4), (3, 5), (3, 5), (3, 7), (4, 7), (5, 7), (6, 7), (1, 8), (6, 7), (8, 9), (0, 11), (3, 4), (4, 5), (5, 7), (6, 7), (5, 8), (7, 10), (8, 10), (3, 11), (2, 4), (3, 4), (9, 10), (12, 13), (0, 14), (2, 4), (3, 5), (1, 7), (1, 3), (4, 5), (5, 6), (4, 8), (4, 6), (4, 8), (5, 9), (6, 7), (6, 11), (7, 8), (7, 9), (4, 12), (5, 6), (9, 10), (12, 13), (1, 14), (2, 3), (2, 4), (5, 7), (2, 8), (5, 6), (6, 7), (7, 8), (5, 11), (8, 9), (11, 12), (5, 13), (6, 9), (11, 12), (0, 14), (4, 5), (2, 6), (5, 7), (7, 8), (8, 11), (0, 12), (4, 5), (9, 11), (3, 14), (5, 8), (7, 9), (8, 9), (8, 10), (9, 10), (10, 11), (7, 13), (9, 10), (1, 14), (3, 4), (3, 5), (6, 8), (7, 8), (7, 9), (3, 11), (5, 6), (7, 8), (9, 10), (8, 11), (9, 11), (8, 12), (9, 10), (11, 12), (4, 14), (9, 10), (12, 14), (0, 15), (4, 9), (7, 8), (7, 9), (8, 9), (10, 13), (10, 12), (10, 13), (1, 15), (3, 5), (7, 9), (8, 9), (7, 10), (10, 11), (11, 12), (6, 13), (9, 11), (9, 12), (12, 13), (4, 14), (9, 10), (4, 11), (6, 8), (7, 8), (5, 9), (6, 7), (8, 14), (9, 13), (10, 14), (0, 15), (1, 2), (1, 3), (4, 6), (5, 6), (4, 8), (8, 9), (9, 10), (7, 12), (8, 10), (11, 12), (4, 13), (8, 10), (12, 14), (7, 15), (1, 7), (2, 3), (0, 4), (5, 6), (7, 9), (7, 11), (11, 12), (11, 13), (8, 14), (2, 15), (0, 2), (1, 2), (6, 7), (6, 10), (8, 9), (8, 10), (10, 11), (4, 14), (7, 9), (10, 11), (12, 13), (12, 14), (13, 14), (0, 15), (3, 4), (7, 8), (7, 9), (1, 10), (6, 11), (7, 9), (10, 11), (1, 12), (3, 6), (3, 8), (5, 9), (6, 8), (7, 8), (9, 11), (11, 12), (3, 14), (8, 9), (9, 10), (10, 11), (11, 12), (0, 15), (1, 3), (2, 3), (3, 4), (4, 5), (7, 8), (6, 9), (7, 9), (1, 12), (7, 8), (0, 13), (2, 3), (4, 5), (8, 9), (0, 14), (1, 2), (3, 11), (4, 5), (3, 8), (5, 6), (9, 12), (10, 11), (10, 12), (11, 13), (12, 13), (1, 14), (3, 11), (6, 7), (9, 10), (12, 13), (0, 14), (5, 8), (7, 8), (5, 9), (7, 8), (8, 9), (9, 11), (5, 12), (8, 10), (10, 11), (11, 12), (13, 14), (1, 15), (2, 3), (2, 5), (3, 6), (6, 10), (0, 13), (4, 7), (9, 10), (11, 14), (2, 15), (3, 6), (4, 6), (5, 6), (4, 8), (5, 9), (6, 9), (7, 9), (8, 9), (4, 10), (8, 10), (8, 11), (10, 11), (12, 13), (1, 14), (4, 9), (1, 11), (6, 7), (8, 10), (9, 10), (2, 12), (10, 11), (7, 12), (4, 15), (4, 6), (4, 9), (6, 8), (8, 9), (7, 10), (1, 11), (2, 3), (4, 5), (8, 10), (9, 10), (1, 11), (3, 4), (4, 7), (6, 7), (7, 8), (6, 10), (9, 10), (11, 12), (4, 13), (7, 9), (6, 9), (7, 8), (8, 11), (10, 11), (9, 12), (0, 13), (1, 2), (4, 6), (5, 6), (9, 10), (3, 11), (6, 9), (7, 9), (12, 13), (5, 14), (8, 10), (5, 11), (8, 9), (9, 10), (11, 12), (11, 13), (2, 15), (4, 5), (0, 6), (2, 3), (4, 5), (5, 6), (7, 8), (4, 9), (4, 9), (6, 8), (7, 8), (7, 9), (8, 9), (9, 12), (10, 11), (10, 12), (7, 13), (8, 9), (10, 11), (13, 14), (14, 15), (6, 16), (4, 7), (3, 4), (0, 3), (5, 6), (6, 7), (1, 8), (3, 4), (1, 5), (3, 4), (9, 12), (9, 12), (10, 13), (3, 13), (4, 7), (4, 9), (5, 9), (7, 9), (8, 9), (5, 10), (7, 8), (7, 11), (9, 10), (11, 13), (12, 13), (0, 14), (2, 3), (3, 4), (7, 8), (1, 11), (4, 5), (5, 9), (6, 7), (8, 9), (13, 14), (1, 15), (2, 7), (3, 5), (5, 10), (7, 9), (10, 12), (6, 11), (7, 9), (10, 11), (9, 12), (2, 13), (1, 5), (5, 9), (7, 8), (8, 9), (10, 11), (12, 13), (4, 15), (7, 8), (7, 11), (9, 10), (11, 13), (0, 14), (1, 3), (6, 9), (7, 9), (10, 11), (9, 12), (11, 12), (13, 14), (13, 15), (9, 16), (3, 9), (4, 5), (4, 6), (8, 9), (7, 11), (8, 9), (6, 12), (10, 11), (11, 12), (11, 13), (1, 14), (0, 5), (4, 5), (8, 10), (9, 10), (10, 12), (8, 13), (9, 10), (6, 11), (7, 8), (8, 10), (8, 15), (9, 10), (6, 11), (8, 9), (8, 12), (9, 10), (5, 12), (6, 14), (7, 8), (8, 9), (7, 10), (8, 9), (10, 11), (3, 12), (1, 6), (2, 4), (3, 4), (3, 7), (7, 8), (9, 10), (12, 13), (1, 15), (0, 10), (4, 5), (7, 8), (7, 9), (8, 10), (9, 14), (0, 16), (4, 6), (0, 7), (1, 3), (5, 8), (5, 9), (3, 10), (4, 5), (5, 6), (8, 10), (9, 11), (11, 12), (12, 14), (1, 15), (2, 3), (3, 4), (4, 5), (5, 6), (1, 9), (1, 16), (4, 5), (4, 6), (5, 6), (8, 10), (9, 10), (9, 13), (2, 14), (8, 9), (10, 11), (7, 12), (9, 10), (10, 11), (12, 14), (12, 14), (7, 15), (8, 9), (9, 10), (10, 11), (11, 12), (9, 13), (10, 11), (10, 13), (0, 14), (3, 5), (4, 5), (12, 13), (12, 14), (13, 14), (6, 15), (8, 9), (7, 10), (8, 9), (9, 10), (11, 13), (13, 14), (14, 15), (0, 16), (1, 2), (3, 4), (1, 5), (3, 4), (5, 6), (6, 7), (7, 8), (1, 9), (4, 5), (6, 7), (10, 11), (10, 12), (10, 12), (14, 15), (0, 16), (1, 2), (1, 3), (2, 3), (4, 5), (5, 6), (7, 8), (4, 10), (12, 13), (3, 14), (7, 10), (8, 9), (8, 10), (8, 11), (9, 10), (12, 14), (10, 15), (13, 14), (6, 15), (0, 16), (3, 6), (3, 6), (4, 6), (3, 8), (9, 10), (9, 15), (10, 11), (11, 15), (1, 16), (5, 6), (7, 9), (9, 10), (11, 12), (4, 14), (7, 9), (9, 10), (5, 11), (7, 8), (8, 9), (9, 11), (7, 15), (7, 12), (8, 10), (5, 16), (6, 8), (7, 8), (10, 11), (12, 14), (1, 15), (10, 14), (11, 12), (11, 13), (5, 14), (8, 9), (8, 12), (11, 12), (12, 14), (13, 14), (8, 15), (10, 13), (11, 13), (9, 14), (13, 15), (1, 16), (2, 4), (0, 7), (1, 4), (1, 8), (3, 6), (7, 11), (8, 9), (0, 11), (7, 8), (7, 13), (8, 9), (5, 10), (7, 8), (8, 13), (11, 12), (0, 16), (2, 4), (2, 5), (5, 8), (7, 10), (6, 12), (9, 10), (1, 16), (2, 3), (4, 8), (7, 8), (9, 11), (10, 12), (12, 14), (12, 15), (11, 16), (10, 13), (11, 12), (12, 13), (13, 14), (14, 15), (14, 16), (15, 16), (0, 17), (7, 8), (10, 14), (12, 13), (12, 14), (2, 16), (8, 9), (3, 10), (9, 11), (11, 12), (11, 13), (4, 14), (8, 10), (10, 11), (5, 14), (12, 14), (13, 15), (14, 15), (14, 16), (15, 16), (11, 17), (9, 11), (5, 9), (7, 9), (8, 9), (4, 10), (5, 6), (7, 8), (9, 10), (1, 15), (6, 7), (8, 9), (11, 12), (12, 16), (13, 14), (10, 15), (11, 13), (11, 14), (13, 14), (13, 15), (3, 16), (7, 8), (12, 13), (14, 15), (2, 17), (9, 11), (10, 11), (5, 12), (8, 10), (6, 11), (7, 8), (8, 9), (9, 10), (8, 11), (7, 12), (8, 10), (10, 13), (3, 14), (5, 8), (6, 7), (6, 8), (7, 8), (7, 9), (10, 11), (5, 15), (6, 8), (1, 9), (2, 4), (3, 5), (5, 6), (6, 7), (7, 8), (4, 9), (6, 8), (5, 7), (6, 7), (5, 10), (14, 15), (9, 17), (2, 10), (1, 2), (0, 1), (1, 2), (2, 3), (3, 4), (4, 6), (5, 6), (6, 7), (8, 9), (12, 13), (8, 15), (11, 12), (13, 14), (11, 16), (4, 14), (2, 4), (1, 2), (6, 7), (3, 8), (6, 7), (7, 9), (8, 10), (10, 11), (10, 12), (2, 13), (7, 8), (9, 11), (10, 11), (13, 14), (5, 16), (6, 7), (6, 8), (7, 8), (1, 9), (7, 8), (5, 8), (6, 8), (7, 8), (2, 10), (3, 4), (9, 10), (9, 12), (10, 11), (12, 13), (11, 13), (12, 13), (0, 17), (4, 7), (5, 7), (8, 9), (8, 11), (9, 10), (4, 11), (9, 10), (5, 13), (6, 7), (8, 9), (10, 13), (11, 14), (1, 15), (2, 3), (3, 5), (4, 5), (7, 9), (8, 9), (1, 10), (4, 6), (8, 9), (7, 14), (9, 10), (11, 15), (12, 13), (10, 15), (11, 13), (12, 13), (14, 15), (11, 16), (9, 11), (10, 11), (11, 12), (12, 13), (13, 14), (2, 16), (6, 11), (8, 9), (8, 12), (2, 17), (6, 9), (10, 11), (3, 13), (10, 11), (8, 12), (10, 11), (10, 12), (9, 13), (7, 14), (7, 12), (13, 14), (8, 15), (5, 8), (7, 8), (6, 9), (7, 8), (7, 9), (6, 11), (8, 13), (9, 10), (9, 13), (10, 11), (10, 12), (11, 12), (13, 14), (13, 15), (14, 15), (1, 17), (2, 7), (3, 4), (6, 7), (3, 8), (2, 9), (3, 6), (7, 10), (5, 12), (6, 7), (6, 8), (8, 9), (9, 10), (6, 12), (7, 8), (7, 9), (11, 15), (13, 15), (14, 15), (10, 16), (2, 13), (5, 6), (5, 7), (6, 7), (6, 8), (7, 9), (8, 9), (7, 10), (8, 10), (9, 10), (12, 13), (12, 15), (13, 14), (3, 16), (4, 5), (6, 7), (4, 8), (5, 6), (8, 9), (9, 10), (10, 11), (8, 12), (10, 11), (8, 14), (10, 11), (13, 14), (11, 15), (12, 13), (11, 14), (13, 14), (12, 15), (7, 17), (8, 10), (7, 11), (9, 10), (11, 12), (5, 13), (6, 7), (6, 8), (8, 9), (9, 10), (8, 11), (11, 12), (12, 13), (14, 16), (15, 16), (11, 17), (10, 11), (12, 13), (0, 15), (1, 2), (2, 3), (3, 4), (4, 7), (5, 7), (6, 7), (2, 8), (4, 5), (4, 9), (5, 6), (8, 9), (5, 10), (9, 10), (9, 11), (10, 11), (9, 12), (13, 14), (0, 16), (3, 4), (3, 5), (4, 5), (6, 7), (12, 13), (9, 15), (13, 15), (14, 15), (0, 17), (3, 4), (2, 6), (3, 4), (4, 5), (4, 6), (2, 7), (3, 4), (5, 6), (5, 7), (6, 7), (2, 8), (9, 12), (10, 11), (1, 16), (3, 4), (2, 6), (3, 4), (4, 5), (4, 6), (2, 8), (3, 7), (1, 10), (6, 7), (6, 8), (9, 10), (10, 11), (13, 14), (4, 16), (7, 8), (6, 9), (6, 10), (7, 9), (8, 9), (10, 11), (11, 12), (12, 14), (12, 16), (2, 17), (3, 4), (4, 5), (6, 9), (5, 11), (10, 11), (4, 12), (6, 7), (9, 10), (8, 13), (1, 12), (0, 6), (2, 4), (10, 12), (11, 12), (10, 13), (11, 13), (7, 16), (1, 8), (2, 4), (3, 4), (5, 6), (6, 7), (4, 8), (8, 9), (9, 11), (10, 11), (13, 14), (3, 15), (13, 15), (4, 16), (0, 7), (3, 4), (3, 5), (8, 9), (11, 12), (7, 14), (8, 9), (9, 10), (9, 11), (0, 15), (1, 2), (2, 3), (9, 11), (10, 11), (12, 13), (13, 14), (15, 16), (0, 17), (1, 2), (5, 6), (1, 9), (6, 9), (7, 8), (7, 11), (4, 10), (5, 8), (6, 8), (7, 9), (8, 9), (9, 10), (10, 11), (5, 12), (6, 7), (10, 12), (3, 15), (9, 10), (11, 12), (1, 13), (2, 3), (2, 4), (4, 5), (6, 7), (7, 8), (8, 11), (9, 10), (11, 12), (14, 15), (6, 17), (7, 8), (15, 16), (0, 18), (2, 4), (5, 6), (11, 12), (7, 13), (9, 12), (10, 12), (11, 12), (12, 13), (8, 15), (9, 10), (9, 11), (5, 12), (8, 12), (9, 11), (10, 11), (11, 12), (9, 14), (1, 18), (3, 4), (6, 7), (7, 8), (13, 14), (7, 15), (9, 15), (13, 14), (13, 15), (10, 17), (12, 14), (13, 15), (10, 18), (12, 15), (14, 16), (6, 17), (8, 9), (10, 15), (15, 16), (13, 17), (14, 16), (15, 16), (1, 18), (2, 3), (2, 6), (4, 6), (3, 7), (4, 5), (6, 7), (8, 12), (9, 10), (8, 11), (6, 13), (8, 10), (9, 10), (9, 16), (11, 12), (13, 14), (14, 15), (12, 16), (10, 17), (11, 13), (12, 13), (14, 15), (14, 16), (15, 16), (16, 17), (0, 18), (2, 3), (1, 4), (2, 3), (6, 7), (2, 11), (3, 4), (3, 5), (4, 5), (4, 6), (8, 11), (9, 10), (9, 11), (6, 12), (7, 10), (6, 13), (7, 8), (9, 10), (10, 11), (12, 14), (0, 15), (1, 5), (2, 3), (2, 4), (3, 5), (2, 6), (12, 15), (7, 17), (12, 13), (8, 14), (9, 10), (10, 11), (11, 12), (11, 13), (13, 15), (14, 15), (14, 16), (1, 17), (3, 4), (4, 5), (14, 17), (3, 18), (0, 6), (1, 2), (3, 4), (7, 8), (7, 11), (8, 9), (8, 10), (3, 11), (4, 5), (12, 17), (0, 18), (1, 2), (1, 4), (2, 4), (4, 5), (3, 6), (5, 6), (7, 8), (10, 11), (9, 12), (10, 11), (11, 12), (13, 14), (13, 15), (9, 16), (11, 13), (12, 13), (16, 17), (7, 18), (10, 11), (7, 12), (11, 12), (6, 13), (11, 13), (9, 14), (3, 9), (2, 3), (1, 2), (2, 3), (6, 7), (11, 12), (11, 14), (12, 13), (12, 14), (13, 14), (12, 16), (13, 14), (14, 15), (1, 17), (3, 4), (3, 5), (3, 7), (4, 7), (6, 7), (5, 8), (7, 8), (5, 13), (8, 12), (9, 10), (9, 13), (10, 12), (10, 13), (10, 14), (13, 15), (14, 16), (9, 17), (16, 17), (5, 18), (7, 8), (5, 9), (8, 9), (1, 10), (2, 6), (6, 7), (7, 8), (6, 12), (2, 8), (4, 7), (6, 8), (7, 8), (12, 14), (13, 14), (14, 15), (7, 16), (0, 10), (4, 5), (5, 9), (3, 9), (8, 9), (11, 12), (11, 15), (12, 14), (13, 16), (5, 18), (4, 6), (5, 6), (1, 7), (2, 3), (3, 5), (4, 6), (5, 6), (10, 12), (8, 13), (12, 14), (13, 14), (15, 16), (4, 17), (5, 6), (11, 13), (12, 13), (12, 16), (15, 17), (16, 17), (9, 18), (5, 11), (1, 5), (0, 1), (1, 2), (4, 8), (5, 7), (6, 7), (6, 11), (9, 11), (10, 11), (8, 14), (9, 10), (9, 11), (1, 16), (2, 3), (1, 5), (4, 5), (9, 10), (1, 12), (9, 11), (11, 12), (4, 15), (5, 6), (9, 11), (10, 11), (7, 12), (8, 9), (9, 10), (11, 12), (8, 13), (14, 15), (11, 17), (2, 18), (3, 4), (4, 5), (6, 8), (9, 13), (5, 14), (13, 14), (13, 15), (0, 16), (1, 2), (3, 4), (4, 5), (6, 11), (10, 11), (9, 13), (13, 16), (14, 16), (4, 17), (4, 8), (7, 9), (8, 10), (9, 10), (11, 12), (8, 13), (14, 15), (11, 16), (8, 15), (13, 15), (7, 18), (0, 9), (1, 2), (1, 4), (2, 3), (2, 5), (3, 7), (6, 7), (4, 8), (5, 9), (8, 10), (9, 12), (4, 12), (6, 7), (8, 10), (5, 14), (6, 7), (8, 9), (10, 12), (11, 12), (10, 13), (2, 15), (4, 5), (5, 6), (0, 7), (1, 3), (2, 3), (8, 12), (9, 12), (10, 11), (10, 12), (2, 13), (3, 7), (4, 7), (7, 9), (8, 9), (3, 10), (5, 6), (6, 7), (7, 8), (10, 11), (11, 14), (6, 15), (3, 11), (4, 7), (5, 6), (4, 12), (5, 6), (7, 9), (7, 10), (9, 11), (14, 15), (2, 16), (4, 5), (6, 8), (7, 8), (9, 10), (5, 13), (7, 9), (8, 9), (13, 14), (12, 16), (11, 13), (6, 11), (8, 11), (9, 10), (12, 13), (0, 17), (1, 3), (3, 4), (5, 7), (6, 7), (6, 8), (9, 10), (4, 13), (5, 6), (8, 9), (7, 10), (8, 10), (9, 10), (8, 11), (10, 14), (13, 14), (14, 16), (12, 15), (7, 12), (9, 10), (8, 12), (9, 10), (13, 15), (9, 15), (1, 17), (3, 5), (4, 5), (6, 7), (6, 8), (9, 11), (10, 11), (12, 14), (13, 14), (14, 15), (12, 16), (1, 18), (3, 4), (5, 6), (6, 7), (7, 8), (3, 12), (7, 8), (5, 13), (7, 10), (8, 10), (14, 15), (12, 16), (13, 17), (16, 17), (5, 18), (6, 7), (4, 9), (5, 6), (8, 9), (10, 12), (11, 12), (6, 13), (9, 10), (4, 13), (6, 7), (0, 7), (1, 5), (2, 6), (4, 7), (3, 6), (3, 7), (5, 6), (5, 8), (6, 7), (9, 11), (6, 14), (7, 8), (14, 15), (7, 16), (8, 9), (11, 12), (10, 16), (13, 14), (10, 17), (3, 19), (3, 7), (3, 11), (4, 7), (5, 7), (9, 10), (7, 12), (10, 14), (11, 12), (8, 15), (9, 10), (12, 13), (14, 15), (11, 16), (3, 11), (5, 7), (7, 8), (3, 12), (7, 8), (2, 14), (3, 4), (4, 5), (6, 7), (7, 14), (10, 11), (12, 13), (9, 15), (10, 16), (8, 15), (10, 11), (14, 15), (12, 16), (13, 14), (13, 16), (13, 16), (5, 18), (7, 8), (8, 9), (9, 10), (10, 12), (0, 12), (2, 3), (3, 4), (4, 6), (5, 7), (10, 11), (8, 13), (9, 10), (14, 17), (15, 16), (15, 17), (0, 19), (10, 11), (10, 12), (8, 16), (11, 12), (13, 14), (2, 17), (6, 9), (8, 9), (5, 10), (8, 9), (7, 10), (8, 9), (3, 12), (8, 10), (12, 13), (6, 15), (7, 8), (7, 9), (7, 10), (12, 13), (14, 15), (14, 17), (16, 17), (12, 18), (4, 16), (5, 6), (6, 11), (7, 11), (8, 10), (9, 10), (8, 14), (11, 13), (12, 13), (10, 14), (6, 17), (8, 9), (9, 10), (16, 17), (14, 18), (15, 16), (0, 19), (7, 8), (9, 10), (8, 12), (5, 12), (8, 9), (5, 13), (8, 11), (7, 16), (9, 10), (8, 11), (9, 10), (10, 11), (15, 16), (8, 17), (8, 10), (12, 14), (12, 15), (14, 17), (14, 17), (17, 18), (2, 19), (3, 4), (3, 5), (5, 6), (5, 7), (2, 9), (1, 10), (5, 6), (7, 8), (8, 9), (9, 10), (12, 13), (11, 14), (12, 13), (13, 14), (14, 15), (2, 19), (3, 4), (2, 5), (1, 11), (2, 4), (4, 5), (5, 6), (11, 12), (12, 13), (14, 16), (7, 17), (6, 9), (5, 13), (6, 8), (8, 9), (12, 13), (1, 14), (2, 3), (6, 8), (13, 14), (9, 15), (15, 16), (9, 17), (11, 12), (13, 14), (15, 16), (2, 19), (7, 12), (9, 11), (10, 12), (10, 13), (11, 12), (6, 14), (13, 15), (4, 16), (7, 8), (8, 9), (9, 13), (10, 11), (11, 12), (11, 13), (13, 15), (9, 18), (10, 11), (13, 14), (17, 18), (5, 19), (6, 8), (5, 12), (8, 9), (10, 14), (11, 12), (13, 14), (1, 15), (4, 5), (4, 6), (6, 7), (7, 8), (9, 10), (12, 13), (9, 15), (12, 13), (2, 17), (3, 4), (7, 10), (7, 10), (11, 14), (15, 16), (4, 17), (5, 6), (5, 7), (6, 8), (7, 9), (8, 10), (9, 11), (11, 13), (12, 13), (13, 14), (3, 15), (5, 6), (11, 12), (9, 14), (15, 16), (12, 17), (15, 16), (16, 18), (10, 19), (7, 10), (5, 7), (1, 5), (5, 6), (8, 9), (10, 11), (11, 12), (5, 13), (8, 10), (9, 10), (3, 11), (5, 6), (10, 12), (11, 12), (12, 13), (3, 14), (6, 7), (8, 10), (8, 10), (11, 13), (12, 13), (15, 16), (5, 17), (7, 8), (9, 10), (7, 12), (9, 13), (13, 14), (14, 17), (13, 17), (4, 19), (8, 10), (2, 11), (4, 5), (9, 12), (9, 11), (14, 17), (15, 17), (15, 17), (6, 19), (7, 10), (8, 10), (9, 10), (9, 11), (8, 12), (9, 10), (11, 13), (12, 13), (3, 17), (4, 5), (5, 7), (7, 8), (11, 12), (7, 18), (9, 12), (14, 15), (0, 19), (1, 2), (2, 3), (6, 7), (8, 10), (4, 10), (5, 6), (6, 9), (7, 10), (9, 10), (5, 11), (6, 7), (2, 12), (5, 6), (7, 8), (4, 13), (5, 6), (7, 8), (12, 13), (11, 14), (13, 14), (0, 15), (1, 3), (1, 5), (11, 12), (12, 14), (13, 14), (0, 15), (3, 4), (5, 6), (7, 10), (7, 11), (8, 9), (12, 14), (13, 14), (5, 16), (1, 17), (7, 9), (5, 10), (11, 12), (10, 12), (11, 12), (12, 13), (10, 14), (2, 15), (3, 16), (4, 8), (5, 9), (6, 10), (7, 11)]
