results/potlll/ndim30seed2cnt1000dim30delta0.98999995.txt: 1268.780 sec
b: [[1, 0, 0, 0, 0, ..., 0, 0, 0, 0, 0],
 [0, 0, 0, 0, 0, ..., 0, 0, 0, 0, 0],
 [0, 0, 0, 0, 1, ..., 0, 0, 0, 0, 0],
 [0, 0, 0, 0, 0, ..., 0, 0, 0, 0, 0],
 [0, 0, 0, 0, 0, ..., 0, 0, 1, 0, 0],
 ...,
 [0, 0, 0, 0, 0, ..., 0, 0, 0, 0, 0],
 [0, 0, 0, 0, 0, ..., 0, 0, 0, 0, 0],
 [0, 0, 0, 0, 0, ..., 0, 0, 0, 0, 0],
 [0, 0, 0, 0, 0, ..., 0, 0, 0, 0, 0],
 [0, 0, 0, 0, 0, ..., 0, 0, 0, 0, 0]], shape=[30, 30], strides=[30, 1], layout=Cc (0x5), const ndim=2
v_norms: [1, 1, 1, 1, 1, 1, 1, 1, 1, 1, 1, 1, 1, 1, 1, 1, 1, 1, 1, 1, 1, 1, 1, 1, 1, 1, 1, 1, 1, 1], shape=[30], strides=[1], layout=CFcf (0xf), const ndim=1
Mu { arr: [0, 0, 0, 0, 0, 0, 0, 0, 0, 0, 0, 0, 0, 0, 0, 0, 0, 0, 0, 0, 0, 0, 0, 0, 0, 0, 0, 0, 0, 0, 0, 0, 0, 0, 0, 0, 0, 0, 0, 0, 0, 0, 0, 0, 0, 0, 0, 0, 0, 0, 0, 0, 0, 0, 0, 0, 0, 0, 0, 0, 0, 0, 0, 0, 0, 0, 0, 0, 0, 0, 0, 0, 0, 0, 0, 0, 0, 0, 0, 0, 0, 0, 0, 0, 0, 0, 0, 0, 0, 0, 0, 0, 0, 0, 0, 0, 0, 0, 0, 0, 0, 0, 0, 0, 0, 0, 0, 0, 0, 0, 0, 0, 0, 0, 0, 0, 0, 0, 0, 0, 0, 0, 0, 0, 0, 0, 0, 0, 0, 0, 0, 0, 0, 0, 0, 0, 0, 0, 0, 0, 0, 0, 0, 0, 0, 0, 0, 0, 0, 0, 0, 0, 0, 0, 0, 0, 0, 0, 0, 0, 0, 0, 0, 0, 0, 0, 0, 0, 0, 0, 0, 0, 0, 0, 0, 0, 0, 0, 0, 0, 0, 0, 0, 0, 0, 0, 0, 0, 0, 0, 0, 0, 0, 0, 0, 0, 0, 0, 0, 0, 0, 0, 0, 0, 0, 0, 0, 0, 0, 0, 0, 0, 0, 0, 0, 0, 0, 0, 0, 0, 0, 0, 0, 0, 0, 0, 0, 0, 0, 0, 0, 0, 0, 0, 0, 0, 0, 0, 0, 0, 0, 0, 0, 0, 0, 0, 0, 0, 0, 0, 0, 0, 0, 0, 0, 0, 0, 0, 0, 0, 0, 0, 0, 0, 0, 0, 0, 0, 0, 0, 0, 0, 0, 0, 0, 0, 0, 0, 0, 0, 0, 0, 0, 0, 0, 0, 0, 0, 0, 0, 0, 0, 0, 0, 0, 0, 0, 0, 0, 0, 0, 0, 0, 0, 0, 0, 0, 0, 0, 0, 0, 0, 0, 0, 0, 0, 0, 0, 0, 0, 0, 0, 0, 0, 0, 0, 0, 0, 0, 0, 0, 0, 0, 0, 0, 0, 0, 0, 0, 0, 0, 0, 0, 0, 0, 0, 0, 0, 0, 0, 0, 0, 0, 0, 0, 0, 0, 0, 0, 0, 0, 0, 0, 0, 0, 0, 0, 0, 0, 0, 0, 0, 0, 0, 0, 0, 0, 0, 0, 0, 0, 0, 0, 0, 0, 0, 0, 0, 0, 0, 0, 0, 0, 0, 0, 0, 0, 0, 0, 0, 0, 0, 0, 0, 0, 0, 0, 0, 0, 0, 0, 0, 0, 0, 0, 0, 0, 0, 0, 0, 0, 0, 0, 0, 0, 0, 0, 0, 0, 0, 0, 0, 0, 0, 0] }
(hist.len, cnt): (5046, 23240)
[(0, 1), (1, 2), (0, 2), (0, 3), (1, 4), (2, 4), (1, 5), (1, 4), (0, 5), (1, 5), (0, 6), (1, 2), (3, 4), (1, 6), (2, 4), (3, 4), (0, 6), (3, 4), (2, 5), (5, 6), (0, 7), (3, 4), (1, 7), (4, 5), (4, 6), (5, 6), (0, 7), (1, 2), (4, 5), (3, 7), (1, 8), (2, 3), (3, 5), (2, 6), (0, 7), (3, 5), (4, 6), (0, 8), (1, 4), (5, 6), (4, 7), (3, 6), (4, 5), (3, 8), (4, 5), (1, 6), (4, 5), (2, 7), (1, 4), (0, 8), (3, 4), (0, 5), (5, 7), (7, 8), (0, 9), (1, 8), (2, 4), (3, 5), (2, 7), (5, 7), (6, 7), (4, 8), (0, 9), (1, 3), (0, 4), (0, 5), (1, 4), (2, 3), (4, 5), (3, 7), (0, 8), (1, 4), (2, 5), (5, 6), (3, 9), (5, 6), (2, 7), (5, 8), (7, 8), (0, 10), (1, 3), (2, 3), (0, 4), (2, 5), (3, 5), (4, 5), (2, 8), (3, 4), (2, 8), (6, 7), (0, 10), (1, 2), (2, 3), (3, 5), (6, 7), (7, 9), (4, 10), (5, 6), (8, 9), (9, 10), (0, 11), (2, 7), (1, 8), (6, 7), (4, 9), (5, 6), (4, 11), (3, 6), (4, 5), (2, 8), (4, 6), (0, 9), (1, 4), (3, 7), (4, 5), (4, 6), (5, 6), (4, 7), (6, 8), (0, 10), (1, 2), (3, 4), (3, 6), (4, 5), (2, 7), (7, 8), (8, 9), (3, 11), (1, 7), (6, 8), (7, 8), (0, 11), (1, 4), (2, 5), (3, 6), (4, 6), (3, 9), (0, 10), (2, 4), (3, 4), (1, 11), (9, 10), (0, 12), (3, 6), (3, 7), (4, 5), (6, 7), (8, 9), (6, 10), (1, 12), (3, 4), (3, 5), (4, 5), (5, 6), (3, 7), (9, 10), (9, 11), (1, 12), (4, 7), (6, 8), (8, 10), (6, 11), (2, 12), (3, 6), (4, 7), (6, 8), (6, 10), (8, 10), (8, 11), (9, 10), (0, 13), (1, 2), (1, 3), (4, 6), (5, 7), (4, 8), (6, 7), (7, 8), (9, 11), (10, 11), (11, 12), (0, 13), (5, 6), (1, 7), (0, 8), (1, 8), (0, 9), (2, 5), (6, 7), (10, 11), (10, 12), (2, 13), (4, 5), (5, 6), (6, 8), (7, 12), (9, 11), (10, 11), (8, 12), (0, 13), (5, 6), (7, 10), (8, 9), (9, 10), (6, 11), (8, 9), (9, 10), (0, 12), (1, 2), (3, 6), (5, 6), (6, 7), (7, 9), (3, 10), (5, 6), (6, 7), (4, 8), (5, 6), (6, 7), (11, 12), (4, 13), (0, 5), (1, 4), (3, 4), (3, 5), (8, 9), (0, 10), (5, 7), (11, 12), (0, 14), (2, 3), (2, 4), (3, 7), (8, 9), (4, 10), (6, 7), (0, 12), (4, 5), (5, 6), (3, 7), (10, 11), (7, 12), (2, 13), (2, 4), (5, 7), (8, 9), (12, 13), (6, 14), (4, 9), (7, 12), (10, 11), (4, 13), (7, 8), (9, 10), (1, 14), (3, 4), (0, 5), (1, 6), (4, 5), (6, 10), (7, 8), (0, 12), (2, 3), (0, 5), (3, 4), (8, 13), (5, 11), (6, 7), (7, 8), (8, 9), (9, 10), (8, 12), (10, 12), (1, 14), (1, 3), (3, 4), (7, 8), (5, 9), (7, 9), (9, 11), (10, 11), (0, 14), (1, 3), (2, 3), (3, 5), (5, 8), (7, 8), (1, 10), (5, 6), (7, 9), (9, 12), (12, 13), (4, 14), (9, 11), (10, 11), (2, 15), (3, 6), (9, 10), (10, 12), (0, 13), (1, 2), (4, 10), (8, 9), (7, 11), (9, 10), (9, 11), (10, 11), (10, 12), (4, 13), (6, 8), (7, 8), (7, 9), (8, 10), (2, 15), (3, 4), (5, 6), (3, 11), (4, 5), (9, 11), (2, 12), (4, 6), (5, 8), (5, 14), (6, 7), (9, 10), (11, 13), (12, 13), (1, 14), (5, 6), (3, 7), (4, 5), (4, 7), (12, 13), (8, 15), (9, 10), (10, 12), (9, 13), (14, 15), (7, 16), (2, 8), (4, 5), (6, 8), (6, 8), (7, 9), (11, 13), (12, 13), (13, 14), (0, 16), (2, 6), (7, 8), (0, 11), (3, 4), (3, 6), (5, 6), (6, 7), (7, 9), (3, 12), (4, 5), (4, 6), (6, 9), (11, 12), (7, 13), (12, 14), (13, 15), (0, 16), (3, 5), (0, 6), (3, 5), (4, 5), (3, 6), (4, 10), (5, 6), (7, 10), (8, 9), (8, 10), (0, 11), (1, 7), (5, 7), (8, 9), (10, 12), (0, 14), (3, 4), (5, 6), (6, 8), (1, 11), (5, 6), (10, 11), (7, 13), (4, 14), (7, 8), (5, 14), (7, 8), (9, 10), (11, 13), (11, 14), (1, 16), (7, 8), (9, 10), (7, 11), (9, 10), (10, 11), (12, 13), (13, 14), (0, 15), (1, 2), (3, 5), (4, 5), (9, 10), (8, 11), (8, 12), (14, 15), (1, 16), (2, 5), (4, 5), (6, 7), (5, 8), (6, 7), (3, 9), (4, 5), (6, 7), (9, 10), (10, 11), (11, 12), (11, 13), (6, 14), (4, 8), (5, 7), (6, 7), (5, 9), (5, 10), (8, 9), (5, 11), (10, 11), (3, 12), (4, 7), (5, 6), (6, 7), (10, 11), (9, 11), (10, 11), (9, 13), (10, 12), (11, 12), (11, 14), (12, 13), (7, 15), (9, 10), (11, 12), (11, 14), (1, 16), (3, 4), (5, 7), (6, 9), (7, 9), (10, 12), (10, 12), (10, 13), (10, 13), (2, 14), (3, 4), (3, 5), (0, 10), (8, 10), (1, 15), (2, 4), (3, 5), (9, 11), (10, 11), (12, 13), (12, 14), (4, 16), (5, 6), (6, 7), (9, 10), (3, 11), (9, 10), (10, 11), (9, 12), (10, 11), (12, 13), (0, 14), (6, 10), (7, 8), (8, 9), (9, 10), (10, 11), (1, 12), (2, 5), (3, 6), (8, 9), (8, 11), (9, 10), (15, 16), (3, 17), (5, 8), (7, 10), (8, 10), (9, 10), (8, 12), (10, 12), (11, 12), (1, 13), (2, 4), (4, 5), (5, 6), (7, 14), (8, 11), (8, 10), (10, 11), (12, 14), (2, 16), (4, 5), (3, 5), (4, 5), (11, 12), (6, 13), (8, 9), (3, 16), (8, 9), (9, 10), (13, 15), (14, 15), (0, 17), (7, 10), (9, 12), (1, 13), (3, 4), (6, 7), (7, 8), (10, 15), (11, 13), (12, 13), (14, 15), (6, 16), (3, 7), (5, 7), (6, 7), (7, 8), (1, 9), (3, 4), (4, 5), (5, 6), (6, 7), (7, 8), (2, 11), (14, 15), (0, 17), (3, 4), (3, 6), (4, 6), (6, 7), (7, 8), (7, 9), (7, 10), (8, 13), (12, 13), (14, 15), (1, 16), (2, 3), (5, 6), (2, 7), (6, 7), (6, 8), (7, 8), (11, 13), (15, 16), (0, 17), (5, 6), (6, 7), (7, 8), (6, 9), (7, 8), (5, 11), (7, 10), (7, 12), (2, 10), (6, 8), (7, 8), (9, 10), (1, 15), (5, 8), (7, 8), (9, 10), (4, 13), (8, 9), (6, 13), (7, 9), (7, 13), (11, 12), (11, 13), (8, 14), (3, 10), (4, 7), (5, 8), (7, 9), (7, 9), (6, 14), (10, 14), (11, 12), (13, 14), (13, 15), (0, 16), (8, 11), (9, 12), (11, 13), (14, 15), (15, 16), (2, 17), (3, 5), (5, 6), (5, 9), (6, 7), (9, 15), (11, 14), (12, 13), (6, 16), (5, 9), (6, 7), (8, 9), (9, 10), (10, 11), (12, 14), (8, 15), (9, 10), (11, 12), (7, 13), (8, 9), (9, 10), (10, 11), (13, 14), (10, 17), (8, 15), (9, 10), (9, 11), (13, 14), (13, 15), (13, 16), (1, 18), (4, 5), (5, 9), (6, 7), (7, 9), (8, 10), (9, 10), (2, 11), (3, 5), (6, 12), (3, 8), (4, 5), (6, 7), (12, 13), (6, 14), (11, 12), (12, 14), (0, 18), (2, 3), (1, 5), (2, 7), (3, 5), (4, 5), (5, 7), (7, 8), (6, 9), (1, 10), (5, 6), (10, 11), (2, 12), (4, 5), (4, 9), (11, 16), (13, 18), (9, 14), (11, 12), (13, 14), (10, 14), (12, 14), (13, 14), (7, 15), (10, 11), (12, 14), (13, 14), (14, 15), (3, 16), (6, 7), (9, 11), (10, 12), (14, 15), (6, 18), (7, 8), (7, 9), (2, 10), (6, 7), (7, 8), (7, 9), (9, 11), (10, 11), (10, 13), (12, 13), (13, 14), (14, 15), (15, 16), (8, 17), (9, 10), (16, 17), (4, 18), (10, 11), (9, 12), (10, 11), (13, 14), (15, 17), (0, 18), (2, 4), (3, 6), (11, 12), (7, 13), (8, 9), (6, 10), (3, 11), (10, 12), (12, 13), (4, 15), (4, 6), (11, 12), (3, 13), (7, 8), (8, 9), (8, 10), (9, 11), (11, 12), (7, 13), (8, 11), (13, 14), (13, 15), (0, 16), (1, 2), (3, 11), (4, 6), (7, 8), (8, 9), (5, 10), (7, 9), (11, 12), (9, 13), (11, 12), (14, 15), (16, 17), (4, 18), (5, 6), (0, 7), (3, 4), (5, 6), (1, 9), (4, 5), (2, 6), (4, 5), (4, 8), (5, 6), (5, 8), (6, 7), (6, 8), (3, 10), (0, 5), (1, 4), (2, 3), (4, 5), (6, 7), (9, 11), (3, 13), (8, 10), (6, 10), (7, 9), (8, 9), (4, 11), (5, 6), (4, 13), (10, 11), (11, 12), (0, 16), (3, 4), (2, 13), (7, 9), (8, 9), (10, 11), (14, 15), (10, 16), (14, 15), (2, 16), (5, 6), (6, 7), (10, 11), (13, 14), (10, 17), (12, 14), (13, 14), (13, 16), (14, 16), (16, 17), (0, 18), (0, 2), (9, 10), (8, 11), (9, 11), (10, 11), (9, 12), (10, 11), (12, 13), (12, 14), (9, 16), (10, 11), (3, 17), (4, 5), (5, 6), (6, 7), (7, 10), (8, 10), (9, 10), (3, 11), (8, 9), (10, 11), (13, 16), (14, 16), (16, 17), (1, 18), (2, 3), (4, 5), (6, 9), (7, 8), (7, 9), (7, 10), (8, 9), (10, 11), (11, 12), (12, 13), (7, 14), (9, 13), (10, 11), (10, 13), (11, 15), (13, 14), (0, 19), (1, 2), (3, 7), (4, 5), (6, 7), (6, 11), (7, 8), (6, 9), (9, 10), (10, 11), (11, 14), (12, 13), (4, 15), (9, 12), (10, 11), (11, 13), (12, 13), (3, 15), (5, 7), (10, 12), (10, 12), (9, 14), (4, 16), (6, 9), (7, 8), (7, 9), (12, 13), (10, 17), (11, 12), (13, 16), (14, 15), (14, 16), (0, 18), (1, 2), (4, 5), (5, 6), (0, 7), (2, 4), (2, 4), (7, 8), (7, 11), (9, 10), (8, 11), (10, 11), (8, 13), (13, 14), (15, 16), (5, 18), (5, 10), (6, 7), (6, 12), (11, 12), (13, 16), (5, 17), (8, 9), (10, 11), (6, 15), (11, 13), (14, 15), (5, 16), (6, 7), (13, 14), (16, 17), (8, 18), (10, 11), (8, 13), (9, 11), (10, 11), (9, 13), (13, 14), (14, 15), (0, 18), (5, 6), (1, 7), (3, 5), (4, 5), (4, 6), (4, 10), (5, 7), (6, 7), (8, 10), (16, 17), (4, 19), (0, 10), (12, 14), (13, 14), (8, 15), (9, 10), (10, 12), (12, 16), (13, 14), (14, 15), (15, 16), (13, 17), (14, 17), (8, 19), (9, 10), (7, 12), (8, 9), (11, 12), (3, 13), (5, 7), (3, 8), (5, 6), (6, 7), (7, 8), (5, 9), (7, 8), (9, 10), (5, 11), (11, 12), (12, 13), (13, 14), (0, 15), (1, 3), (5, 8), (7, 8), (1, 9), (2, 3), (4, 8), (5, 7), (6, 7), (0, 11), (8, 10), (9, 10), (6, 11), (9, 11), (10, 11), (9, 14), (10, 11), (10, 14), (11, 13), (12, 14), (12, 16), (13, 14), (16, 17), (16, 18), (11, 19), (12, 13), (1, 14), (2, 3), (5, 6), (7, 12), (8, 10), (9, 10), (9, 11), (10, 12), (12, 13), (12, 14), (13, 14), (11, 15), (4, 17), (5, 6), (12, 13), (14, 16), (15, 16), (10, 18), (4, 19), (6, 8), (4, 11), (10, 11), (9, 12), (11, 12), (9, 14), (12, 13), (11, 14), (9, 15), (9, 11), (5, 9), (4, 5), (8, 9), (9, 10), (13, 14), (12, 16), (12, 16), (13, 14), (8, 18), (3, 9), (1, 3), (2, 3), (5, 6), (7, 9), (4, 9), (5, 6), (6, 7), (4, 8), (14, 16), (15, 16), (0, 19), (1, 2), (1, 3), (7, 8), (7, 10), (8, 9), (9, 10), (7, 11), (8, 9), (9, 10), (1, 12), (4, 7), (6, 7), (2, 9), (3, 5), (6, 8), (5, 8), (6, 7), (3, 9), (8, 10), (9, 11), (11, 12), (12, 13), (13, 14), (12, 15), (13, 14), (14, 18), (15, 16), (8, 17), (15, 18), (16, 17), (5, 19), (1, 8), (2, 4), (3, 4), (4, 5), (3, 6), (4, 5), (4, 6), (5, 6), (3, 8), (4, 5), (7, 8), (3, 9), (5, 9), (7, 8), (9, 10), (12, 18), (12, 18), (14, 18), (16, 18), (15, 19), (17, 18), (5, 20), (6, 7), (0, 8), (1, 2), (9, 11), (1, 12), (3, 4), (8, 9), (9, 10), (10, 11), (0, 13), (9, 13), (12, 15), (4, 17), (7, 8), (6, 9), (7, 8), (8, 10), (9, 13), (11, 12), (10, 13), (11, 13), (13, 18), (4, 19), (8, 14), (8, 14), (10, 15), (7, 16), (9, 10), (13, 15), (14, 15), (15, 16), (15, 17), (16, 17), (14, 18), (16, 18), (8, 19), (11, 13), (12, 13), (13, 15), (14, 15), (14, 16), (15, 17), (16, 18), (17, 19), (0, 20), (2, 3), (3, 8), (5, 9), (8, 9), (4, 12), (5, 6), (7, 12), (8, 9), (8, 10), (11, 12), (3, 13), (4, 5), (10, 11), (10, 12), (11, 13), (12, 14), (9, 15), (11, 12), (14, 15), (10, 18), (2, 12), (0, 2), (3, 8), (4, 6), (5, 8), (6, 13), (11, 12), (12, 13), (4, 14), (5, 6), (8, 10), (15, 18), (16, 17), (8, 18), (10, 12), (9, 13), (13, 14), (14, 15), (13, 16), (13, 17), (14, 15), (8, 19), (12, 13), (11, 14), (0, 15), (10, 11), (15, 16), (17, 18), (6, 20), (7, 9), (7, 9), (3, 10), (1, 11), (4, 5), (6, 7), (11, 12), (13, 15), (14, 15), (10, 16), (14, 17), (4, 20), (5, 7), (6, 8), (7, 8), (7, 9), (8, 9), (6, 11), (9, 11), (12, 14), (9, 15), (11, 12), (13, 16), (14, 15), (13, 16), (1, 17), (3, 4), (3, 5), (5, 6), (6, 7), (5, 8), (8, 9), (9, 11), (12, 13), (3, 18), (2, 3), (4, 6), (5, 6), (3, 7), (4, 8), (7, 8), (5, 10), (6, 8), (7, 8), (7, 13), (8, 9), (10, 12), (11, 12), (5, 13), (6, 8), (9, 10), (2, 14), (3, 8), (4, 8), (6, 8), (10, 12), (4, 13), (10, 12), (11, 13), (14, 19), (3, 20), (1, 4), (2, 4), (3, 4), (0, 5), (6, 8), (6, 11), (7, 8), (2, 12), (12, 13), (16, 17), (11, 18), (14, 15), (16, 17), (2, 20), (3, 4), (6, 7), (8, 10), (1, 12), (4, 5), (6, 7), (7, 8), (6, 15), (6, 15), (9, 11), (14, 15), (4, 16), (2, 4), (3, 4), (5, 10), (6, 8), (8, 9), (9, 11), (11, 15), (13, 15), (10, 16), (11, 12), (11, 13), (15, 16), (8, 17), (2, 14), (4, 9), (8, 9), (5, 10), (12, 14), (14, 16), (0, 17), (1, 2), (2, 4), (13, 14), (14, 15), (4, 19), (5, 7), (6, 7), (5, 8), (9, 10), (11, 13), (12, 13), (12, 17), (13, 14), (13, 15), (5, 21), (7, 8), (6, 11), (7, 11), (9, 11), (7, 12), (10, 11), (15, 16), (14, 18), (16, 17), (8, 19), (10, 13), (11, 12), (11, 18), (12, 13), (12, 14), (15, 16), (12, 17), (0, 21), (0, 2), (6, 7), (8, 9), (8, 11), (11, 15), (12, 13), (14, 15), (6, 16), (3, 17), (5, 8), (11, 12), (17, 18), (15, 19), (17, 18), (18, 19), (0, 21), (0, 2), (3, 6), (4, 5), (8, 9), (13, 14), (13, 15), (15, 16), (14, 18), (15, 17), (0, 20), (1, 2), (9, 11), (7, 12), (8, 10), (11, 12), (9, 13), (12, 14), (11, 15), (13, 14), (13, 16), (14, 15), (12, 17), (14, 16), (15, 16), (15, 17), (6, 18), (9, 11), (10, 11), (10, 14), (14, 15), (0, 16), (2, 3), (9, 10), (6, 13), (10, 11), (12, 14), (14, 15), (14, 16), (18, 19), (12, 20), (10, 12), (9, 10), (8, 9), (4, 8), (0, 4), (7, 8), (9, 10), (14, 15), (11, 16), (12, 13), (16, 17), (17, 18), (16, 19), (16, 20), (19, 20), (2, 21), (4, 6), (5, 6), (7, 8), (7, 9), (8, 9), (6, 10), (7, 12), (9, 11), (10, 11), (10, 12), (12, 13), (12, 15), (14, 15), (11, 16), (12, 13), (2, 14), (9, 11), (10, 11), (10, 12), (10, 13), (13, 14), (14, 16), (15, 16), (13, 17), (12, 13), (10, 12), (9, 10), (11, 12), (15, 16), (6, 17), (8, 9), (11, 12), (8, 14), (9, 12), (10, 12), (9, 13), (15, 17), (0, 18), (2, 5), (12, 13), (16, 17), (10, 19), (11, 12), (11, 15), (14, 15), (12, 15), (14, 15), (15, 16), (16, 17), (17, 18), (18, 19), (19, 20), (0, 21), (1, 2), (7, 8), (0, 10), (2, 3), (5, 6), (6, 7), (7, 8), (5, 9), (8, 9), (11, 12), (9, 15), (10, 12), (4, 12), (8, 11), (9, 10), (9, 11), (10, 11), (19, 20), (7, 21), (9, 12), (10, 11), (14, 15), (14, 16), (16, 19), (14, 17), (15, 17), (0, 20), (2, 3), (2, 4), (5, 6), (11, 12), (12, 14), (10, 15), (13, 15), (13, 15), (14, 15), (11, 17), (14, 16), (15, 16), (15, 17), (2, 18), (3, 4), (3, 5), (7, 8), (8, 9), (2, 10), (4, 5), (3, 8), (10, 11), (11, 12), (11, 13), (13, 14), (13, 15), (14, 15), (11, 17), (15, 16), (9, 17), (11, 12), (18, 19), (11, 20), (15, 16), (14, 17), (9, 21), (10, 11), (14, 16), (3, 19), (6, 7), (9, 11), (10, 11), (0, 12), (3, 4), (6, 12), (15, 17), (14, 20), (15, 16), (15, 17), (19, 20), (7, 22), (8, 9), (7, 11), (12, 13), (12, 14), (14, 15), (10, 16), (11, 13), (12, 13), (12, 14), (13, 14), (13, 15), (14, 15), (15, 17), (14, 18), (15, 16), (16, 17), (11, 19), (13, 14), (14, 15), (2, 21), (3, 4), (6, 7), (7, 8), (9, 10), (15, 20), (17, 20), (19, 20), (17, 21), (18, 19), (1, 22), (5, 6), (6, 7), (0, 9), (6, 9), (1, 14), (4, 5), (4, 6), (7, 8), (9, 10), (7, 15), (8, 9), (9, 12), (10, 11), (10, 12), (10, 13), (12, 13), (2, 15), (5, 8), (6, 9), (6, 11), (7, 9), (8, 10), (10, 11), (11, 13), (12, 13), (12, 14), (7, 15), (9, 10), (9, 13), (3, 16), (4, 11), (8, 14), (11, 12), (13, 14), (8, 17), (9, 12), (6, 13), (7, 10), (12, 14), (13, 15), (14, 15), (17, 18), (1, 19), (2, 3), (5, 9), (6, 8), (7, 8), (1, 20), (11, 13), (7, 15), (14, 15), (15, 16), (4, 21), (6, 7), (6, 9), (8, 10), (10, 11), (11, 12), (15, 16), (16, 17), (4, 18), (3, 6), (4, 5), (5, 6), (3, 7), (5, 6), (9, 12), (11, 12), (14, 15), (14, 16), (8, 19), (12, 17), (13, 14), (13, 17), (14, 17), (16, 17), (4, 20), (8, 10), (9, 10), (12, 15), (14, 15), (1, 21), (2, 3), (0, 7), (1, 3), (6, 7), (9, 11), (17, 19), (19, 21), (20, 21), (10, 22), (11, 12), (16, 19), (11, 20), (9, 12), (8, 9), (9, 12), (11, 12), (14, 15), (11, 16), (12, 18), (13, 14), (16, 17), (15, 18), (16, 17), (17, 19), (19, 20), (10, 22), (10, 13), (14, 16), (15, 16), (12, 18), (17, 18), (1, 19), (2, 4), (13, 14), (16, 17), (9, 18), (10, 11), (10, 14), (11, 15), (14, 15), (5, 18), (7, 8), (7, 9), (8, 10), (9, 10), (11, 12), (14, 15), (12, 18), (9, 18), (14, 15), (19, 20), (3, 21), (4, 6), (5, 7), (6, 8), (7, 8), (9, 11), (9, 12), (11, 16), (13, 14), (14, 15), (15, 16), (17, 18), (17, 19), (18, 19), (2, 22), (3, 4), (4, 5), (3, 6), (4, 5), (6, 7), (7, 8), (7, 9), (6, 10), (10, 11), (10, 12), (11, 13), (0, 13), (5, 8), (11, 12), (12, 13), (15, 17), (0, 16), (7, 12), (10, 11), (11, 12), (13, 16), (14, 15), (8, 19), (10, 11), (13, 19), (14, 16), (18, 19), (13, 20), (18, 21), (19, 21), (20, 21), (0, 22), (4, 8), (5, 6), (7, 9), (4, 10), (6, 7), (5, 8), (8, 10), (9, 10), (11, 12), (11, 16), (13, 14), (15, 16), (15, 17), (0, 18), (13, 14), (13, 15), (12, 17), (13, 14), (13, 16), (14, 15), (15, 16), (3, 18), (6, 7), (8, 14), (10, 14), (11, 12), (4, 16), (12, 13), (19, 21), (20, 21), (7, 23), (10, 11), (9, 12), (4, 13), (7, 9), (8, 9), (9, 10), (9, 11), (9, 14), (8, 11), (5, 15), (8, 9), (10, 11), (11, 12), (14, 16), (14, 18), (13, 15), (12, 13), (14, 15), (12, 18), (15, 17), (17, 18), (0, 19), (2, 3), (6, 8), (6, 8), (7, 8), (5, 13), (10, 11), (7, 13), (5, 10), (6, 8), (7, 10), (9, 10), (9, 12), (10, 12), (11, 12), (11, 13), (11, 14), (13, 14), (12, 15), (13, 14), (16, 17), (14, 19), (15, 18), (16, 17), (17, 18), (7, 20), (11, 12), (17, 20), (18, 19), (7, 21), (9, 12), (14, 16), (14, 16), (16, 17), (16, 19), (17, 18), (8, 22), (11, 14), (12, 14), (10, 15), (13, 14), (13, 16), (13, 17), (16, 17), (5, 19), (3, 9), (4, 5), (5, 6), (6, 7), (4, 8), (7, 14), (11, 12), (13, 14), (13, 16), (14, 16), (3, 17), (11, 12), (11, 14), (12, 14), (15, 17), (18, 19), (6, 20), (8, 10), (9, 10), (9, 12), (10, 11), (11, 12), (0, 13), (6, 10), (14, 15), (16, 18), (3, 18), (5, 7), (6, 7), (4, 9), (5, 8), (10, 11), (1, 17), (3, 4), (6, 7), (7, 8), (9, 13), (11, 14), (11, 15), (13, 16), (14, 17), (17, 18), (15, 19), (4, 22), (6, 7), (1, 8), (2, 5), (4, 5), (6, 7), (8, 10), (8, 12), (11, 13), (19, 22), (1, 23), (6, 7), (11, 13), (13, 14), (10, 16), (13, 15), (11, 16), (4, 15), (5, 6), (8, 11), (9, 11), (10, 11), (10, 12), (11, 12), (11, 13), (12, 13), (13, 15), (14, 15), (7, 16), (16, 17), (13, 19), (16, 19), (17, 18), (14, 20), (15, 16), (2, 22), (6, 8), (7, 8), (8, 10), (12, 15), (14, 15), (18, 19), (10, 22), (11, 12), (14, 15), (14, 16), (14, 18), (15, 18), (18, 19), (19, 20), (20, 21), (21, 22), (2, 23), (3, 4), (5, 7), (12, 13), (11, 14), (13, 14), (13, 18), (16, 17), (3, 20), (6, 7), (7, 8), (11, 13), (12, 13), (17, 18), (14, 19), (20, 21), (0, 23), (3, 4), (4, 5), (4, 7), (5, 8), (13, 14), (17, 18), (1, 19), (16, 17), (18, 20), (7, 21), (13, 14), (12, 16), (8, 14), (11, 13), (14, 15), (17, 18), (9, 22), (13, 14), (16, 17), (17, 19), (18, 19), (19, 20), (1, 23), (9, 11), (9, 12), (11, 12), (14, 16), (14, 17), (15, 16), (3, 20), (10, 12), (6, 13), (11, 12), (6, 14), (13, 14), (12, 20), (13, 17), (14, 20), (16, 17), (16, 18), (16, 20), (19, 20), (20, 21), (16, 20), (17, 18), (18, 19), (19, 20), (18, 21), (17, 23), (15, 19), (16, 17), (13, 20), (15, 16), (16, 17), (17, 18), (18, 21), (14, 20), (16, 21), (19, 20), (8, 22), (8, 11), (14, 16), (10, 19), (7, 12), (5, 7), (3, 5), (4, 5), (9, 10), (6, 11), (7, 8), (8, 9), (8, 10), (7, 11), (11, 12), (14, 15), (14, 16), (13, 16), (14, 15), (15, 17), (15, 19), (16, 17), (17, 18), (6, 20), (7, 8), (12, 13), (13, 14), (19, 20), (9, 21), (19, 21), (11, 23), (12, 16), (14, 17), (15, 17), (16, 17), (5, 18), (7, 11), (8, 11), (9, 11), (9, 11), (8, 12), (10, 11), (12, 13), (14, 18), (15, 19), (2, 17), (0, 2), (2, 9), (3, 4), (4, 5), (10, 12), (11, 12), (13, 15), (14, 15), (5, 16), (6, 7), (6, 8), (7, 9), (7, 14), (8, 10), (8, 11), (8, 14), (12, 13), (12, 14), (14, 15), (15, 17), (16, 18), (17, 18), (16, 19), (18, 20), (1, 21), (3, 4), (10, 11), (20, 22), (5, 23), (9, 10), (11, 12), (8, 14), (11, 12), (13, 14), (14, 15), (4, 16), (5, 6), (5, 7), (7, 8), (8, 9), (9, 10), (10, 11), (11, 13), (12, 13), (12, 14), (13, 15), (12, 16), (13, 14), (14, 20), (17, 18), (18, 20), (19, 20), (9, 22), (10, 12), (11, 14), (13, 14), (13, 16), (11, 14), (8, 11), (6, 8), (9, 10), (13, 14), (14, 16), (7, 18), (3, 12), (4, 9), (6, 7), (11, 12), (11, 13), (12, 14), (13, 15), (15, 16), (16, 17), (17, 18), (16, 20), (19, 20), (1, 21), (12, 13), (12, 16), (13, 14), (11, 16), (12, 13), (13, 14), (14, 16), (10, 23), (11, 19), (12, 13), (14, 15), (19, 20), (20, 21), (0, 23), (3, 4), (2, 5), (3, 4), (5, 6), (7, 9), (6, 9), (7, 8), (7, 9), (7, 10), (8, 9), (9, 10), (6, 11), (6, 8), (9, 12), (10, 13), (11, 14), (12, 14), (13, 14), (4, 15), (11, 13), (12, 13), (14, 16), (16, 17), (9, 19), (15, 16), (18, 19), (16, 20), (17, 19), (22, 23), (2, 24), (9, 10), (14, 15), (12, 15), (13, 14), (13, 15), (14, 15), (0, 16), (3, 4), (8, 9), (5, 13), (7, 11), (8, 9), (8, 11), (9, 10), (9, 11), (8, 12), (12, 13), (6, 14), (7, 9), (9, 10), (11, 14), (8, 14), (9, 12), (11, 12), (12, 14), (10, 15), (13, 14), (8, 16), (12, 14), (15, 16), (5, 18), (16, 18), (17, 18), (17, 19), (7, 20), (7, 10), (16, 17), (21, 22), (11, 23), (12, 13), (14, 15), (13, 18), (15, 16), (15, 18), (18, 19), (10, 24), (11, 18), (12, 14), (13, 14), (14, 15), (17, 18), (18, 19), (12, 20), (14, 16), (15, 16), (14, 20), (14, 21), (13, 20), (14, 15), (19, 20), (16, 23), (17, 18), (18, 19), (20, 21), (20, 23), (0, 24), (3, 4), (6, 7), (7, 8), (2, 9), (6, 10), (7, 8), (6, 11), (11, 17), (12, 13), (13, 15), (14, 15), (14, 16), (13, 17), (17, 18), (0, 19), (4, 5), (5, 6), (6, 7), (6, 8), (7, 9), (8, 10), (7, 12), (10, 12), (13, 14), (14, 15), (18, 19), (13, 20), (14, 16), (17, 18), (15, 18), (16, 18), (18, 20), (19, 20), (0, 21), (4, 5), (5, 6), (3, 7), (2, 8), (3, 4), (5, 7), (15, 16), (12, 19), (13, 14), (13, 15), (14, 16), (15, 16), (18, 19), (0, 21), (4, 5), (10, 12), (10, 13), (12, 14), (14, 15), (16, 17), (18, 20), (15, 20), (12, 15), (11, 12), (8, 11), (10, 11), (16, 18), (16, 19), (19, 20), (17, 20), (19, 20), (18, 21), (13, 22), (11, 14), (6, 11), (9, 10), (13, 14), (5, 15), (13, 15), (13, 15), (7, 17), (8, 11), (10, 11), (11, 12), (2, 18), (5, 7), (5, 7), (4, 8), (8, 9), (8, 10), (10, 11), (14, 15), (18, 19), (19, 20), (6, 24), (7, 8), (7, 9), (8, 11), (3, 12), (4, 5), (6, 9), (8, 10), (13, 14), (15, 20), (13, 21), (17, 18), (20, 21), (16, 22), (17, 19), (21, 23), (22, 23), (5, 24), (7, 11), (10, 11), (8, 13), (11, 15), (9, 16), (10, 12), (11, 12), (12, 13), (16, 17), (13, 18), (14, 16), (16, 17), (4, 19), (6, 7), (7, 10), (14, 22), (15, 16), (13, 19), (14, 15), (21, 22), (14, 23), (17, 19), (13, 20), (15, 16), (19, 20), (21, 22), (22, 23), (15, 24), (9, 17), (6, 9), (5, 6), (4, 5), (6, 15), (8, 14), (9, 13), (12, 13), (10, 14), (11, 12), (13, 14), (12, 20), (14, 16), (15, 16), (18, 20), (18, 22), (19, 20), (21, 22), (0, 24), (2, 3), (4, 5), (1, 6), (2, 8), (9, 11), (9, 12), (9, 14), (16, 17), (15, 18), (11, 17), (10, 11), (9, 10), (13, 16), (14, 17), (16, 17), (12, 19), (11, 16), (17, 18), (6, 20), (8, 9), (12, 13), (14, 15), (7, 15), (8, 13), (9, 15), (11, 12), (11, 15), (13, 15), (16, 17), (20, 21), (21, 22), (8, 23), (11, 12), (14, 15), (14, 18), (15, 16), (15, 18), (17, 18), (10, 23), (12, 16), (15, 16), (21, 23), (4, 24), (6, 8), (7, 9), (2, 11), (7, 10), (6, 11), (8, 9), (14, 16), (14, 19), (15, 16), (19, 21), (7, 22), (5, 10), (7, 8), (9, 10), (12, 14), (13, 15), (14, 15), (13, 18), (15, 16), (7, 19), (11, 12), (10, 14), (13, 17), (17, 20), (10, 21), (11, 12), (11, 13), (16, 19), (17, 18), (14, 19), (15, 16), (4, 23), (0, 8), (1, 2), (7, 8), (6, 11), (9, 11), (14, 15), (14, 16), (15, 17), (15, 18), (17, 18), (18, 19), (18, 20), (12, 22), (15, 16), (21, 22), (16, 23), (18, 20), (19, 20), (21, 22), (0, 24), (1, 3), (3, 5), (5, 6), (6, 7), (8, 10), (9, 10), (10, 12), (11, 12), (13, 15), (14, 15), (15, 16), (12, 17), (13, 14), (0, 18), (1, 2), (4, 5), (9, 13), (9, 14), (11, 14), (10, 15), (3, 17), (8, 10), (9, 10), (14, 15), (14, 16), (15, 17), (0, 19), (5, 6), (4, 7), (14, 15), (15, 16), (7, 20), (8, 13), (10, 11), (12, 15), (13, 14), (13, 15), (13, 17), (10, 19), (11, 12), (12, 13), (13, 14), (14, 15), (20, 22), (16, 23), (17, 19), (13, 20), (14, 17), (14, 18), (15, 16), (20, 21), (21, 22), (5, 24), (2, 7), (3, 4), (5, 6), (3, 8), (4, 6), (5, 7), (9, 15), (13, 14), (11, 16), (13, 17), (14, 15), (14, 16), (17, 19), (18, 19), (3, 21), (7, 8), (7, 9), (10, 12), (11, 12), (12, 13), (16, 17), (18, 19), (14, 19), (17, 19), (17, 19), (18, 19), (16, 20), (18, 20), (19, 20), (17, 22), (4, 19), (6, 8), (9, 11), (10, 12), (11, 15), (10, 18), (15, 16), (13, 17), (14, 15), (14, 16), (16, 17), (17, 18), (14, 19), (15, 16), (17, 24), (18, 19), (9, 20), (7, 9), (17, 18), (18, 19), (19, 20), (15, 21), (16, 17), (16, 18), (8, 19), (13, 16), (16, 17), (17, 19), (17, 19), (3, 22), (4, 5), (6, 9), (7, 8), (7, 10), (9, 14), (11, 15), (14, 15), (12, 16), (14, 17), (14, 16), (16, 18), (17, 19), (18, 19), (19, 20), (20, 21), (21, 22), (0, 23), (7, 8), (15, 16), (15, 20), (22, 23), (1, 24), (3, 4), (4, 5), (5, 6), (4, 7), (6, 8), (7, 9), (9, 10), (10, 11), (10, 13), (11, 14), (12, 14), (13, 15), (14, 15), (11, 16), (12, 13), (14, 16), (15, 17), (16, 18), (16, 21), (18, 19), (20, 21), (12, 25), (13, 15), (14, 16), (8, 17), (9, 10), (14, 17), (16, 17), (8, 18), (14, 18), (16, 18), (11, 20), (13, 14), (17, 18), (19, 20), (17, 21), (10, 22), (12, 13), (16, 18), (16, 19), (18, 19), (15, 23), (12, 16), (10, 12), (14, 15), (12, 16), (13, 15), (14, 15), (16, 18), (16, 18), (0, 24), (1, 5), (7, 8), (2, 11), (6, 7), (7, 9), (8, 9), (9, 11), (13, 15), (14, 16), (17, 18), (20, 21), (11, 22), (13, 16), (16, 17), (14, 23), (15, 16), (16, 18), (18, 19), (19, 20), (19, 22), (20, 21), (21, 22), (22, 23), (20, 24), (13, 21), (16, 17), (15, 18), (17, 21), (18, 19), (22, 24), (23, 24), (1, 25), (12, 13), (4, 14), (2, 7), (4, 5), (6, 14), (9, 10), (8, 12), (12, 14), (11, 18), (12, 13), (8, 15), (10, 12), (14, 15), (17, 18), (8, 20), (11, 12), (9, 13), (11, 12), (10, 14), (12, 15), (13, 14), (13, 20), (9, 19), (10, 11), (11, 12), (9, 14), (11, 12), (13, 14), (14, 15), (12, 19), (14, 19), (15, 19), (13, 21), (19, 21), (20, 22), (21, 23), (4, 24), (5, 6), (7, 8), (10, 11), (12, 13), (5, 15), (9, 10), (11, 12), (12, 13), (13, 14), (14, 15), (3, 18), (9, 11), (11, 21), (12, 13), (12, 14), (16, 17), (14, 18), (15, 16), (16, 17), (17, 18), (14, 19), (15, 17), (16, 18), (19, 21), (20, 22), (17, 23), (18, 20), (19, 20), (21, 23), (6, 24), (7, 9), (13, 14), (3, 15), (9, 10), (12, 13), (9, 15), (12, 16), (15, 17), (16, 17), (17, 18), (17, 19), (19, 20), (15, 21), (18, 19), (21, 22), (22, 23), (22, 24), (10, 25), (9, 11), (7, 9), (6, 7), (5, 6), (3, 5), (4, 5), (7, 11), (8, 9), (8, 10), (4, 11), (11, 12), (5, 13), (12, 13), (0, 18), (8, 11), (17, 18), (18, 20), (19, 20), (20, 22), (20, 22), (23, 24), (16, 25), (16, 18), (18, 20), (19, 20), (18, 21), (13, 22), (14, 15), (15, 16), (21, 22), (8, 23), (9, 10), (7, 15), (8, 10), (9, 14), (13, 14), (8, 15), (9, 10), (11, 15), (12, 14), (13, 14), (13, 15), (13, 16), (17, 18), (11, 19), (5, 13), (3, 5), (2, 3), (5, 8), (6, 8), (7, 9), (8, 9), (8, 10), (10, 11), (17, 18), (4, 20), (5, 6), (5, 11), (12, 13), (9, 15), (13, 14), (10, 18), (12, 13), (11, 18), (13, 14), (16, 17), (16, 21), (3, 25), (4, 5), (4, 6), (13, 17), (14, 15), (7, 17), (8, 9), (12, 14), (14, 18), (15, 16), (15, 18), (15, 19), (16, 17), (16, 18), (16, 19), (11, 20), (12, 14), (9, 19), (11, 12), (19, 20), (11, 21), (12, 13), (15, 16), (14, 17), (15, 16), (18, 19), (5, 20), (7, 8), (9, 13), (10, 13), (10, 13), (16, 17), (21, 22), (18, 23), (11, 18), (9, 11), (10, 15), (14, 15), (19, 20), (19, 21), (19, 23), (0, 24), (4, 5), (14, 15), (14, 17), (15, 19), (18, 19), (16, 19), (17, 19), (17, 20), (18, 19), (17, 24), (20, 21), (21, 23), (22, 23), (16, 24), (17, 20), (18, 20), (18, 22), (20, 22), (20, 22), (22, 23), (23, 24), (4, 25), (5, 6), (9, 11), (10, 11), (6, 12), (7, 8), (9, 10), (11, 13), (13, 14), (14, 15), (15, 16), (17, 19), (12, 21), (16, 18), (17, 18), (13, 21), (17, 18), (19, 20), (9, 22), (11, 14), (12, 13), (12, 14), (14, 15), (15, 17), (16, 17), (14, 19), (15, 16), (16, 17), (18, 19), (14, 20), (15, 16), (17, 18), (17, 19), (20, 22), (7, 23), (5, 10), (7, 8), (13, 14), (12, 15), (13, 14), (0, 16), (4, 6), (5, 6), (4, 7), (7, 8), (8, 9), (8, 10), (12, 13), (15, 20), (14, 18), (15, 16), (17, 18), (17, 19), (18, 20), (20, 21), (0, 22), (3, 5), (5, 6), (4, 13), (5, 6), (12, 13), (14, 22), (16, 18), (17, 18), (19, 21), (20, 21), (0, 25), (1, 2), (4, 5), (4, 10), (7, 8), (7, 9), (7, 10), (3, 11), (6, 7), (6, 8), (8, 10), (9, 10), (9, 11), (11, 12), (9, 14), (10, 14), (10, 15), (11, 12), (13, 16), (14, 15), (12, 18), (13, 17), (10, 18), (14, 16), (17, 20), (13, 26), (16, 18), (15, 21), (16, 17), (12, 22), (13, 14), (10, 15), (15, 16), (4, 24), (5, 7), (6, 7), (12, 16), (14, 15), (13, 16), (9, 18), (13, 14), (21, 22), (21, 23), (22, 24), (15, 24), (17, 18), (17, 19), (17, 20), (20, 21), (21, 22), (21, 23), (22, 24), (1, 25), (3, 4), (2, 7), (8, 10), (9, 10), (9, 11), (10, 11), (12, 14), (10, 15), (12, 13), (13, 17), (17, 21), (19, 20), (18, 24), (19, 20), (20, 21), (21, 22), (22, 23), (23, 24), (1, 26), (11, 14), (13, 14), (12, 17), (14, 15), (14, 17), (19, 20), (18, 21), (20, 21), (22, 23), (19, 24), (21, 22), (22, 23), (14, 25), (16, 18), (17, 18), (16, 19), (19, 20), (18, 26), (19, 22), (11, 23), (12, 13), (12, 14), (12, 15), (7, 16), (8, 11), (2, 12), (4, 5), (5, 6), (6, 7), (7, 8), (8, 9), (8, 10), (4, 14), (5, 15), (13, 15), (14, 15), (11, 16), (15, 16), (10, 17), (11, 12), (13, 17), (14, 17), (15, 16), (14, 17), (16, 17), (12, 18), (17, 18), (14, 19), (11, 14), (12, 13), (13, 18), (15, 17), (13, 20), (15, 16), (19, 20), (12, 21), (18, 21), (19, 20), (13, 22), (14, 15), (14, 17), (15, 23), (1, 19), (3, 4), (6, 10), (7, 10), (8, 9), (9, 14), (10, 11), (11, 13), (12, 14), (18, 19), (20, 21), (7, 24), (8, 9), (10, 11), (12, 13), (12, 14), (14, 15), (5, 16), (11, 14), (12, 13), (12, 14), (12, 15), (7, 17), (8, 9), (12, 13), (16, 17), (9, 18), (10, 12), (17, 19), (15, 20), (16, 17), (21, 23), (23, 24), (12, 26), (11, 12), (14, 15), (13, 19), (18, 19), (14, 19), (15, 16), (16, 17), (18, 19), (6, 22), (10, 11), (15, 16), (17, 20), (18, 19), (19, 20), (21, 22), (20, 24), (22, 23), (17, 25), (14, 19), (5, 14), (3, 5), (4, 5), (10, 12), (11, 13), (12, 16), (17, 18), (17, 19), (19, 20), (23, 24), (24, 25), (2, 26), (3, 7), (6, 7), (5, 9), (6, 8), (7, 8), (7, 9), (11, 12), (8, 15), (11, 12), (12, 13), (11, 14), (13, 15), (14, 15), (16, 17), (2, 21), (3, 4), (5, 7), (6, 7), (11, 12), (14, 16), (18, 20), (20, 21), (15, 23), (17, 19), (18, 19), (20, 22), (13, 24), (15, 16), (8, 17), (9, 10), (10, 11), (0, 14), (9, 10), (6, 11), (8, 9), (8, 10), (9, 11), (9, 14), (11, 12), (13, 15), (14, 15), (14, 16), (14, 16), (14, 17), (15, 16), (15, 18), (16, 19), (17, 19), (9, 20), (10, 11), (15, 19), (21, 22), (14, 23), (16, 19), (20, 22), (21, 23), (14, 24), (15, 16), (18, 20), (19, 20), (20, 21), (21, 22), (17, 24), (21, 22), (19, 24), (20, 22), (21, 23), (22, 23), (0, 25), (2, 7), (3, 4), (4, 5), (10, 12), (11, 12), (11, 13), (4, 15), (6, 8), (5, 9), (6, 7), (8, 10), (9, 10), (4, 11), (4, 6), (8, 9), (10, 13), (11, 13), (7, 14), (8, 11), (9, 10), (10, 11), (11, 12), (8, 15), (13, 14), (11, 16), (13, 14), (16, 17), (13, 18), (14, 15), (16, 17), (17, 19), (17, 19), (14, 20), (13, 16), (4, 14), (8, 15), (10, 12), (11, 12), (0, 16), (9, 11), (12, 13), (18, 19), (12, 21), (19, 20), (18, 21), (19, 21), (20, 21), (12, 23), (4, 12), (5, 12), (7, 12), (8, 11), (9, 10), (9, 11), (6, 14), (7, 8), (10, 11), (9, 11), (10, 11), (13, 14), (14, 15), (16, 17), (16, 19), (18, 21), (19, 20), (21, 22), (21, 23), (7, 25), (8, 10), (9, 10), (14, 18), (15, 17), (16, 18), (17, 18), (7, 19), (8, 9), (10, 11), (2, 14), (3, 4), (4, 7), (5, 7), (12, 14), (13, 14), (11, 15), (12, 14), (13, 14), (10, 16), (11, 12), (12, 13), (13, 14), (8, 20), (9, 13), (14, 15), (16, 20), (17, 20), (19, 20), (14, 21), (20, 22), (15, 23), (16, 17), (18, 19), (22, 23), (2, 26), (4, 5), (5, 6), (6, 8), (7, 8), (10, 13), (13, 20), (18, 20), (19, 20), (16, 21), (18, 19), (20, 21), (5, 22), (6, 8), (7, 8), (1, 9), (2, 4), (4, 6), (5, 6), (8, 11), (11, 12), (21, 22), (20, 22), (21, 22), (14, 23), (15, 19), (17, 19), (18, 19), (16, 20), (19, 20), (18, 21), (19, 20), (3, 24), (2, 3), (0, 2), (1, 2), (3, 5), (2, 7), (5, 6), (9, 10), (5, 11), (6, 11), (10, 11), (10, 12), (11, 12), (7, 14), (9, 11), (9, 11), (10, 13), (12, 13), (11, 14), (12, 15), (13, 15), (14, 15), (14, 16), (9, 15), (8, 9), (14, 15), (10, 17), (11, 12), (12, 13), (15, 16), (10, 18), (13, 14), (11, 15), (12, 14), (15, 16), (16, 17), (18, 19), (19, 20), (0, 21), (1, 2), (9, 12), (13, 15), (3, 18), (7, 8), (11, 17), (12, 17), (10, 18), (15, 19), (15, 20), (15, 18), (16, 21), (20, 21), (19, 24), (6, 25), (8, 10), (5, 14), (6, 7), (7, 9), (8, 10), (13, 14), (16, 17), (15, 18), (15, 17), (17, 18), (18, 19), (13, 23), (14, 17), (15, 16), (20, 23), (22, 23), (15, 25), (21, 22), (23, 25), (19, 26), (20, 21), (13, 22), (6, 13), (5, 6), (1, 5), (3, 4), (4, 5), (6, 8), (10, 12), (12, 13), (13, 14), (14, 23), (16, 17), (22, 23), (3, 25), (5, 12), (4, 13), (5, 6), (7, 9), (7, 9), (9, 10), (18, 19), (19, 20), (23, 24), (15, 25), (21, 22), (24, 25), (10, 26), (11, 16), (13, 14), (14, 15), (14, 16), (11, 17), (12, 16), (14, 16), (15, 16), (16, 17), (17, 18), (14, 19), (16, 18), (17, 18), (5, 19), (8, 9), (14, 15), (10, 16), (7, 13), (8, 11), (10, 12), (11, 13), (10, 14), (13, 15), (14, 15), (15, 17), (16, 17), (16, 18), (17, 19), (4, 22), (5, 6), (13, 16), (14, 16), (19, 21), (20, 22), (21, 22), (22, 23), (23, 24), (16, 26), (18, 20), (19, 20), (19, 21), (21, 23), (22, 23), (23, 24), (21, 26), (22, 24), (23, 26), (9, 27), (7, 9), (6, 7), (5, 6), (14, 17), (15, 16), (6, 17), (14, 15), (12, 15), (13, 15), (14, 15), (12, 16), (15, 16), (12, 18), (15, 16), (14, 18), (15, 16), (17, 18), (17, 19), (17, 19), (10, 21), (16, 17), (17, 19), (18, 19), (16, 20), (23, 24), (22, 25), (1, 27), (2, 3), (3, 4), (3, 5), (5, 6), (5, 7), (6, 8), (12, 14), (13, 14), (13, 15), (8, 16), (13, 14), (15, 21), (19, 21), (10, 22), (8, 13), (12, 13), (18, 19), (18, 20), (11, 23), (14, 15), (5, 19), (11, 13), (12, 13), (14, 18), (17, 18), (6, 20), (11, 15), (12, 14), (13, 14), (14, 16), (17, 22), (18, 21), (19, 20), (18, 22), (22, 23), (23, 24), (24, 25), (15, 27), (16, 17), (12, 18), (15, 16), (0, 17), (4, 5), (5, 6), (6, 8), (7, 8), (14, 16), (14, 18), (16, 18), (9, 19), (10, 12), (10, 12), (9, 15), (11, 12), (11, 14), (12, 14), (12, 14), (14, 15), (16, 17), (18, 19), (18, 20), (16, 21), (17, 21), (19, 21), (24, 25), (1, 27), (3, 4), (2, 6), (5, 6), (3, 7), (4, 6), (4, 9), (6, 7), (8, 9), (10, 11), (13, 14), (14, 15), (16, 17), (11, 17), (15, 17), (16, 17), (13, 19), (15, 16), (18, 21), (15, 23), (16, 20), (16, 18), (18, 20), (19, 20), (18, 23), (19, 24), (23, 24), (25, 26), (9, 27), (2, 11), (1, 2), (0, 1), (5, 6), (7, 10), (7, 10), (9, 11), (10, 11), (10, 12), (7, 13), (11, 12), (8, 14), (9, 10), (9, 11), (10, 13), (11, 12), (11, 13), (11, 14), (9, 17), (10, 11), (10, 16), (12, 13), (15, 16), (16, 17), (18, 20), (19, 20), (14, 21), (10, 16), (12, 14), (13, 14), (13, 15), (14, 16), (15, 22), (17, 19), (18, 19), (5, 20), (7, 8), (5, 9), (9, 10), (1, 11), (3, 9), (3, 9), (7, 8), (6, 10), (7, 9), (8, 9), (9, 10), (10, 11), (9, 12), (10, 11), (10, 20), (11, 12), (14, 17), (16, 17), (16, 18), (18, 19), (19, 22), (21, 22), (17, 23), (21, 23), (4, 24), (12, 13), (11, 14), (13, 14), (13, 16), (14, 16), (16, 17), (15, 18), (16, 17), (6, 20), (7, 8), (10, 12), (11, 14), (12, 14), (17, 18), (19, 21), (20, 25), (22, 23), (23, 24), (20, 26), (18, 20), (17, 18), (12, 17), (9, 14), (11, 12), (11, 13), (15, 16), (16, 17), (18, 19), (15, 21), (18, 21), (19, 20), (17, 21), (21, 22), (12, 24), (16, 17), (17, 18), (19, 22), (19, 24), (5, 25), (11, 12), (0, 15), (1, 5), (3, 5), (2, 5), (3, 4), (1, 6), (3, 7), (5, 8), (7, 8), (6, 9), (8, 9), (9, 10), (10, 11), (12, 13), (14, 16), (12, 18), (15, 16), (16, 17), (17, 21), (5, 22), (6, 7), (7, 8), (6, 9), (7, 9), (8, 9), (8, 10), (7, 11), (8, 9), (8, 10), (9, 10), (13, 14), (0, 15), (1, 2), (3, 5), (4, 11), (9, 11), (11, 14), (13, 14), (12, 15), (13, 14), (14, 15), (1, 17), (3, 4), (4, 5), (9, 13), (10, 12), (11, 13), (10, 13), (16, 17), (8, 18), (9, 10), (11, 12), (12, 13), (14, 15), (9, 19), (10, 14), (11, 15), (13, 17), (15, 18), (18, 20), (17, 21), (20, 22), (3, 24), (7, 8), (5, 10), (7, 8), (8, 9), (11, 12), (14, 15), (12, 17), (14, 15), (5, 18), (6, 7), (8, 11), (7, 12), (8, 12), (14, 15), (17, 18), (17, 19), (1, 20), (4, 5), (5, 6), (12, 13), (15, 16), (19, 20), (16, 21), (18, 20), (19, 20), (19, 21), (1, 24), (2, 3), (5, 7), (9, 10), (15, 17), (11, 17), (14, 16), (22, 23), (13, 25), (4, 17), (6, 10), (5, 11), (6, 7), (7, 11), (9, 11), (8, 14), (10, 16), (15, 16), (9, 17), (11, 16), (12, 13), (14, 16), (15, 17), (16, 17), (17, 19), (18, 19), (10, 21), (11, 12), (10, 17), (11, 12), (16, 17), (13, 18), (17, 18), (19, 20), (7, 22), (11, 13), (12, 13), (15, 16), (17, 19), (16, 19), (17, 18), (17, 20), (3, 21), (4, 5), (12, 13), (5, 21), (6, 7), (6, 8), (8, 9), (9, 10), (13, 19), (17, 23), (18, 19), (6, 20), (1, 6), (4, 5), (5, 6), (6, 8), (7, 10), (8, 9), (13, 14), (11, 15), (16, 18), (17, 18), (21, 22), (21, 23), (12, 24), (13, 16), (18, 19), (17, 25), (4, 21), (10, 11), (12, 16), (13, 15), (14, 15), (13, 17), (17, 18), (17, 19), (19, 20), (20, 21), (20, 22), (21, 23), (19, 24), (9, 23), (6, 9), (1, 6), (0, 3), (4, 5), (3, 7), (5, 7), (9, 10), (9, 11), (14, 15), (16, 17), (18, 20), (19, 21), (23, 24), (25, 26), (7, 27), (9, 10), (11, 14), (12, 13), (12, 15), (16, 17), (18, 20), (19, 20), (11, 21), (14, 16), (16, 21), (17, 18), (15, 21), (16, 17), (18, 20), (20, 21), (19, 22), (10, 22), (12, 13), (14, 17), (15, 17), (15, 18), (16, 18), (17, 18), (18, 20), (19, 20), (3, 24), (10, 12), (11, 12), (13, 14), (5, 15), (6, 12), (8, 12), (10, 11), (15, 16), (15, 17), (15, 23), (7, 17), (11, 12), (11, 13), (12, 16), (15, 16), (13, 17), (15, 17), (8, 25), (10, 18), (13, 14), (11, 16), (12, 13), (14, 15), (16, 18), (19, 21), (20, 21), (17, 22), (18, 19), (21, 22), (22, 23), (0, 24), (1, 2), (13, 14), (14, 15), (15, 16), (16, 19), (4, 20), (10, 14), (16, 17), (21, 23), (23, 24), (2, 27), (6, 7), (3, 9), (5, 10), (8, 9), (9, 12), (13, 15), (14, 15), (16, 18), (17, 18), (19, 20), (13, 24), (14, 15), (16, 17), (20, 21), (21, 22), (1, 23), (6, 7), (15, 16), (17, 24), (22, 24), (18, 25), (8, 21), (12, 15), (10, 15), (12, 13), (13, 14), (17, 18), (16, 19), (12, 18), (11, 12), (19, 20), (21, 22), (23, 24), (18, 25), (19, 21), (24, 25), (21, 26), (22, 24), (20, 25), (21, 22), (23, 24), (20, 26), (21, 26), (15, 27), (13, 19), (14, 17), (15, 16), (15, 17), (18, 19), (14, 20), (15, 21), (17, 18), (23, 26), (24, 26), (10, 27), (11, 12), (12, 13), (5, 16), (10, 11), (12, 14), (2, 17), (5, 7), (6, 7), (7, 9), (8, 9), (9, 10), (10, 11), (11, 12), (9, 13), (10, 12), (11, 12), (14, 19), (15, 16), (16, 17), (18, 19), (17, 20), (18, 19), (17, 23), (21, 23), (14, 25), (17, 18), (18, 19), (24, 25), (20, 26), (22, 24), (24, 27), (25, 26), (9, 28), (9, 12), (11, 13), (5, 15), (6, 8), (14, 15), (11, 15), (14, 15), (18, 20), (21, 22), (10, 24), (13, 15), (14, 15), (8, 17), (16, 18), (18, 23), (18, 23), (21, 22), (17, 25), (18, 19), (18, 20), (21, 23), (22, 23), (23, 24), (14, 27), (13, 14), (9, 13), (10, 11), (14, 16), (15, 16), (15, 17), (16, 18), (17, 18), (18, 19), (14, 24), (23, 24), (24, 25), (22, 26), (24, 25), (23, 26), (24, 25), (25, 26), (18, 28), (16, 19), (13, 16), (14, 16), (15, 16), (17, 18), (17, 19), (13, 20), (5, 14), (6, 7), (12, 13), (15, 17), (18, 19), (15, 23), (17, 18), (21, 23), (22, 23), (7, 24), (7, 17), (8, 13), (12, 13), (7, 14), (0, 17), (4, 7), (5, 7), (4, 8), (6, 9), (7, 8), (9, 10), (6, 13), (12, 13), (14, 16), (15, 16), (14, 17), (15, 17), (20, 23), (21, 23), (22, 23), (18, 25), (20, 21), (22, 23), (12, 24), (16, 19), (15, 19), (18, 21), (19, 20), (23, 24), (16, 26), (17, 19), (18, 19), (19, 26), (23, 25), (24, 25), (23, 26), (25, 26), (17, 27), (4, 17), (3, 4), (2, 3), (1, 2), (4, 5), (4, 6), (7, 8), (10, 11), (8, 16), (13, 14), (15, 16), (15, 17), (9, 18), (14, 16), (17, 19), (18, 19), (18, 20), (18, 24), (10, 24), (12, 16), (13, 14), (13, 16), (15, 16), (14, 18), (17, 19), (18, 19), (21, 23), (21, 24), (21, 25), (23, 24), (5, 26), (25, 26), (26, 27), (4, 28), (10, 11), (9, 12), (5, 11), (3, 5), (4, 5), (5, 10), (9, 10), (13, 14), (9, 18), (10, 13), (10, 15), (16, 17), (15, 19), (17, 20), (20, 21), (17, 23), (18, 19), (21, 22), (17, 25), (13, 19), (14, 18), (15, 16), (14, 19), (18, 19), (12, 20), (17, 18), (13, 22), (18, 21), (19, 21), (20, 21), (18, 22), (21, 23), (0, 24), (1, 4), (3, 4), (3, 5), (4, 5), (4, 6), (5, 8), (5, 9), (9, 10), (10, 11), (11, 12), (21, 22), (22, 23), (24, 25), (15, 26), (15, 17), (17, 18), (19, 21), (18, 21), (19, 20), (19, 21), (20, 21), (7, 22), (8, 12), (9, 11), (10, 11), (12, 17), (18, 19), (9, 20), (10, 12), (16, 17), (17, 18), (20, 23), (8, 24), (21, 24), (10, 27), (11, 12), (16, 17), (19, 20), (18, 21), (19, 20), (20, 21), (23, 24), (26, 27), (1, 28), (6, 7), (17, 18), (17, 19), (4, 21), (6, 7), (5, 11), (7, 9), (13, 15), (17, 18), (20, 21), (12, 22), (10, 12), (11, 12), (15, 16), (17, 21), (19, 20), (20, 23), (15, 24), (16, 17), (13, 21), (14, 16), (15, 16), (16, 17), (17, 18), (17, 19), (19, 20), (20, 22), (21, 23), (17, 25), (19, 20), (19, 21), (17, 22), (18, 20), (21, 22), (21, 23), (22, 23), (21, 24), (23, 24), (18, 25), (19, 20), (19, 23), (22, 24), (23, 24), (19, 25), (21, 25), (22, 23), (16, 26), (16, 18), (18, 19), (19, 20), (19, 21), (20, 23), (21, 23), (13, 21), (10, 13), (7, 10), (10, 12), (11, 12), (16, 18), (11, 28), (9, 12), (10, 12), (11, 12), (11, 14), (14, 17), (15, 16), (14, 19), (15, 17), (16, 17), (12, 23), (18, 21), (19, 21), (20, 21), (21, 22), (20, 23), (21, 23), (22, 23), (17, 24), (18, 19), (18, 20), (19, 21), (20, 22), (21, 24), (22, 23), (17, 25), (19, 20), (19, 24), (4, 26), (5, 6), (2, 8), (3, 4), (3, 5), (5, 7), (6, 7), (3, 8), (5, 9), (6, 7), (4, 10), (0, 9), (4, 5), (9, 11), (10, 11), (4, 12), (8, 10), (1, 13), (2, 3), (6, 7), (6, 8), (7, 8), (0, 15), (4, 5), (7, 17), (8, 9), (9, 10), (10, 11), (13, 17), (16, 17), (13, 18), (15, 20), (18, 20), (19, 21), (18, 22), (19, 20), (23, 26), (23, 26), (25, 26), (1, 28), (2, 3), (4, 7), (1, 12), (4, 5), (5, 7), (6, 7), (4, 8), (6, 9), (7, 10), (8, 9), (10, 11), (10, 13), (11, 14), (13, 14), (7, 16), (8, 11), (12, 15), (14, 15), (12, 16), (18, 23), (20, 21), (13, 22), (19, 20), (14, 20), (16, 18), (17, 18), (18, 20), (12, 23), (13, 14), (16, 19), (17, 19), (17, 19), (20, 22), (21, 22), (15, 25), (16, 17), (16, 18), (17, 19), (20, 23), (22, 24), (23, 24), (15, 27), (18, 19), (20, 21), (19, 22), (18, 23), (22, 23), (23, 25), (15, 25), (21, 26), (17, 24), (13, 17), (11, 13), (8, 11), (9, 10), (11, 12), (11, 13), (13, 14), (14, 15), (8, 16), (11, 12), (15, 16), (18, 19), (21, 23), (22, 23), (21, 27), (25, 27), (26, 27), (23, 28), (13, 25), (5, 13), (4, 5), (2, 4), (3, 9), (4, 5), (4, 6), (5, 7), (6, 8), (1, 9), (3, 7), (5, 6), (8, 10), (9, 11), (12, 13), (10, 14), (12, 17), (14, 15), (11, 17), (12, 13), (16, 17), (21, 22), (10, 24), (12, 13), (12, 14), (15, 17), (15, 18), (16, 17), (16, 18), (19, 20), (19, 21), (19, 24), (20, 21), (19, 24), (22, 24), (19, 25), (16, 25), (17, 18), (20, 21), (17, 26), (20, 21), (20, 22), (20, 22), (20, 24), (22, 23), (21, 25), (21, 23), (1, 27), (3, 4), (2, 9), (6, 7), (13, 14), (14, 15), (16, 20), (17, 18), (17, 19), (19, 20), (6, 22), (14, 15), (20, 21), (7, 22), (10, 13), (11, 18), (14, 15), (15, 16), (16, 17), (17, 18), (18, 19), (18, 20), (20, 21), (18, 22), (22, 23), (23, 25), (5, 28), (8, 9), (4, 11), (5, 6), (5, 8), (6, 7), (9, 10), (10, 11), (8, 12), (10, 12), (11, 12), (8, 14), (9, 10), (12, 14), (6, 15), (10, 12), (11, 12), (16, 17), (12, 19), (20, 22), (22, 23), (3, 25), (4, 5), (5, 7), (6, 7), (6, 8), (8, 11), (9, 12), (10, 11), (11, 13), (11, 14), (14, 15), (10, 18), (11, 12), (15, 19), (18, 20), (19, 20), (22, 24), (23, 24), (9, 26), (10, 11), (12, 13), (16, 18), (14, 19), (15, 17), (17, 18), (11, 19), (2, 16), (4, 6), (9, 11), (12, 13), (14, 15), (17, 18), (23, 24), (25, 26), (12, 27), (15, 17), (16, 17), (18, 19), (16, 21), (17, 21), (23, 26), (24, 26), (0, 28), (1, 2), (3, 4), (4, 6), (5, 8), (6, 7), (8, 10), (2, 11), (7, 12), (7, 12), (7, 13), (10, 13), (11, 13), (11, 14), (12, 14), (13, 15), (16, 21), (17, 20), (19, 21), (15, 23), (3, 16), (1, 3), (2, 3), (3, 6), (4, 5), (11, 13), (12, 13), (13, 14), (10, 16), (12, 13), (14, 16), (10, 17), (15, 16), (1, 18), (8, 10), (9, 10), (10, 11), (14, 15), (14, 16), (17, 28), (19, 20), (20, 23), (20, 23), (22, 24), (20, 25), (9, 24), (10, 11), (11, 12), (20, 21), (22, 23), (6, 25), (8, 9), (9, 10), (8, 11), (8, 10), (3, 15), (6, 7), (7, 8), (8, 9), (9, 10), (12, 14), (13, 14), (13, 15), (2, 22), (3, 5), (6, 8), (7, 8), (11, 14), (13, 14), (14, 15), (17, 18), (16, 20), (18, 22), (17, 22), (19, 20), (21, 22), (24, 26), (15, 27), (16, 18), (17, 18), (16, 22), (18, 20), (17, 22), (4, 28), (6, 9), (8, 9), (7, 11), (8, 9), (9, 10), (8, 11), (9, 10), (8, 13), (12, 14), (13, 14), (12, 17), (14, 16), (15, 17), (16, 17), (19, 21), (15, 21), (19, 20), (20, 21), (0, 22), (11, 12), (10, 12), (11, 12), (11, 13), (14, 16), (15, 16), (18, 19), (12, 23), (19, 23), (20, 21), (20, 23), (12, 26), (14, 17), (15, 17), (15, 19), (18, 19), (16, 21), (25, 26), (17, 29), (18, 19), (18, 20), (3, 21), (5, 6), (6, 7), (7, 10), (12, 14), (11, 13), (12, 13), (13, 14), (14, 16), (15, 16), (17, 18), (13, 19), (14, 15), (16, 17), (19, 20), (19, 21), (21, 22), (19, 23), (11, 20), (9, 11), (5, 9), (2, 5), (9, 11), (3, 11), (6, 7), (5, 10), (9, 10), (16, 20), (17, 18), (17, 23), (19, 20), (22, 23), (14, 24), (16, 17), (3, 18), (4, 11), (6, 7), (9, 10), (9, 11), (1, 14), (2, 3), (3, 4), (2, 5), (3, 4), (11, 12), (7, 15), (8, 9), (9, 10), (10, 11), (11, 12), (12, 13), (11, 16), (14, 16), (15, 16), (16, 17), (14, 18), (15, 17), (23, 25), (5, 26), (7, 9), (7, 10), (9, 10), (6, 11), (10, 11), (8, 15), (9, 12), (10, 12), (11, 12), (12, 14), (13, 14), (13, 15), (14, 18), (15, 17), (17, 18), (1, 20), (3, 9), (4, 10), (11, 17), (13, 14), (11, 17), (13, 14), (12, 17), (14, 19), (17, 18), (2, 21), (6, 10), (7, 8), (9, 10), (6, 13), (7, 12), (9, 10), (11, 12), (11, 13), (3, 16), (10, 12), (11, 12), (12, 14), (13, 14), (14, 15), (15, 16), (12, 17), (17, 19), (18, 19), (10, 20), (11, 13), (12, 13), (14, 15), (8, 26), (9, 12), (11, 13), (9, 14), (15, 16), (14, 18), (16, 18), (17, 18), (13, 19), (14, 20), (15, 16), (16, 18), (19, 21), (18, 23), (19, 20), (0, 24), (3, 4), (6, 8), (7, 8), (7, 9), (8, 9), (9, 10), (4, 11), (6, 7), (8, 11), (10, 11), (1, 13), (2, 4), (6, 13), (7, 8), (8, 10), (9, 11), (8, 12), (11, 13), (12, 13), (12, 15), (13, 15), (14, 15), (12, 16), (14, 15), (14, 17), (19, 20), (20, 21), (10, 22), (15, 16), (18, 19), (20, 21), (6, 24), (17, 18), (18, 19), (21, 22), (23, 24), (14, 25), (16, 17), (20, 21), (16, 22), (17, 18), (22, 23), (9, 24), (10, 12), (10, 12), (13, 20), (14, 16), (15, 17), (15, 20), (17, 19), (18, 19), (17, 20), (19, 20), (16, 21), (19, 22), (21, 23), (10, 25), (11, 12), (13, 14), (14, 15), (15, 16), (13, 17), (14, 15), (2, 26), (7, 11), (8, 9), (9, 10), (9, 11), (10, 12), (12, 13), (3, 14), (4, 6), (5, 6), (4, 8), (5, 8), (6, 7), (6, 9), (5, 10), (4, 7), (5, 6), (4, 11), (5, 7), (7, 9), (11, 12), (10, 13), (13, 14), (13, 15), (14, 15), (6, 16), (11, 14), (14, 15), (10, 17), (11, 12), (13, 14), (18, 20), (19, 20), (11, 21), (18, 20), (17, 20), (18, 19), (21, 22), (22, 23), (21, 24), (6, 27), (4, 9), (6, 7), (8, 9), (9, 11), (10, 11), (5, 12), (6, 7), (6, 8), (6, 10), (10, 11), (11, 14), (12, 18), (13, 14), (14, 15), (7, 19), (12, 13), (13, 14), (14, 15), (9, 16), (10, 11), (10, 12), (12, 13), (19, 20), (21, 24), (0, 25), (1, 4), (2, 4), (6, 8), (5, 14), (12, 13), (11, 15), (10, 13), (11, 12), (12, 13), (2, 14), (4, 6), (5, 6), (6, 7), (6, 8), (8, 9), (9, 10), (10, 11), (11, 12), (12, 13), (8, 15), (13, 14), (1, 16), (5, 6), (5, 7), (4, 8), (7, 8), (10, 11), (11, 12), (9, 13), (9, 11), (10, 12), (11, 14), (5, 15), (17, 18), (0, 19), (3, 10)]
