results/potlll/ndim30seed0cnt1000dim30delta0.98999995.txt: 1176.610 sec
b: [[0, 0, 0, 0, 0, ..., 0, 0, 0, 0, 0],
 [0, 0, 0, 0, 0, ..., 0, 0, 0, 0, 0],
 [0, 0, 0, 0, 0, ..., 0, 0, 0, 0, 0],
 [0, 0, 0, 0, 0, ..., 0, 0, 0, 0, 0],
 [0, 0, 0, 0, 0, ..., 0, 0, 0, 0, 0],
 ...,
 [0, 0, 0, 0, 0, ..., 0, 0, 0, 0, 1],
 [0, 0, 0, 0, 0, ..., 0, 0, 0, 0, 0],
 [0, 0, 0, 0, 0, ..., 0, 0, 0, 0, 0],
 [0, 0, 0, 0, 1, ..., 0, 0, 0, 0, 0],
 [0, 0, 0, 0, 0, ..., 0, 1, 0, 0, 0]], shape=[30, 30], strides=[30, 1], layout=Cc (0x5), const ndim=2
v_norms: [1, 1, 1, 1, 1, 1, 1, 1, 1, 1, 1, 1, 1, 1, 1, 1, 1, 1, 1, 1, 1, 1, 1, 1, 1, 1, 1, 1, 1, 1], shape=[30], strides=[1], layout=CFcf (0xf), const ndim=1
Mu { arr: [0, 0, 0, 0, 0, 0, 0, 0, 0, 0, 0, 0, 0, 0, 0, 0, 0, 0, 0, 0, 0, 0, 0, 0, 0, 0, 0, 0, 0, 0, 0, 0, 0, 0, 0, 0, 0, 0, 0, 0, 0, 0, 0, 0, 0, 0, 0, 0, 0, 0, 0, 0, 0, 0, 0, 0, 0, 0, 0, 0, 0, 0, 0, 0, 0, 0, 0, 0, 0, 0, 0, 0, 0, 0, 0, 0, 0, 0, 0, 0, 0, 0, 0, 0, 0, 0, 0, 0, 0, 0, 0, 0, 0, 0, 0, 0, 0, 0, 0, 0, 0, 0, 0, 0, 0, 0, 0, 0, 0, 0, 0, 0, 0, 0, 0, 0, 0, 0, 0, 0, 0, 0, 0, 0, 0, 0, 0, 0, 0, 0, 0, 0, 0, 0, 0, 0, 0, 0, 0, 0, 0, 0, 0, 0, 0, 0, 0, 0, 0, 0, 0, 0, 0, 0, 0, 0, 0, 0, 0, 0, 0, 0, 0, 0, 0, 0, 0, 0, 0, 0, 0, 0, 0, 0, 0, 0, 0, 0, 0, 0, 0, 0, 0, 0, 0, 0, 0, 0, 0, 0, 0, 0, 0, 0, 0, 0, 0, 0, 0, 0, 0, 0, 0, 0, 0, 0, 0, 0, 0, 0, 0, 0, 0, 0, 0, 0, 0, 0, 0, 0, 0, 0, 0, 0, 0, 0, 0, 0, 0, 0, 0, 0, 0, 0, 0, 0, 0, 0, 0, 0, 0, 0, 0, 0, 0, 0, 0, 0, 0, 0, 0, 0, 0, 0, 0, 0, 0, 0, 0, 0, 0, 0, 0, 0, 0, 0, 0, 0, 0, 0, 0, 0, 0, 0, 0, 0, 0, 0, 0, 0, 0, 0, 0, 0, 0, 0, 0, 0, 0, 0, 0, 0, 0, 0, 0, 0, 0, 0, 0, 0, 0, 0, 0, 0, 0, 0, 0, 0, 0, 0, 0, 0, 0, 0, 0, 0, 0, 0, 0, 0, 0, 0, 0, 0, 0, 0, 0, 0, 0, 0, 0, 0, 0, 0, 0, 0, 0, 0, 0, 0, 0, 0, 0, 0, 0, 0, 0, 0, 0, 0, 0, 0, 0, 0, 0, 0, 0, 0, 0, 0, 0, 0, 0, 0, 0, 0, 0, 0, 0, 0, 0, 0, 0, 0, 0, 0, 0, 0, 0, 0, 0, 0, 0, 0, 0, 0, 0, 0, 0, 0, 0, 0, 0, 0, 0, 0, 0, 0, 0, 0, 0, 0, 0, 0, 0, 0, 0, 0, 0, 0, 0, 0, 0, 0, 0, 0, 0, 0, 0, 0, 0, 0, 0, 0, 0, 0, 0, 0, 0, 0, 0, 0, 0, 0, 0] }
(hist.len, cnt): (4727, 21913)
[(1, 2), (1, 3), (1, 3), (1, 4), (2, 3), (4, 5), (1, 5), (3, 4), (3, 5), (1, 6), (1, 4), (2, 3), (2, 5), (1, 4), (5, 6), (0, 7), (1, 2), (1, 5), (2, 3), (4, 5), (1, 6), (0, 7), (1, 3), (2, 3), (2, 4), (1, 6), (1, 4), (1, 5), (5, 6), (0, 7), (1, 2), (2, 4), (3, 4), (0, 5), (0, 4), (1, 2), (4, 5), (6, 7), (0, 8), (0, 2), (3, 4), (2, 7), (2, 5), (4, 6), (4, 8), (4, 6), (0, 9), (4, 5), (3, 6), (4, 5), (1, 6), (0, 8), (4, 5), (1, 9), (4, 5), (1, 6), (2, 7), (1, 9), (3, 4), (3, 5), (4, 5), (5, 8), (0, 9), (2, 3), (4, 7), (1, 9), (3, 5), (3, 5), (3, 8), (1, 10), (2, 3), (4, 6), (5, 8), (0, 9), (1, 3), (2, 3), (3, 4), (3, 5), (4, 5), (3, 6), (1, 7), (2, 8), (4, 5), (7, 8), (1, 10), (0, 2), (1, 2), (4, 6), (7, 8), (8, 9), (0, 10), (1, 4), (1, 5), (2, 5), (4, 7), (4, 11), (1, 6), (6, 7), (8, 9), (1, 11), (4, 6), (5, 6), (3, 7), (2, 9), (6, 7), (1, 11), (3, 5), (6, 8), (4, 9), (7, 8), (3, 10), (6, 7), (7, 8), (9, 10), (3, 11), (5, 9), (6, 7), (6, 8), (6, 10), (5, 8), (8, 9), (9, 10), (0, 12), (1, 3), (2, 3), (1, 4), (2, 6), (5, 6), (3, 7), (4, 5), (1, 9), (6, 7), (5, 10), (6, 8), (7, 8), (7, 9), (8, 9), (0, 11), (3, 6), (5, 6), (7, 8), (1, 12), (3, 5), (6, 8), (2, 12), (4, 6), (4, 8), (5, 8), (7, 8), (1, 9), (3, 4), (2, 6), (4, 6), (7, 9), (5, 10), (5, 8), (9, 10), (2, 11), (3, 4), (5, 7), (6, 7), (10, 11), (0, 12), (1, 2), (3, 7), (4, 6), (5, 11), (5, 12), (6, 7), (6, 8), (8, 9), (10, 11), (0, 13), (4, 5), (6, 7), (0, 8), (7, 8), (7, 10), (0, 13), (1, 2), (4, 6), (6, 7), (5, 8), (7, 8), (8, 9), (9, 10), (1, 11), (4, 8), (9, 12), (10, 11), (2, 13), (6, 8), (3, 9), (4, 5), (4, 6), (4, 6), (8, 9), (2, 10), (4, 6), (2, 11), (5, 6), (8, 12), (6, 10), (7, 9), (8, 9), (8, 10), (9, 10), (0, 13), (2, 4), (5, 7), (6, 9), (5, 9), (6, 7), (9, 10), (10, 11), (1, 13), (3, 4), (3, 6), (8, 9), (7, 10), (8, 9), (7, 10), (9, 10), (1, 12), (2, 3), (3, 6), (5, 7), (2, 11), (6, 7), (9, 10), (9, 11), (6, 13), (8, 11), (10, 11), (0, 14), (1, 2), (1, 5), (3, 4), (7, 8), (3, 11), (5, 6), (4, 7), (7, 8), (8, 9), (1, 10), (4, 6), (5, 6), (10, 11), (1, 13), (3, 4), (1, 5), (3, 4), (6, 7), (10, 12), (2, 14), (6, 7), (1, 9), (9, 10), (3, 12), (0, 5), (1, 3), (2, 3), (0, 6), (1, 2), (1, 4), (2, 3), (4, 5), (8, 10), (6, 11), (0, 13), (1, 2), (5, 6), (3, 8), (4, 6), (5, 6), (7, 10), (8, 9), (5, 11), (6, 7), (4, 8), (5, 6), (6, 9), (9, 11), (10, 11), (12, 13), (0, 14), (3, 4), (3, 5), (0, 6), (2, 3), (2, 4), (3, 5), (6, 7), (7, 8), (3, 9), (7, 8), (7, 10), (8, 10), (9, 11), (10, 11), (3, 13), (4, 5), (5, 14), (3, 7), (1, 3), (3, 6), (4, 6), (7, 8), (9, 10), (9, 11), (9, 13), (10, 13), (4, 14), (5, 6), (8, 9), (9, 10), (3, 15), (4, 6), (0, 8), (1, 2), (4, 6), (5, 6), (1, 8), (2, 3), (4, 6), (5, 6), (6, 7), (6, 9), (3, 11), (1, 4), (2, 4), (3, 4), (7, 8), (3, 13), (4, 7), (4, 8), (5, 6), (7, 10), (8, 9), (9, 11), (12, 14), (5, 15), (7, 8), (0, 12), (7, 9), (8, 9), (7, 10), (9, 11), (11, 12), (2, 13), (6, 7), (9, 10), (11, 13), (6, 15), (10, 12), (11, 12), (11, 13), (8, 14), (11, 12), (1, 15), (1, 3), (0, 4), (1, 2), (6, 8), (7, 8), (1, 9), (2, 3), (2, 7), (8, 11), (4, 13), (6, 7), (2, 8), (3, 4), (5, 6), (3, 10), (6, 10), (9, 10), (1, 12), (2, 4), (8, 9), (5, 11), (6, 9), (7, 9), (8, 10), (9, 11), (6, 12), (12, 13), (11, 14), (12, 14), (0, 15), (0, 5), (1, 5), (4, 5), (2, 9), (11, 12), (13, 15), (0, 16), (6, 8), (2, 9), (0, 11), (12, 13), (1, 16), (3, 4), (3, 8), (7, 8), (9, 10), (13, 14), (7, 15), (1, 7), (4, 7), (5, 6), (6, 7), (5, 11), (6, 8), (13, 14), (0, 16), (1, 5), (1, 6), (7, 9), (10, 11), (9, 12), (11, 12), (12, 13), (2, 15), (3, 6), (4, 7), (6, 7), (4, 8), (5, 8), (7, 8), (1, 9), (8, 9), (8, 11), (0, 12), (1, 2), (6, 12), (9, 10), (10, 11), (11, 12), (11, 13), (13, 14), (0, 15), (7, 8), (8, 10), (9, 10), (11, 13), (12, 15), (13, 14), (0, 16), (1, 2), (4, 7), (8, 9), (2, 11), (5, 7), (6, 7), (6, 9), (8, 9), (4, 12), (7, 8), (7, 10), (8, 10), (9, 12), (10, 11), (10, 12), (5, 15), (12, 13), (14, 15), (14, 16), (3, 17), (4, 5), (4, 6), (5, 8), (6, 7), (6, 8), (7, 11), (8, 9), (7, 12), (9, 14), (11, 13), (10, 14), (12, 15), (0, 16), (2, 6), (4, 5), (4, 7), (6, 8), (7, 8), (4, 9), (8, 9), (8, 10), (12, 14), (12, 14), (9, 15), (9, 12), (10, 13), (12, 13), (14, 15), (0, 17), (6, 8), (2, 9), (4, 5), (7, 10), (8, 9), (9, 10), (9, 14), (10, 11), (4, 15), (9, 12), (13, 16), (3, 17), (4, 5), (5, 6), (8, 9), (10, 11), (0, 12), (1, 3), (2, 3), (1, 13), (5, 8), (6, 8), (6, 12), (8, 9), (7, 14), (8, 9), (13, 14), (7, 15), (8, 11), (11, 13), (2, 14), (11, 12), (10, 14), (11, 12), (11, 13), (11, 14), (5, 16), (0, 8), (3, 9), (4, 7), (6, 7), (7, 8), (1, 10), (7, 8), (4, 12), (5, 6), (13, 14), (9, 14), (10, 14), (12, 15), (13, 14), (4, 17), (6, 7), (1, 8), (5, 7), (6, 7), (2, 11), (4, 5), (6, 8), (0, 11), (8, 9), (5, 12), (7, 8), (6, 10), (7, 8), (9, 10), (10, 11), (11, 12), (6, 13), (7, 9), (9, 11), (12, 14), (8, 15), (4, 9), (5, 9), (6, 7), (7, 8), (7, 9), (7, 16), (12, 14), (13, 14), (14, 15), (2, 17), (1, 2), (3, 5), (4, 5), (3, 6), (5, 7), (6, 8), (7, 8), (1, 9), (4, 5), (10, 11), (12, 14), (12, 14), (2, 15), (4, 5), (8, 9), (8, 12), (9, 10), (9, 12), (12, 13), (13, 16), (15, 17), (14, 17), (6, 18), (2, 6), (3, 4), (5, 7), (4, 13), (6, 8), (7, 8), (9, 10), (9, 12), (10, 12), (11, 14), (6, 15), (14, 15), (15, 16), (14, 17), (4, 18), (5, 6), (0, 7), (3, 5), (1, 6), (2, 4), (3, 4), (3, 7), (5, 6), (6, 7), (0, 8), (4, 5), (3, 9), (4, 5), (6, 10), (7, 8), (10, 11), (11, 12), (11, 13), (12, 13), (9, 14), (10, 11), (10, 12), (11, 15), (14, 15), (9, 16), (8, 9), (11, 13), (12, 14), (13, 14), (14, 15), (4, 16), (11, 14), (11, 15), (6, 16), (10, 11), (8, 14), (10, 11), (11, 14), (1, 17), (2, 3), (4, 10), (5, 7), (6, 7), (11, 12), (1, 18), (2, 4), (3, 4), (2, 6), (4, 6), (9, 11), (11, 12), (12, 13), (12, 15), (13, 14), (0, 18), (4, 5), (5, 6), (4, 8), (5, 9), (6, 7), (6, 8), (8, 12), (11, 13), (10, 14), (11, 12), (13, 14), (15, 16), (13, 17), (15, 16), (16, 17), (0, 18), (2, 5), (3, 5), (4, 5), (11, 12), (7, 13), (8, 9), (8, 10), (12, 13), (10, 14), (6, 12), (7, 8), (6, 9), (10, 11), (10, 13), (6, 14), (8, 9), (10, 11), (0, 16), (2, 3), (10, 12), (11, 12), (14, 15), (7, 18), (9, 11), (10, 11), (11, 12), (12, 13), (11, 14), (4, 15), (10, 11), (10, 12), (11, 13), (8, 14), (12, 13), (14, 16), (15, 16), (5, 18), (3, 7), (4, 8), (9, 12), (12, 14), (12, 15), (14, 15), (15, 16), (9, 17), (7, 11), (5, 7), (6, 7), (4, 8), (5, 6), (6, 7), (10, 11), (15, 17), (3, 18), (5, 6), (3, 7), (6, 7), (2, 8), (9, 15), (11, 13), (11, 13), (14, 15), (0, 17), (5, 6), (5, 7), (4, 11), (6, 7), (12, 13), (8, 14), (8, 17), (9, 10), (9, 11), (10, 11), (11, 12), (8, 14), (10, 13), (13, 15), (5, 16), (13, 14), (2, 18), (9, 10), (8, 11), (9, 10), (12, 13), (1, 17), (8, 15), (9, 13), (12, 13), (10, 14), (12, 13), (11, 16), (12, 13), (12, 14), (15, 16), (11, 17), (15, 17), (7, 18), (8, 10), (9, 10), (12, 16), (14, 17), (0, 19), (7, 9), (8, 9), (9, 10), (4, 11), (5, 6), (10, 14), (7, 16), (5, 10), (9, 10), (11, 12), (15, 16), (15, 17), (16, 17), (5, 18), (0, 8), (3, 4), (5, 7), (6, 7), (1, 8), (4, 5), (9, 12), (8, 13), (9, 10), (11, 12), (10, 14), (10, 15), (11, 12), (10, 17), (11, 13), (15, 16), (15, 17), (17, 18), (0, 19), (1, 3), (13, 14), (0, 15), (2, 5), (3, 5), (4, 5), (5, 6), (6, 7), (4, 8), (7, 8), (4, 9), (5, 6), (7, 8), (6, 9), (3, 11), (8, 10), (9, 10), (9, 11), (7, 12), (8, 10), (9, 10), (9, 11), (10, 11), (12, 13), (13, 14), (5, 15), (9, 10), (11, 12), (13, 14), (15, 16), (6, 17), (8, 9), (0, 14), (6, 7), (13, 14), (8, 15), (11, 12), (9, 14), (11, 14), (12, 14), (1, 16), (2, 9), (6, 7), (13, 15), (14, 15), (14, 16), (3, 18), (5, 8), (9, 12), (4, 14), (8, 9), (9, 10), (10, 11), (11, 12), (11, 13), (7, 14), (12, 13), (14, 15), (15, 17), (16, 17), (15, 18), (8, 19), (3, 11), (4, 6), (8, 9), (4, 13), (5, 6), (12, 13), (12, 14), (6, 15), (9, 10), (11, 16), (12, 13), (12, 14), (14, 15), (9, 17), (10, 11), (10, 12), (13, 15), (4, 18), (1, 8), (2, 5), (4, 5), (2, 8), (9, 14), (12, 13), (13, 14), (12, 15), (7, 15), (10, 11), (11, 12), (13, 14), (8, 16), (5, 8), (4, 5), (3, 4), (1, 3), (4, 6), (6, 11), (9, 10), (0, 12), (2, 7), (5, 6), (13, 14), (4, 15), (11, 12), (5, 17), (10, 13), (14, 17), (1, 18), (2, 3), (4, 5), (10, 11), (3, 12), (5, 6), (11, 12), (10, 13), (7, 12), (9, 11), (8, 12), (4, 14), (12, 14), (1, 15), (2, 5), (3, 6), (6, 10), (9, 10), (11, 12), (4, 13), (9, 10), (9, 11), (9, 16), (11, 12), (9, 14), (15, 17), (6, 18), (7, 8), (9, 10), (7, 11), (8, 10), (4, 11), (5, 6), (5, 7), (7, 9), (8, 9), (8, 10), (9, 10), (9, 11), (5, 12), (6, 7), (10, 11), (12, 13), (13, 14), (7, 15), (2, 9), (4, 5), (7, 8), (6, 9), (7, 8), (11, 12), (13, 17), (10, 16), (11, 12), (13, 14), (15, 16), (8, 19), (11, 12), (12, 14), (14, 15), (0, 17), (4, 5), (12, 13), (10, 14), (11, 13), (12, 13), (11, 14), (5, 15), (6, 7), (6, 9), (2, 11), (9, 11), (8, 11), (9, 10), (9, 12), (10, 12), (4, 13), (5, 6), (5, 7), (7, 8), (5, 10), (12, 13), (12, 14), (11, 15), (8, 13), (10, 12), (14, 15), (14, 16), (15, 16), (14, 18), (16, 18), (5, 19), (10, 12), (6, 13), (12, 13), (14, 15), (17, 18), (0, 19), (1, 6), (1, 6), (5, 6), (8, 9), (12, 14), (1, 20), (4, 5), (6, 8), (2, 7), (4, 7), (5, 8), (7, 8), (9, 10), (9, 12), (11, 12), (2, 14), (3, 4), (5, 6), (7, 8), (4, 11), (10, 11), (14, 16), (16, 17), (7, 18), (10, 11), (9, 12), (11, 12), (13, 15), (13, 15), (7, 17), (10, 11), (12, 13), (14, 15), (15, 17), (2, 20), (3, 6), (3, 7), (5, 7), (7, 8), (8, 11), (9, 10), (10, 11), (11, 12), (11, 13), (1, 15), (7, 8), (5, 10), (9, 10), (10, 11), (13, 16), (15, 16), (8, 17), (10, 12), (12, 15), (9, 17), (16, 18), (14, 19), (15, 16), (15, 17), (16, 17), (16, 18), (0, 18), (1, 2), (7, 8), (3, 9), (2, 8), (5, 9), (8, 9), (1, 10), (4, 6), (5, 6), (7, 9), (10, 16), (12, 15), (13, 14), (13, 15), (13, 16), (14, 15), (14, 16), (15, 19), (16, 18), (17, 18), (16, 19), (17, 19), (3, 20), (4, 7), (6, 10), (5, 11), (8, 11), (9, 10), (3, 12), (2, 3), (0, 2), (8, 10), (11, 12), (13, 16), (7, 16), (13, 14), (9, 15), (10, 14), (11, 15), (13, 15), (14, 15), (10, 16), (9, 17), (14, 15), (15, 16), (4, 17), (5, 6), (1, 7), (3, 4), (2, 5), (3, 6), (4, 7), (1, 9), (3, 5), (6, 9), (3, 10), (4, 5), (6, 7), (5, 9), (14, 17), (15, 17), (16, 17), (10, 18), (4, 10), (3, 4), (1, 3), (2, 3), (2, 5), (9, 11), (10, 11), (11, 12), (11, 13), (13, 14), (6, 15), (9, 15), (4, 16), (5, 6), (11, 12), (6, 13), (11, 12), (8, 17), (9, 10), (11, 12), (14, 16), (11, 17), (15, 16), (16, 17), (8, 18), (9, 11), (10, 11), (10, 12), (14, 15), (0, 20), (1, 2), (4, 7), (9, 10), (11, 12), (15, 16), (1, 17), (2, 3), (3, 5), (4, 5), (9, 10), (16, 17), (14, 18), (15, 16), (2, 20), (7, 10), (10, 11), (2, 12), (4, 7), (5, 7), (6, 8), (12, 14), (13, 16), (14, 15), (14, 16), (15, 16), (15, 18), (16, 18), (12, 19), (14, 16), (15, 17), (12, 18), (14, 15), (15, 16), (16, 17), (17, 19), (0, 20), (0, 2), (5, 8), (8, 9), (11, 12), (12, 14), (13, 14), (17, 18), (9, 19), (12, 15), (14, 16), (15, 17), (17, 18), (16, 19), (11, 20), (12, 13), (14, 15), (12, 16), (15, 17), (19, 20), (8, 21), (7, 8), (5, 7), (3, 5), (4, 5), (4, 6), (8, 9), (8, 12), (8, 10), (10, 11), (6, 13), (7, 9), (8, 9), (7, 10), (9, 11), (10, 12), (12, 13), (13, 14), (13, 15), (14, 15), (11, 17), (13, 16), (15, 16), (8, 19), (10, 11), (3, 12), (5, 7), (6, 7), (3, 9), (8, 9), (12, 13), (14, 15), (8, 19), (9, 11), (10, 15), (11, 13), (12, 13), (11, 15), (12, 14), (13, 14), (14, 15), (15, 19), (16, 18), (17, 19), (18, 19), (8, 20), (10, 11), (13, 15), (14, 15), (18, 20), (19, 20), (5, 21), (7, 9), (8, 9), (6, 10), (7, 8), (11, 14), (12, 15), (13, 17), (0, 18), (6, 7), (8, 9), (8, 10), (11, 13), (17, 18), (9, 20), (8, 9), (7, 8), (6, 7), (5, 6), (3, 5), (6, 8), (7, 8), (5, 13), (6, 7), (11, 13), (12, 13), (9, 14), (13, 14), (0, 17), (5, 6), (4, 7), (5, 6), (8, 9), (7, 10), (8, 9), (10, 11), (2, 12), (3, 13), (7, 8), (7, 9), (7, 11), (8, 12), (13, 15), (14, 15), (3, 18), (5, 6), (8, 15), (11, 12), (5, 19), (10, 11), (5, 14), (6, 7), (8, 9), (8, 10), (9, 10), (8, 11), (10, 11), (9, 13), (9, 14), (12, 14), (13, 14), (12, 16), (14, 15), (14, 16), (8, 17), (10, 12), (11, 12), (6, 13), (12, 16), (15, 16), (13, 18), (16, 17), (0, 21), (1, 3), (2, 3), (2, 4), (3, 4), (2, 5), (0, 6), (1, 3), (6, 7), (7, 10), (5, 9), (6, 8), (7, 8), (9, 10), (10, 11), (1, 12), (3, 5), (12, 13), (6, 14), (11, 12), (11, 13), (14, 15), (14, 16), (11, 17), (12, 15), (13, 16), (6, 18), (7, 8), (9, 10), (15, 16), (14, 19), (15, 16), (16, 17), (17, 18), (2, 20), (4, 5), (5, 6), (10, 11), (9, 16), (11, 13), (11, 15), (12, 13), (12, 15), (12, 16), (14, 15), (16, 18), (17, 18), (10, 19), (11, 12), (13, 14), (2, 21), (3, 4), (6, 10), (7, 8), (8, 10), (8, 11), (12, 14), (10, 15), (11, 12), (11, 13), (11, 14), (14, 15), (0, 17), (1, 5), (3, 5), (4, 5), (8, 11), (9, 10), (6, 11), (7, 9), (8, 9), (9, 10), (10, 11), (11, 12), (12, 14), (13, 14), (13, 16), (10, 17), (12, 21), (13, 15), (14, 17), (17, 18), (11, 19), (18, 19), (12, 20), (13, 15), (14, 15), (6, 16), (7, 10), (8, 10), (15, 17), (4, 18), (6, 7), (12, 13), (15, 19), (16, 17), (18, 19), (18, 20), (9, 21), (6, 11), (7, 8), (8, 12), (12, 13), (2, 15), (5, 7), (6, 7), (7, 10), (11, 13), (12, 13), (9, 15), (10, 11), (15, 16), (0, 19), (1, 2), (1, 3), (3, 4), (9, 10), (7, 11), (6, 7), (11, 12), (2, 15), (4, 5), (8, 9), (8, 10), (8, 11), (11, 12), (11, 13), (12, 15), (14, 15), (4, 16), (5, 6), (11, 12), (9, 13), (10, 12), (11, 12), (10, 13), (12, 13), (8, 15), (10, 11), (13, 15), (9, 18), (10, 11), (10, 12), (13, 14), (14, 15), (0, 17), (3, 4), (1, 5), (2, 4), (3, 4), (3, 5), (6, 10), (6, 9), (8, 9), (9, 10), (11, 14), (14, 15), (18, 19), (1, 20), (4, 5), (0, 6), (8, 9), (6, 11), (8, 10), (9, 10), (12, 14), (13, 14), (8, 16), (5, 10), (1, 5), (5, 6), (9, 11), (14, 15), (10, 18), (11, 14), (7, 19), (12, 13), (14, 16), (15, 17), (17, 18), (18, 19), (4, 20), (6, 7), (8, 9), (10, 11), (2, 12), (4, 5), (7, 8), (7, 11), (7, 14), (9, 10), (16, 17), (13, 18), (14, 15), (9, 19), (15, 16), (13, 17), (14, 15), (14, 16), (15, 17), (17, 19), (19, 21), (0, 22), (2, 3), (4, 5), (0, 9), (2, 3), (7, 8), (8, 9), (9, 10), (11, 13), (3, 14), (3, 7), (11, 13), (8, 15), (9, 10), (11, 13), (10, 16), (7, 18), (8, 10), (14, 16), (15, 16), (17, 19), (18, 19), (12, 20), (16, 20), (0, 21), (1, 2), (2, 4), (3, 4), (2, 5), (3, 6), (7, 9), (8, 9), (2, 12), (3, 5), (4, 5), (4, 6), (5, 7), (11, 12), (10, 13), (12, 13), (11, 14), (13, 14), (13, 15), (15, 18), (6, 21), (7, 9), (9, 10), (8, 12), (10, 12), (13, 15), (14, 15), (14, 16), (16, 17), (17, 18), (17, 19), (19, 20), (18, 21), (19, 21), (3, 22), (1, 6), (2, 4), (3, 4), (7, 8), (12, 13), (11, 14), (13, 14), (9, 16), (11, 12), (11, 13), (12, 13), (14, 15), (9, 17), (10, 11), (15, 17), (16, 17), (5, 18), (7, 8), (8, 12), (11, 12), (14, 15), (0, 19), (1, 2), (2, 3), (1, 4), (4, 5), (17, 19), (18, 19), (6, 20), (7, 8), (6, 9), (3, 12), (11, 12), (4, 13), (5, 7), (10, 14), (15, 19), (16, 17), (19, 21), (20, 21), (11, 22), (16, 17), (17, 18), (12, 21), (13, 14), (14, 15), (10, 19), (11, 12), (15, 17), (18, 19), (10, 22), (8, 14), (9, 10), (12, 14), (13, 14), (15, 16), (7, 17), (11, 12), (9, 15), (10, 12), (11, 12), (13, 14), (11, 15), (10, 12), (11, 12), (11, 14), (12, 14), (6, 16), (7, 8), (7, 9), (9, 10), (10, 12), (10, 13), (0, 18), (2, 3), (1, 4), (3, 4), (11, 12), (13, 14), (13, 15), (15, 19), (7, 17), (6, 12), (7, 8), (10, 11), (9, 12), (10, 11), (11, 12), (15, 16), (14, 16), (13, 14), (14, 16), (15, 16), (17, 18), (15, 19), (2, 20), (3, 6), (4, 7), (4, 9), (5, 7), (6, 7), (1, 10), (4, 8), (7, 10), (2, 11), (3, 6), (5, 7), (9, 11), (12, 15), (13, 15), (14, 15), (8, 17), (8, 10), (11, 12), (14, 18), (12, 21), (14, 15), (15, 16), (3, 22), (8, 9), (10, 12), (11, 12), (9, 16), (11, 13), (15, 16), (16, 17), (13, 20), (15, 17), (16, 17), (4, 20), (6, 10), (5, 10), (6, 9), (7, 8), (7, 9), (7, 10), (11, 13), (12, 13), (13, 14), (14, 15), (15, 21), (8, 18), (13, 15), (15, 16), (19, 20), (5, 22), (8, 9), (8, 11), (9, 11), (13, 14), (13, 16), (9, 16), (10, 12), (11, 12), (12, 13), (12, 14), (14, 15), (15, 17), (9, 16), (12, 16), (14, 15), (0, 18), (1, 4), (3, 5), (3, 6), (6, 7), (12, 14), (12, 14), (1, 15), (2, 3), (2, 6), (5, 6), (3, 7), (6, 7), (5, 8), (10, 14), (11, 12), (13, 14), (4, 17), (7, 10), (9, 11), (13, 14), (12, 17), (13, 15), (14, 15), (13, 18), (14, 15), (16, 18), (11, 19), (12, 13), (13, 14), (14, 15), (15, 16), (16, 18), (17, 18), (18, 19), (10, 20), (11, 12), (11, 14), (12, 13), (15, 16), (17, 18), (15, 19), (16, 19), (17, 19), (9, 20), (10, 14), (11, 14), (13, 15), (12, 15), (13, 14), (16, 18), (5, 21), (7, 9), (6, 9), (9, 10), (12, 13), (13, 14), (15, 17), (15, 17), (17, 19), (18, 19), (19, 20), (6, 21), (10, 12), (11, 12), (7, 13), (8, 11), (9, 10), (9, 11), (9, 12), (10, 11), (11, 13), (13, 14), (10, 15), (11, 12), (11, 13), (13, 16), (16, 17), (12, 18), (8, 19), (7, 13), (8, 10), (9, 10), (10, 11), (12, 13), (16, 17), (19, 20), (0, 22), (1, 7), (2, 3), (2, 4), (3, 5), (5, 6), (2, 7), (3, 4), (2, 8), (8, 9), (8, 10), (6, 11), (7, 8), (8, 9), (9, 10), (10, 12), (11, 12), (6, 13), (10, 13), (5, 14), (9, 10), (12, 13), (13, 17), (6, 14), (3, 6), (1, 3), (2, 3), (3, 5), (4, 6), (13, 14), (14, 15), (16, 17), (16, 18), (1, 23), (3, 6), (5, 7), (7, 8), (8, 9), (9, 12), (11, 13), (13, 14), (14, 19), (15, 16), (6, 21), (13, 16), (14, 16), (15, 16), (18, 20), (6, 22), (5, 7), (3, 5), (2, 3), (1, 2), (6, 7), (3, 7), (6, 7), (8, 14), (13, 14), (10, 15), (12, 14), (18, 19), (18, 20), (13, 20), (9, 21), (13, 17), (0, 18), (5, 7), (4, 8), (7, 8), (7, 10), (8, 11), (9, 10), (8, 11), (13, 14), (14, 15), (15, 17), (16, 17), (15, 18), (17, 19), (18, 20), (20, 21), (18, 22), (19, 22), (4, 23), (8, 12), (9, 10), (2, 11), (4, 11), (9, 10), (10, 12), (14, 16), (2, 17), (6, 8), (9, 11), (8, 18), (3, 9), (7, 9), (6, 9), (7, 8), (7, 9), (9, 10), (10, 11), (11, 12), (6, 13), (8, 10), (9, 10), (11, 12), (13, 14), (10, 15), (12, 13), (11, 14), (13, 14), (15, 16), (16, 17), (18, 19), (19, 20), (20, 21), (5, 22), (8, 9), (7, 10), (7, 11), (12, 13), (12, 15), (13, 14), (10, 16), (11, 13), (15, 16), (14, 17), (18, 19), (18, 21), (14, 23), (7, 14), (9, 10), (8, 12), (9, 10), (10, 13), (12, 13), (8, 14), (12, 14), (13, 14), (10, 15), (11, 16), (15, 16), (18, 19), (13, 19), (15, 16), (15, 17), (0, 19), (3, 4), (5, 6), (6, 7), (1, 8), (4, 5), (4, 6), (4, 7), (5, 6), (12, 14), (13, 14), (14, 15), (15, 16), (16, 17), (17, 18), (18, 19), (9, 20), (8, 11), (9, 10), (10, 11), (11, 12), (12, 15), (13, 14), (13, 22), (14, 15), (14, 16), (15, 16), (3, 23), (4, 5), (3, 10), (4, 5), (8, 10), (7, 11), (8, 10), (1, 11), (9, 11), (6, 13), (10, 11), (9, 13), (13, 14), (13, 15), (15, 16), (16, 17), (11, 18), (3, 19), (11, 12), (9, 15), (10, 11), (10, 12), (6, 13), (13, 14), (13, 15), (13, 16), (14, 15), (15, 17), (12, 16), (11, 12), (14, 16), (15, 16), (10, 21), (8, 11), (7, 8), (6, 7), (3, 6), (9, 11), (1, 12), (9, 11), (10, 11), (11, 12), (12, 13), (8, 15), (13, 14), (13, 15), (14, 15), (15, 16), (16, 17), (17, 18), (11, 20), (12, 15), (1, 16), (10, 11), (15, 17), (16, 18), (16, 19), (18, 20), (19, 20), (6, 21), (9, 10), (4, 12), (8, 10), (4, 11), (8, 9), (5, 12), (7, 11), (9, 11), (8, 13), (11, 12), (10, 13), (11, 12), (17, 18), (7, 19), (8, 9), (4, 10), (5, 8), (6, 8), (13, 14), (12, 19), (15, 16), (18, 19), (15, 20), (17, 18), (18, 19), (17, 20), (18, 19), (10, 18), (8, 10), (11, 12), (15, 16), (10, 16), (12, 13), (13, 14), (13, 16), (15, 16), (15, 18), (16, 18), (13, 19), (15, 17), (17, 19), (21, 22), (0, 23), (1, 4), (2, 4), (3, 9), (6, 7), (8, 9), (5, 12), (6, 7), (9, 14), (12, 13), (6, 15), (8, 9), (11, 14), (12, 13), (12, 14), (13, 14), (8, 17), (13, 15), (14, 15), (17, 19), (9, 20), (11, 12), (0, 17), (2, 3), (8, 10), (14, 15), (15, 16), (16, 18), (18, 19), (17, 20), (18, 21), (19, 20), (0, 23), (3, 5), (4, 7), (7, 8), (8, 9), (9, 10), (10, 11), (11, 12), (12, 13), (3, 14), (6, 7), (6, 8), (7, 8), (4, 9), (12, 14), (15, 20), (17, 19), (18, 19), (19, 20), (5, 21), (7, 8), (7, 9), (10, 11), (10, 12), (9, 13), (6, 11), (4, 6), (2, 4), (3, 4), (7, 11), (9, 11), (13, 14), (11, 16), (12, 13), (14, 16), (5, 17), (8, 9), (7, 9), (8, 9), (5, 18), (11, 12), (8, 13), (12, 14), (15, 16), (8, 19), (4, 16), (5, 6), (5, 9), (13, 14), (11, 17), (12, 20), (13, 15), (15, 16), (15, 17), (17, 18), (14, 21), (16, 18), (16, 18), (20, 21), (20, 22), (16, 23), (14, 18), (16, 17), (16, 19), (17, 18), (17, 20), (18, 20), (21, 22), (18, 23), (6, 24), (2, 6), (1, 2), (3, 4), (6, 8), (8, 10), (14, 16), (14, 17), (16, 17), (16, 18), (8, 18), (10, 11), (9, 13), (10, 11), (12, 13), (12, 14), (13, 14), (7, 18), (2, 9), (4, 9), (6, 7), (8, 9), (6, 10), (8, 9), (9, 10), (14, 16), (16, 17), (7, 18), (8, 9), (8, 10), (3, 17), (6, 7), (5, 9), (6, 7), (6, 8), (7, 9), (9, 10), (12, 15), (13, 15), (14, 15), (15, 16), (13, 19), (12, 16), (13, 14), (13, 15), (17, 19), (18, 19), (13, 20), (15, 16), (8, 20), (10, 13), (12, 13), (4, 15), (4, 8), (6, 8), (7, 8), (13, 15), (12, 16), (14, 15), (11, 17), (14, 18), (15, 16), (15, 17), (15, 19), (16, 17), (18, 20), (8, 21), (9, 10), (10, 12), (11, 15), (14, 15), (12, 16), (14, 19), (4, 21), (15, 16), (15, 18), (16, 18), (20, 21), (9, 22), (10, 12), (13, 14), (13, 15), (14, 18), (15, 19), (16, 17), (16, 18), (16, 20), (17, 18), (0, 23), (7, 8), (8, 9), (9, 10), (10, 11), (10, 15), (12, 13), (14, 15), (16, 19), (20, 21), (4, 22), (7, 9), (14, 16), (11, 16), (12, 15), (13, 15), (12, 17), (14, 18), (15, 16), (16, 17), (16, 18), (18, 19), (19, 20), (19, 22), (21, 22), (11, 23), (14, 15), (15, 17), (16, 17), (1, 24), (2, 3), (2, 4), (4, 5), (2, 6), (4, 5), (6, 7), (7, 8), (8, 9), (9, 10), (11, 18), (13, 14), (14, 15), (15, 16), (18, 19), (7, 20), (9, 10), (13, 14), (3, 23), (1, 8), (5, 9), (7, 8), (8, 9), (9, 10), (6, 11), (6, 8), (13, 15), (16, 17), (19, 20), (21, 22), (9, 24), (11, 13), (12, 13), (14, 15), (9, 16), (10, 11), (10, 12), (2, 17), (8, 10), (3, 11), (5, 6), (6, 8), (9, 10), (9, 13), (10, 11), (3, 12), (5, 6), (3, 12), (7, 8), (9, 10), (5, 11), (8, 10), (8, 12), (12, 13), (13, 14), (14, 15), (16, 17), (16, 18), (13, 20), (14, 20), (14, 16), (14, 21), (15, 16), (17, 20), (18, 20), (19, 20), (20, 21), (18, 22), (21, 23), (22, 23), (1, 24), (2, 3), (3, 7), (5, 8), (4, 9), (6, 7), (8, 10), (6, 9), (7, 8), (7, 9), (8, 9), (11, 12), (6, 14), (3, 7), (4, 8), (10, 15), (18, 20), (9, 22), (12, 16), (17, 19), (16, 23), (19, 20), (21, 22), (12, 24), (13, 14), (12, 15), (15, 16), (16, 17), (15, 18), (18, 19), (14, 20), (15, 19), (12, 21), (21, 22), (0, 23), (11, 12), (5, 13), (6, 11), (7, 9), (8, 9), (8, 10), (2, 12), (3, 6), (4, 5), (4, 6), (5, 6), (3, 7), (6, 7), (6, 8), (8, 9), (6, 10), (9, 10), (6, 13), (10, 11), (11, 14), (12, 13), (12, 14), (12, 17), (13, 17), (14, 17), (15, 16), (13, 18), (17, 18), (19, 21), (3, 22), (4, 5), (6, 7), (8, 9), (8, 10), (10, 11), (7, 12), (8, 11), (10, 11), (8, 13), (17, 18), (8, 24), (10, 11), (12, 14), (13, 16), (16, 17), (17, 19), (18, 19), (19, 20), (20, 21), (21, 22), (14, 23), (17, 20), (18, 19), (19, 20), (18, 21), (19, 20), (20, 21), (19, 22), (22, 23), (11, 24), (13, 15), (14, 15), (14, 16), (15, 17), (16, 18), (17, 18), (0, 20), (1, 2), (1, 3), (3, 4), (7, 8), (8, 9), (3, 10), (4, 5), (8, 9), (10, 11), (6, 14), (12, 13), (17, 19), (19, 20), (18, 23), (19, 20), (19, 21), (20, 21), (22, 23), (15, 24), (16, 18), (18, 19), (5, 20), (6, 7), (14, 15), (6, 17), (11, 12), (9, 13), (10, 14), (11, 15), (13, 16), (14, 17), (15, 16), (17, 18), (18, 19), (19, 22), (20, 22), (9, 23), (4, 17), (7, 8), (8, 9), (11, 12), (9, 15), (10, 11), (10, 15), (11, 15), (13, 15), (13, 18), (14, 15), (15, 16), (8, 20), (0, 11), (2, 3), (2, 5), (3, 5), (5, 6), (6, 9), (7, 8), (8, 9), (7, 11), (8, 9), (10, 11), (11, 12), (10, 17), (11, 12), (12, 14), (12, 15), (14, 15), (0, 17), (7, 9), (9, 11), (10, 11), (14, 16), (14, 17), (18, 20), (20, 21), (18, 22), (11, 23), (13, 14), (20, 21), (16, 24), (14, 22), (16, 17), (13, 24), (6, 25), (7, 8), (1, 10), (4, 7), (3, 7), (6, 8), (8, 9), (3, 10), (5, 7), (6, 8), (10, 11), (12, 13), (0, 15), (8, 9), (8, 10), (9, 11), (8, 14), (10, 11), (11, 12), (9, 14), (13, 14), (10, 15), (11, 14), (3, 17), (5, 9), (6, 10), (10, 11), (11, 12), (12, 13), (13, 14), (13, 15), (13, 17), (14, 15), (13, 17), (17, 18), (15, 19), (2, 20), (6, 7), (5, 7), (6, 7), (3, 8), (6, 7), (7, 9), (5, 10), (7, 8), (9, 11), (10, 12), (12, 13), (9, 14), (13, 15), (14, 16), (15, 17), (16, 18), (11, 20), (12, 13), (17, 18), (1, 21), (2, 3), (1, 5), (8, 11), (9, 10), (14, 15), (6, 16), (13, 14), (10, 15), (9, 13), (10, 11), (11, 12), (11, 13), (11, 14), (12, 17), (13, 14), (17, 19), (18, 19), (19, 20), (16, 21), (5, 22), (7, 8), (8, 9), (12, 13), (6, 14), (8, 10), (11, 13), (11, 13), (14, 15), (11, 16), (13, 15), (16, 17), (16, 19), (17, 19), (10, 21), (19, 21), (21, 22), (3, 24), (2, 8), (3, 4), (4, 9), (5, 9), (6, 11), (7, 9), (7, 10), (8, 9), (6, 12), (8, 9), (6, 15), (11, 13), (10, 20), (13, 15), (17, 19), (18, 19), (12, 21), (8, 21), (10, 12), (15, 16), (16, 17), (15, 18), (16, 17), (16, 18), (13, 19), (16, 17), (18, 20), (19, 21), (15, 22), (22, 23), (21, 24), (9, 25), (10, 13), (11, 12), (11, 13), (12, 13), (14, 15), (15, 16), (15, 17), (17, 19), (18, 19), (18, 20), (19, 20), (20, 21), (21, 22), (6, 24), (7, 8), (7, 9), (11, 13), (12, 13), (14, 18), (16, 18), (18, 19), (19, 20), (20, 21), (21, 22), (20, 24), (21, 24), (22, 24), (7, 25), (8, 9), (8, 12), (10, 11), (11, 12), (12, 13), (10, 14), (11, 12), (11, 13), (12, 13), (15, 16), (17, 19), (18, 19), (15, 20), (18, 19), (1, 23), (5, 7), (6, 7), (6, 8), (7, 9), (0, 14), (5, 12), (8, 10), (9, 10), (11, 12), (6, 16), (7, 9), (8, 9), (8, 10), (9, 11), (9, 12), (12, 13), (11, 14), (10, 15), (14, 15), (11, 16), (12, 17), (13, 15), (14, 15), (14, 18), (3, 16), (2, 3), (1, 2), (3, 4), (14, 15), (14, 17), (3, 23), (4, 5), (5, 6), (11, 13), (12, 13), (12, 14), (8, 15), (9, 10), (10, 12), (14, 15), (17, 24), (8, 25), (9, 10), (10, 11), (12, 13), (17, 20), (18, 20), (20, 21), (2, 22), (6, 7), (9, 10), (10, 11), (12, 13), (18, 19), (15, 20), (15, 17), (19, 20), (17, 21), (18, 19), (20, 21), (20, 23), (19, 24), (16, 19), (15, 16), (11, 15), (15, 16), (20, 23), (21, 23), (22, 23), (3, 25), (4, 5), (7, 8), (6, 9), (7, 9), (8, 10), (1, 12), (4, 8), (6, 8), (7, 10), (8, 11), (10, 11), (9, 12), (10, 13), (13, 16), (13, 20), (15, 20), (2, 22), (5, 8), (7, 8), (9, 12), (15, 16), (15, 18), (20, 21), (19, 22), (21, 22), (10, 23), (1, 25), (2, 3), (3, 4), (8, 9), (8, 10), (12, 13), (5, 14), (6, 10), (7, 8), (8, 10), (7, 10), (13, 15), (7, 17), (15, 17), (20, 21), (4, 22), (7, 8), (7, 9), (12, 16), (13, 17), (16, 18), (17, 18), (17, 19), (9, 20), (11, 14), (12, 13), (15, 18), (16, 18), (16, 19), (18, 21), (21, 22), (16, 23), (11, 18), (12, 13), (14, 17), (15, 16), (12, 17), (13, 14), (16, 18), (12, 19), (16, 17), (5, 20), (5, 10), (11, 12), (11, 13), (13, 14), (14, 15), (13, 16), (14, 15), (16, 18), (17, 18), (16, 19), (20, 21), (7, 22), (14, 15), (18, 24), (20, 22), (21, 22), (9, 23), (10, 12), (11, 12), (15, 17), (16, 21), (18, 19), (19, 20), (17, 21), (18, 19), (18, 20), (19, 20), (13, 25), (11, 16), (13, 14), (0, 17), (2, 4), (3, 4), (2, 5), (3, 4), (6, 7), (10, 11), (10, 15), (13, 14), (17, 19), (6, 21), (7, 11), (11, 12), (12, 13), (15, 18), (16, 19), (17, 18), (19, 20), (5, 24), (6, 21), (11, 12), (12, 13), (13, 14), (14, 15), (15, 16), (15, 17), (16, 18), (17, 19), (0, 25), (2, 3), (2, 10), (4, 5), (5, 6), (6, 7), (7, 9), (8, 10), (7, 11), (0, 15), (3, 5), (4, 5), (12, 13), (9, 19), (12, 13), (10, 14), (11, 13), (14, 15), (12, 16), (13, 14), (13, 16), (0, 17), (2, 10), (4, 7), (5, 7), (6, 7), (17, 21), (18, 20), (19, 20), (18, 21), (2, 22), (3, 4), (6, 7), (4, 8), (5, 12), (10, 12), (11, 13), (19, 20), (20, 21), (7, 23), (8, 10), (13, 16), (17, 18), (19, 20), (17, 21), (17, 21), (20, 21), (23, 24), (24, 25), (1, 26), (2, 6), (4, 5), (6, 7), (9, 10), (10, 11), (14, 18), (15, 16), (15, 17), (12, 19), (14, 15), (15, 16), (17, 18), (14, 19), (16, 17), (13, 20), (15, 16), (16, 18), (17, 18), (18, 19), (16, 21), (17, 18), (4, 20), (9, 11), (10, 12), (11, 13), (12, 13), (13, 14), (8, 17), (10, 12), (11, 12), (11, 13), (12, 14), (13, 14), (15, 16), (13, 17), (16, 17), (20, 22), (11, 21), (16, 21), (18, 19), (19, 20), (18, 21), (19, 20), (4, 22), (5, 6), (6, 7), (17, 18), (17, 23), (18, 20), (18, 20), (21, 22), (22, 23), (8, 24), (9, 10), (8, 11), (11, 12), (12, 14), (13, 14), (15, 18), (17, 18), (16, 19), (18, 19), (12, 20), (10, 16), (12, 14), (13, 14), (11, 16), (17, 20), (19, 20), (19, 21), (21, 22), (5, 26), (6, 11), (7, 8), (9, 12), (0, 17), (1, 2), (1, 3), (4, 5), (12, 14), (15, 16), (18, 20), (19, 20), (19, 21), (13, 22), (14, 15), (0, 17), (10, 14), (12, 13), (11, 14), (12, 13), (13, 14), (13, 17), (16, 17), (17, 20), (19, 20), (22, 23), (13, 25), (15, 16), (15, 18), (16, 17), (17, 18), (18, 19), (18, 21), (20, 21), (14, 23), (16, 17), (21, 23), (23, 24), (2, 26), (3, 10), (5, 8), (4, 9), (5, 6), (5, 7), (6, 8), (6, 9), (9, 10), (2, 13), (3, 4), (3, 13), (7, 8), (10, 13), (12, 13), (11, 14), (12, 16), (13, 16), (14, 15), (14, 16), (19, 20), (16, 21), (18, 19), (21, 22), (21, 23), (17, 24), (18, 19), (17, 21), (20, 22), (1, 26), (3, 6), (5, 6), (6, 7), (7, 9), (8, 9), (8, 10), (10, 12), (11, 12), (13, 15), (14, 15), (6, 16), (9, 14), (10, 11), (12, 13), (5, 15), (9, 10), (11, 17), (11, 14), (15, 19), (17, 18), (22, 24), (16, 26), (12, 18), (10, 12), (15, 17), (16, 17), (17, 21), (18, 20), (19, 21), (22, 24), (20, 24), (8, 25), (9, 10), (9, 11), (10, 11), (14, 15), (13, 18), (15, 16), (17, 18), (14, 19), (9, 20), (12, 13), (10, 14), (17, 18), (18, 19), (0, 21), (1, 2), (12, 15), (14, 15), (14, 16), (16, 17), (17, 18), (18, 19), (18, 20), (5, 22), (6, 7), (5, 8), (11, 12), (6, 13), (20, 21), (9, 26), (11, 13), (12, 13), (12, 14), (2, 15), (3, 4), (10, 12), (11, 13), (3, 16), (4, 5), (6, 9), (7, 8), (7, 11), (13, 20), (17, 18), (14, 20), (18, 19), (18, 24), (20, 21), (22, 23), (22, 24), (6, 25), (7, 8), (11, 12), (10, 13), (11, 14), (15, 19), (6, 21), (7, 9), (14, 16), (15, 16), (19, 21), (20, 21), (20, 22), (21, 22), (5, 23), (6, 8), (9, 12), (10, 11), (17, 18), (18, 19), (21, 23), (21, 24), (22, 23), (0, 26), (3, 7), (4, 7), (7, 8), (8, 9), (7, 11), (9, 10), (8, 11), (9, 10), (9, 11), (12, 13), (9, 14), (11, 15), (12, 13), (11, 15), (13, 14), (18, 21), (17, 19), (15, 17), (17, 19), (16, 19), (17, 18), (17, 20), (20, 21), (19, 22), (20, 21), (13, 23), (15, 17), (16, 18), (17, 18), (2, 19), (4, 6), (0, 15), (1, 2), (6, 13), (7, 13), (7, 13), (8, 9), (12, 13), (13, 14), (7, 15), (10, 12), (13, 14), (13, 16), (14, 16), (10, 18), (12, 14), (13, 14), (15, 16), (15, 17), (16, 17), (9, 18), (11, 12), (15, 16), (15, 17), (17, 19), (20, 22), (3, 24), (4, 5), (6, 10), (15, 18), (17, 18), (21, 22), (9, 25), (12, 14), (15, 16), (19, 20), (20, 21), (13, 22), (16, 18), (17, 18), (15, 19), (18, 19), (22, 23), (20, 24), (20, 23), (3, 26), (6, 9), (7, 9), (8, 10), (9, 11), (7, 13), (8, 9), (9, 10), (11, 13), (12, 14), (8, 14), (12, 13), (14, 15), (16, 17), (6, 19), (7, 11), (8, 11), (9, 10), (9, 11), (11, 13), (12, 14), (14, 15), (11, 16), (12, 13), (14, 16), (15, 16), (17, 18), (18, 19), (20, 21), (1, 22), (2, 3), (9, 10), (11, 12), (1, 13), (9, 11), (15, 16), (19, 20), (20, 21), (21, 22), (13, 23), (16, 17), (3, 18), (4, 7), (5, 7), (6, 8), (7, 8), (7, 9), (9, 10), (8, 11), (9, 12), (10, 11), (8, 13), (7, 12), (8, 9), (10, 14), (11, 15), (15, 16), (15, 18), (16, 17), (16, 18), (15, 19), (16, 18), (15, 19), (17, 20), (19, 20), (19, 21), (23, 24), (15, 25), (12, 17), (16, 17), (14, 17), (15, 16), (15, 17), (12, 18), (3, 19), (7, 13), (8, 10), (9, 10), (10, 11), (11, 12), (20, 21), (25, 26), (3, 27), (3, 8), (4, 6), (7, 8), (9, 13), (7, 11), (8, 10), (9, 10), (9, 11), (10, 11), (15, 18), (1, 23), (6, 7), (11, 12), (10, 14), (11, 12), (13, 14), (17, 18), (3, 19), (5, 7), (7, 8), (8, 9), (10, 16), (18, 19), (17, 19), (18, 19), (3, 21), (4, 8), (5, 7), (7, 9), (13, 14), (14, 22), (15, 19), (17, 22), (20, 22), (21, 22), (12, 23), (13, 15), (20, 21), (22, 24), (15, 25), (11, 15), (8, 12), (5, 8), (4, 5), (0, 4), (7, 8), (11, 12), (11, 13), (2, 14), (3, 4), (4, 5), (3, 8), (6, 7), (7, 8), (7, 9), (9, 12), (11, 12), (14, 15), (15, 16), (2, 18), (12, 13), (11, 14), (12, 13), (10, 15), (11, 16), (14, 15), (18, 23), (19, 21), (19, 23), (21, 22), (21, 23), (21, 25), (19, 25), (24, 25), (7, 27), (5, 9), (6, 8), (7, 8), (10, 11), (9, 14), (10, 12), (11, 14), (12, 14), (13, 14), (10, 17), (18, 20), (19, 20), (15, 21), (1, 22), (5, 6), (5, 9), (12, 13), (12, 14), (10, 17), (11, 12), (16, 17), (18, 21), (16, 22), (11, 23), (12, 13), (1, 24), (3, 5), (15, 17), (15, 17), (16, 18), (17, 21), (19, 20), (21, 22), (22, 23), (13, 25), (15, 16), (6, 20), (12, 18), (16, 17), (15, 17), (14, 15), (13, 14), (15, 17), (16, 17), (14, 19), (17, 18), (7, 20), (8, 10), (9, 10), (11, 12), (11, 13), (11, 14), (12, 15), (13, 14), (15, 16), (16, 17), (21, 22), (21, 25), (22, 25), (18, 26), (21, 22), (22, 23), (25, 26), (21, 27), (19, 21), (16, 19), (14, 16), (11, 14), (8, 11), (10, 11), (16, 17), (17, 19), (16, 20), (15, 16), (13, 15), (8, 13), (7, 8), (12, 13), (9, 14), (11, 12), (10, 13), (13, 14), (8, 15), (9, 10), (14, 15), (11, 19), (13, 14), (16, 19), (16, 18), (16, 19), (2, 20), (4, 7), (4, 11), (12, 13), (6, 15), (8, 9), (12, 14), (12, 14), (14, 15), (16, 17), (18, 19), (6, 21), (7, 8), (9, 10), (13, 15), (8, 17), (12, 14), (10, 14), (11, 13), (12, 13), (13, 14), (15, 16), (11, 16), (14, 16), (14, 18), (15, 16), (18, 19), (19, 20), (5, 23), (10, 13), (11, 12), (11, 13), (9, 14), (17, 26), (19, 20), (12, 21), (15, 17), (16, 17), (16, 18), (17, 18), (13, 19), (14, 16), (18, 21), (19, 21), (18, 22), (15, 20), (17, 19), (21, 23), (19, 24), (23, 24), (17, 26), (15, 17), (14, 15), (13, 14), (10, 13), (1, 13), (3, 4), (5, 11), (6, 8), (9, 10), (6, 11), (7, 8), (8, 9), (7, 10), (9, 10), (8, 11), (9, 10), (19, 21), (12, 21), (14, 15), (2, 22), (4, 6), (5, 6), (5, 7), (7, 8), (10, 11), (10, 12), (11, 12), (13, 14), (17, 19), (18, 19), (17, 20), (19, 21), (20, 22), (23, 24), (8, 25), (9, 10), (11, 16), (12, 14), (15, 16), (4, 17), (5, 6), (6, 7), (7, 12), (8, 9), (8, 10), (14, 17), (16, 17), (16, 19), (17, 20), (19, 21), (20, 23), (21, 23), (22, 23), (20, 24), (10, 26), (15, 16), (16, 17), (17, 18), (18, 19), (21, 22), (24, 26), (0, 27), (4, 5), (10, 11), (4, 11), (3, 4), (7, 9), (8, 9), (8, 10), (9, 11), (10, 11), (11, 12), (13, 14), (12, 22), (13, 17), (16, 18), (18, 19), (17, 20), (18, 22), (19, 20), (13, 24), (15, 16), (20, 24), (21, 22), (22, 23), (5, 25), (6, 7), (11, 12), (10, 13), (11, 12), (12, 13), (8, 17), (16, 17), (16, 19), (17, 19), (6, 20), (9, 10), (14, 16), (14, 16), (23, 24), (5, 25), (4, 7), (5, 6), (12, 20), (16, 17), (24, 25), (1, 26), (3, 12), (10, 11), (11, 12), (6, 13), (9, 10), (9, 14), (13, 15), (14, 17), (8, 18), (17, 18), (15, 21), (20, 23), (21, 23), (17, 24), (21, 22), (23, 24), (17, 25), (18, 19), (24, 26), (0, 27), (2, 4), (9, 10), (11, 12), (2, 15), (7, 8), (9, 11), (10, 11), (10, 12), (14, 15), (17, 18), (1, 19), (7, 13), (10, 12), (12, 15), (13, 21), (14, 15), (14, 16), (18, 21), (19, 20), (9, 22), (10, 13), (12, 13), (13, 15), (14, 15), (6, 16), (8, 9), (7, 10), (8, 11), (10, 13), (11, 13), (12, 14), (3, 16), (8, 10), (13, 14), (9, 16), (12, 15), (11, 16), (12, 13), (13, 16), (15, 16), (12, 21), (15, 16), (15, 17), (16, 18), (18, 19), (17, 22), (15, 19), (16, 18), (17, 18), (18, 19), (22, 23), (21, 24), (10, 26), (11, 13), (12, 13), (11, 18), (16, 18), (17, 20), (5, 27), (6, 8), (7, 8), (8, 9), (6, 10), (10, 11), (9, 12), (5, 11), (12, 13), (3, 14), (4, 5), (8, 9), (8, 10), (12, 13), (12, 15), (14, 15), (8, 21), (9, 10), (8, 13), (11, 12), (12, 13), (12, 14), (15, 20), (16, 18), (18, 19), (17, 20), (19, 21), (21, 22), (21, 23), (21, 24), (13, 25), (14, 15), (16, 17), (16, 20), (19, 20), (23, 24), (0, 27), (2, 6), (3, 4), (5, 6), (9, 10), (5, 11), (6, 7), (7, 8), (6, 9), (8, 9), (12, 16), (14, 16), (18, 20), (19, 20), (17, 21), (18, 20), (24, 25), (26, 27), (18, 28), (20, 21), (17, 22), (21, 22), (19, 23), (20, 21), (21, 22), (22, 23), (23, 25), (22, 25), (23, 24), (17, 27), (18, 19), (20, 21), (22, 24), (0, 25), (3, 4), (2, 10), (4, 5), (6, 8), (9, 10), (7, 11), (8, 10), (8, 14), (9, 16), (11, 12), (14, 16), (15, 16), (21, 23), (22, 27), (23, 24), (25, 27), (2, 28), (3, 4), (9, 10), (14, 15), (5, 18), (11, 12), (13, 14), (14, 19), (18, 19), (20, 21), (9, 22), (12, 13), (10, 14), (13, 14), (13, 16), (11, 17), (11, 16), (15, 16), (17, 18), (20, 23), (13, 24), (11, 13), (12, 14), (13, 14), (14, 15), (15, 17), (16, 18), (3, 22), (4, 5), (5, 6), (12, 13), (19, 22), (23, 24), (12, 26), (16, 18), (17, 19), (4, 20), (7, 8), (12, 13), (4, 18), (6, 10), (8, 9), (11, 13), (12, 13), (11, 14), (16, 18), (19, 21), (21, 23), (7, 28), (8, 9), (9, 10), (10, 12), (11, 13), (12, 14), (15, 16), (16, 18), (15, 18), (16, 17), (20, 21), (22, 24), (18, 25), (19, 20), (19, 21), (21, 24), (22, 24), (23, 25), (24, 25), (23, 27), (25, 27), (4, 28), (11, 12), (8, 14), (10, 11), (11, 12), (12, 15), (13, 14), (15, 16), (13, 20), (16, 17), (4, 20), (5, 6), (9, 13), (10, 11), (19, 21), (18, 21), (12, 18), (7, 12), (5, 7), (12, 14), (13, 14), (17, 18), (19, 20), (19, 21), (12, 24), (12, 16), (18, 19), (21, 22), (15, 23), (16, 18), (17, 18), (16, 21), (17, 21), (18, 21), (20, 21), (21, 24), (21, 23), (23, 24), (5, 25), (7, 8), (9, 12), (10, 11), (10, 13), (12, 13), (11, 15), (14, 15), (15, 16), (23, 24), (0, 26), (2, 4), (3, 4), (9, 10), (13, 14), (8, 16), (9, 10), (14, 16), (10, 18), (12, 13), (13, 14), (16, 17), (11, 20), (13, 15), (18, 19), (22, 24), (23, 24), (23, 25), (23, 26), (21, 27), (22, 23), (24, 25), (7, 28), (7, 12), (11, 12), (13, 14), (1, 18), (14, 15), (14, 16), (15, 16), (17, 18), (10, 21), (12, 14), (13, 14), (12, 15), (16, 17), (18, 19), (20, 22), (21, 22), (16, 23), (14, 24), (17, 18), (15, 20), (18, 19), (16, 25), (17, 20), (19, 20), (16, 21), (10, 23), (18, 19), (20, 21), (12, 24), (14, 15), (21, 26), (14, 27), (15, 17), (16, 17), (18, 19), (15, 20), (16, 17), (16, 21), (19, 20), (19, 21), (1, 23), (3, 6), (7, 14), (12, 14), (2, 19), (9, 16), (14, 15), (15, 18), (16, 18), (17, 18), (18, 19), (19, 20), (21, 22), (19, 22), (21, 22), (9, 25), (6, 11), (9, 10), (13, 14), (21, 23), (22, 23), (23, 24), (23, 25), (9, 26), (8, 9), (7, 8), (10, 11), (9, 12), (10, 11), (9, 13), (12, 13), (12, 14), (14, 15), (15, 16), (16, 17), (17, 18), (21, 22), (4, 23), (5, 7), (6, 7), (8, 9), (12, 13), (13, 16), (19, 20), (20, 24), (21, 24), (22, 24), (23, 24), (18, 25), (17, 23), (18, 19), (21, 23), (13, 26), (14, 15), (15, 16), (16, 18), (22, 25), (25, 26), (10, 28), (12, 13), (18, 19), (20, 21), (18, 21), (19, 21), (20, 21), (16, 22), (17, 18), (5, 23), (7, 8), (5, 9), (8, 9), (13, 14), (17, 18), (5, 21), (8, 9), (10, 12), (8, 16), (10, 15), (13, 15), (20, 21), (18, 24), (5, 26), (6, 7), (18, 27), (14, 21), (12, 14), (11, 12), (8, 11), (5, 8), (4, 5), (9, 10), (13, 15), (14, 16), (16, 17), (9, 19), (10, 11), (17, 18), (14, 19), (15, 19), (16, 17), (16, 18), (16, 19), (13, 20), (12, 21), (13, 14), (14, 24), (21, 22), (21, 26), (22, 23), (24, 25), (10, 26), (20, 21), (14, 22), (18, 20), (19, 20), (19, 21), (21, 22), (22, 23), (12, 28), (5, 14), (8, 11), (9, 11), (10, 12), (10, 13), (12, 14), (13, 14), (14, 15), (12, 16), (13, 15), (13, 17), (17, 18), (18, 19), (11, 22), (12, 13), (12, 14), (16, 17), (18, 21), (19, 20), (22, 25), (2, 27), (5, 6), (9, 11), (10, 11), (11, 12), (12, 13), (17, 18), (13, 19), (8, 17), (6, 8), (5, 6), (6, 7), (6, 8), (7, 8), (16, 17), (18, 21), (19, 21), (6, 23), (10, 11), (10, 15), (12, 15), (11, 15), (19, 20), (21, 24), (11, 26), (12, 13), (13, 16), (14, 15), (14, 16), (14, 17), (22, 23), (14, 27), (15, 16), (17, 19), (18, 19), (17, 20), (9, 20), (11, 12), (13, 18), (15, 16), (4, 21), (5, 6), (5, 7), (9, 12), (14, 16), (16, 17), (16, 18), (7, 20), (8, 9), (9, 10), (9, 11), (10, 11), (12, 15), (14, 15), (19, 20), (17, 23), (1, 24), (5, 7), (9, 10), (11, 14), (12, 13), (19, 25), (20, 23), (21, 22), (24, 27), (25, 27), (3, 28), (9, 10), (13, 14), (13, 15), (9, 15), (10, 11), (15, 16), (18, 19), (21, 23), (16, 24), (18, 19), (17, 20), (22, 23), (23, 24), (18, 27), (22, 23), (23, 24), (24, 25), (24, 26), (16, 28), (18, 19), (20, 22), (13, 22), (14, 15), (24, 26), (23, 27), (20, 28), (19, 21), (10, 19), (9, 10), (6, 9), (7, 9), (9, 14), (11, 12), (10, 13), (13, 15), (15, 16), (13, 17), (15, 16), (11, 18), (0, 19), (1, 2), (2, 3), (3, 4), (6, 7), (1, 8), (6, 9), (2, 10), (3, 4), (7, 9), (8, 9), (3, 11), (3, 12), (7, 9), (8, 9), (4, 12), (5, 8), (6, 7), (11, 12), (14, 15), (14, 17), (15, 17), (13, 18), (14, 16), (17, 18), (19, 20), (17, 21), (16, 17), (15, 16), (13, 15), (14, 16), (14, 21), (17, 18), (19, 20), (19, 21), (17, 22), (18, 19), (10, 20), (15, 16), (15, 18), (17, 18), (24, 27), (21, 28), (0, 29), (6, 11), (7, 8), (9, 10), (9, 11), (2, 12), (3, 6), (4, 6), (5, 6), (12, 13), (11, 14), (13, 14), (8, 20), (9, 10), (16, 19), (17, 18), (17, 19), (17, 21), (18, 19), (21, 22), (9, 23), (14, 15), (10, 18), (11, 14), (12, 14), (13, 14), (12, 15), (17, 18), (11, 19), (13, 14), (15, 16), (15, 19), (18, 19), (1, 24), (14, 15), (17, 18), (20, 21), (11, 23), (14, 15), (16, 17), (14, 21), (15, 16), (19, 21), (20, 21), (14, 22), (19, 23), (20, 22), (20, 24), (22, 23), (24, 25), (14, 26), (17, 18), (17, 21), (17, 21), (20, 21), (21, 22), (23, 24), (23, 25), (22, 25), (23, 24), (24, 26), (19, 28), (9, 22), (5, 9), (7, 9), (10, 11), (9, 16), (13, 14), (11, 15), (12, 13), (15, 16), (16, 18), (17, 18), (15, 20), (18, 20), (16, 21), (20, 21), (17, 22), (3, 25), (5, 6), (6, 7), (8, 9), (8, 16), (9, 11), (11, 12), (12, 13), (13, 15), (14, 15), (13, 16), (16, 17), (17, 18), (15, 19), (9, 18), (11, 13), (17, 18), (19, 21), (20, 21), (19, 22), (21, 23), (22, 23), (23, 24), (17, 25), (17, 26), (17, 21), (20, 23), (22, 23), (23, 25), (24, 25), (7, 28), (9, 11), (3, 12), (4, 5), (12, 13), (13, 16), (15, 16), (16, 17), (17, 18), (18, 19), (19, 20), (20, 21), (21, 23), (10, 23), (8, 27), (7, 9), (8, 9), (10, 11), (12, 14), (16, 17), (20, 21), (5, 22), (9, 11), (10, 11), (9, 12), (11, 12), (13, 14), (15, 23), (19, 21), (18, 22), (19, 20), (20, 22), (21, 22), (20, 23), (13, 25), (6, 17), (7, 10), (8, 14), (10, 11), (13, 14), (8, 15), (9, 11), (10, 11), (9, 13), (14, 17), (16, 17), (18, 19), (20, 23), (21, 22), (22, 23), (5, 25), (7, 9), (22, 23), (21, 25), (23, 24), (8, 26), (11, 12), (10, 13), (2, 14), (3, 4), (1, 6), (2, 3), (5, 6), (11, 16), (13, 16), (14, 15), (8, 17), (18, 19), (11, 20), (12, 13), (17, 20), (19, 20), (1, 21), (8, 11), (9, 11), (15, 16), (19, 22), (21, 22), (21, 23), (21, 24), (21, 25), (15, 23), (11, 15), (12, 13), (13, 15), (14, 15), (15, 16), (16, 17), (20, 21), (17, 22), (19, 20), (20, 21), (15, 23), (16, 18), (17, 18), (19, 20), (20, 21), (20, 22), (19, 23), (21, 22), (24, 26), (23, 26), (25, 26), (3, 28), (5, 6), (6, 7), (7, 9), (8, 9), (4, 10), (5, 7), (6, 7), (7, 8), (10, 11), (8, 12), (11, 12), (13, 14), (13, 15), (3, 16), (8, 10), (9, 10), (13, 14), (14, 15), (15, 16), (16, 19), (17, 20), (6, 21), (9, 10), (11, 15), (12, 16), (0, 19), (1, 5), (2, 5), (3, 5), (3, 18), (11, 12), (15, 17), (15, 19), (16, 17), (11, 20), (12, 15), (13, 14), (14, 15), (17, 18), (4, 22), (6, 13), (8, 9), (11, 12), (7, 16), (8, 9), (8, 13), (9, 14), (11, 14), (12, 14), (13, 14), (9, 15), (14, 16), (12, 17), (4, 19), (5, 7), (7, 8), (9, 12), (10, 12), (9, 13), (9, 11), (4, 13), (5, 7), (7, 8), (8, 9), (9, 10), (10, 11), (11, 12), (12, 13), (0, 14), (14, 15), (15, 16), (16, 17), (6, 19), (12, 13), (16, 18), (17, 18), (8, 19), (7, 20), (3, 21), (5, 10), (7, 9), (7, 10), (8, 9), (10, 12), (11, 12), (12, 13), (13, 14), (10, 15), (7, 16), (8, 10), (9, 11), (10, 12), (11, 13), (12, 14), (14, 15), (15, 16), (2, 21), (3, 4), (14, 16), (15, 16), (16, 22), (20, 23), (12, 24), (13, 15), (14, 16), (15, 17), (3, 25), (5, 6), (11, 12), (1, 26), (3, 8), (7, 8), (6, 9), (7, 10), (9, 11), (2, 12), (5, 9), (11, 13), (12, 14), (13, 15)]
