results/potlll/ndim35seed2cnt1000dim35delta1.txt: 2668.151 sec
b: [[0, 0, 0, 0, 0, ..., 0, 0, 0, 0, 0],
 [0, 0, 0, 0, 0, ..., 0, 0, 0, 0, 0],
 [0, 0, 0, 0, 0, ..., 0, 0, 0, 0, 0],
 [0, 0, 0, 0, 0, ..., 0, 0, 0, 0, 0],
 [0, 0, 0, 0, 0, ..., 0, 0, 0, 0, 0],
 ...,
 [0, 0, 0, 0, 0, ..., 0, 0, 0, 0, 0],
 [0, 0, 0, 0, 0, ..., 0, 0, 0, 0, 0],
 [0, 0, 0, 0, 0, ..., 0, 0, 0, 0, 0],
 [0, 0, 0, 0, 0, ..., 0, 0, 0, 0, 0],
 [0, 0, 0, 0, 0, ..., 0, 0, 0, 0, 0]], shape=[35, 35], strides=[35, 1], layout=Cc (0x5), const ndim=2
v_norms: [1, 1, 1, 1, 1, 1, 1, 1, 1, 1, 1, 1, 1, 1, 1, 1, 1, 1, 1, 1, 1, 1, 1, 1, 1, 1, 1, 1, 1, 1, 1, 1, 1, 1, 1], shape=[35], strides=[1], layout=CFcf (0xf), const ndim=1
Mu { arr: [0, 0, 0, 0, 0, 0, 0, 0, 0, 0, 0, 0, 0, 0, 0, 0, 0, 0, 0, 0, 0, 0, 0, 0, 0, 0, 0, 0, 0, 0, 0, 0, 0, 0, 0, 0, 0, 0, 0, 0, 0, 0, 0, 0, 0, 0, 0, 0, 0, 0, 0, 0, 0, 0, 0, 0, 0, 0, 0, 0, 0, 0, 0, 0, 0, 0, 0, 0, 0, 0, 0, 0, 0, 0, 0, 0, 0, 0, 0, 0, 0, 0, 0, 0, 0, 0, 0, 0, 0, 0, 0, 0, 0, 0, 0, 0, 0, 0, 0, 0, 0, 0, 0, 0, 0, 0, 0, 0, 0, 0, 0, 0, 0, 0, 0, 0, 0, 0, 0, 0, 0, 0, 0, 0, 0, 0, 0, 0, 0, 0, 0, 0, 0, 0, 0, 0, 0, 0, 0, 0, 0, 0, 0, 0, 0, 0, 0, 0, 0, 0, 0, 0, 0, 0, 0, 0, 0, 0, 0, 0, 0, 0, 0, 0, 0, 0, 0, 0, 0, 0, 0, 0, 0, 0, 0, 0, 0, 0, 0, 0, 0, 0, 0, 0, 0, 0, 0, 0, 0, 0, 0, 0, 0, 0, 0, 0, 0, 0, 0, 0, 0, 0, 0, 0, 0, 0, 0, 0, 0, 0, 0, 0, 0, 0, 0, 0, 0, 0, 0, 0, 0, 0, 0, 0, 0, 0, 0, 0, 0, 0, 0, 0, 0, 0, 0, 0, 0, 0, 0, 0, 0, 0, 0, 0, 0, 0, 0, 0, 0, 0, 0, 0, 0, 0, 0, 0, 0, 0, 0, 0, 0, 0, 0, 0, 0, 0, 0, 0, 0, 0, 0, 0, 0, 0, 0, 0, 0, 0, 0, 0, 0, 0, 0, 0, 0, 0, 0, 0, 0, 0, 0, 0, 0, 0, 0, 0, 0, 0, 0, 0, 0, 0, 0, 0, 0, 0, 0, 0, 0, 0, 0, 0, 0, 0, 0, 0, 0, 0, 0, 0, 0, 0, 0, 0, 0, 0, 0, 0, 0, 0, 0, 0, 0, 0, 0, 0, 0, 0, 0, 0, 0, 0, 0, 0, 0, 0, 0, 0, 0, 0, 0, 0, 0, 0, 0, 0, 0, 0, 0, 0, 0, 0, 0, 0, 0, 0, 0, 0, 0, 0, 0, 0, 0, 0, 0, 0, 0, 0, 0, 0, 0, 0, 0, 0, 0, 0, 0, 0, 0, 0, 0, 0, 0, 0, 0, 0, 0, 0, 0, 0, 0, 0, 0, 0, 0, 0, 0, 0, 0, 0, 0, 0, 0, 0, 0, 0, 0, 0, 0, 0, 0, 0, 0, 0, 0, 0, 0, 0, 0, 0, 0, 0, 0, 0, 0, 0, 0, 0, 0, 0, 0, 0, 0, 0, 0, 0, 0, 0, 0, 0, 0, 0, 0, 0, 0, 0, 0, 0, 0, 0, 0, 0, 0, 0, 0, 0, 0, 0, 0, 0, 0, 0, 0, 0, 0, 0, 0, 0, 0, 0, 0, 0, 0, 0, 0, 0, 0, 0, 0, 0, 0, 0, 0, 0, 0, 0, 0, 0, 0, 0, 0, 0, 0, 0, 0, 0, 0, 0, 0, 0, 0, 0, 0, 0, 0, 0, 0, 0, 0, 0, 0, 0, 0, 0, 0, 0, 0, 0, 0, 0, 0, 0, 0, 0, 0, 0, 0, 0, 0, 0, 0, 0, 0, 0, 0, 0, 0, 0, 0, 0, 0, 0, 0, 0, 0, 0, 0, 0, 0, 0, 0, 0, 0, 0, 0, 0, 0, 0, 0, 0, 0, 0, 0, 0, 0, 0, 0, 0, 0, 0, 0, 0, 0, 0, 0, 0, 0, 0, 0, 0, 0, 0, 0, 0, 0] }
(hist.len, cnt): (6480, 28978)
[(0, 1), (0, 2), (0, 2), (0, 3), (1, 3), (0, 4), (2, 3), (3, 4), (0, 5), (1, 4), (2, 3), (1, 5), (2, 4), (2, 5), (0, 6), (1, 5), (0, 4), (5, 6), (0, 7), (1, 3), (0, 5), (2, 4), (0, 5), (3, 4), (6, 7), (3, 8), (0, 8), (2, 4), (5, 6), (3, 7), (0, 9), (2, 3), (0, 6), (1, 2), (5, 7), (6, 7), (1, 9), (2, 3), (4, 5), (6, 7), (2, 10), (5, 6), (7, 8), (6, 9), (2, 10), (4, 6), (5, 6), (7, 8), (7, 9), (1, 10), (1, 3), (3, 4), (3, 6), (4, 5), (8, 9), (8, 10), (3, 11), (7, 9), (6, 8), (7, 8), (6, 10), (7, 8), (6, 9), (1, 10), (0, 11), (0, 3), (3, 4), (4, 7), (5, 6), (2, 7), (3, 5), (7, 9), (8, 9), (0, 10), (4, 6), (6, 8), (6, 9), (0, 11), (2, 7), (4, 6), (5, 6), (0, 12), (2, 4), (5, 7), (5, 9), (6, 7), (8, 9), (6, 10), (5, 6), (8, 9), (7, 9), (6, 7), (8, 9), (7, 10), (8, 10), (9, 10), (7, 11), (4, 9), (2, 4), (5, 6), (6, 7), (5, 8), (6, 7), (10, 11), (0, 12), (5, 6), (2, 7), (4, 5), (4, 9), (6, 7), (6, 9), (1, 12), (6, 8), (7, 8), (3, 9), (9, 10), (10, 11), (1, 12), (3, 4), (4, 6), (7, 8), (5, 9), (6, 7), (7, 8), (5, 9), (6, 9), (10, 11), (2, 12), (4, 5), (5, 6), (8, 11), (5, 12), (8, 9), (0, 13), (1, 2), (3, 4), (2, 6), (4, 5), (5, 6), (8, 9), (9, 10), (10, 11), (5, 13), (6, 8), (5, 9), (6, 10), (6, 12), (8, 9), (10, 11), (0, 13), (2, 4), (3, 4), (4, 7), (5, 7), (6, 7), (8, 9), (6, 10), (7, 8), (9, 10), (10, 11), (1, 12), (0, 1), (2, 6), (4, 8), (5, 6), (6, 7), (5, 8), (7, 8), (8, 10), (4, 11), (3, 7), (7, 8), (9, 10), (11, 12), (0, 14), (1, 2), (4, 5), (2, 6), (4, 7), (5, 8), (7, 8), (3, 9), (10, 11), (6, 12), (0, 13), (1, 3), (5, 6), (5, 7), (3, 13), (7, 8), (10, 11), (5, 12), (6, 7), (7, 9), (8, 9), (9, 10), (5, 13), (7, 8), (6, 9), (7, 8), (6, 10), (8, 9), (11, 12), (12, 13), (2, 14), (4, 5), (4, 6), (6, 7), (8, 13), (9, 13), (6, 14), (7, 9), (8, 9), (10, 11), (0, 15), (2, 4), (5, 6), (3, 7), (4, 5), (5, 6), (6, 8), (8, 9), (9, 10), (6, 11), (7, 8), (8, 9), (10, 12), (12, 13), (7, 15), (8, 9), (4, 11), (5, 6), (1, 13), (2, 3), (8, 9), (1, 15), (3, 4), (5, 6), (9, 10), (5, 11), (3, 7), (4, 6), (6, 7), (7, 9), (10, 11), (6, 12), (9, 10), (11, 12), (3, 14), (4, 7), (5, 7), (6, 7), (4, 9), (6, 9), (7, 9), (7, 10), (6, 12), (10, 12), (8, 13), (11, 12), (12, 13), (10, 14), (11, 12), (1, 15), (3, 7), (5, 8), (7, 8), (3, 9), (5, 13), (4, 7), (4, 8), (9, 10), (9, 12), (5, 13), (5, 7), (4, 8), (11, 12), (0, 16), (2, 4), (9, 10), (7, 11), (2, 12), (3, 4), (10, 11), (0, 15), (4, 5), (2, 9), (3, 4), (9, 10), (11, 12), (0, 16), (6, 9), (8, 10), (2, 11), (3, 4), (5, 6), (7, 9), (9, 12), (3, 14), (4, 7), (5, 7), (6, 7), (12, 16), (6, 14), (6, 10), (8, 10), (9, 11), (11, 12), (12, 13), (13, 14), (12, 15), (2, 17), (5, 6), (4, 6), (3, 4), (5, 6), (4, 6), (5, 6), (7, 8), (9, 13), (10, 12), (12, 13), (13, 14), (3, 15), (7, 8), (8, 9), (9, 12), (11, 13), (11, 14), (12, 13), (2, 16), (5, 6), (7, 9), (7, 9), (9, 10), (5, 12), (7, 8), (13, 15), (14, 16), (4, 17), (3, 10), (9, 10), (9, 11), (9, 11), (10, 13), (14, 15), (0, 16), (5, 6), (9, 10), (7, 11), (6, 12), (8, 9), (0, 14), (11, 13), (11, 15), (2, 16), (3, 5), (4, 5), (5, 6), (6, 7), (7, 8), (8, 9), (8, 11), (8, 11), (10, 11), (3, 12), (11, 12), (6, 13), (8, 14), (12, 15), (15, 16), (2, 17), (3, 4), (4, 5), (8, 9), (8, 12), (12, 13), (12, 15), (3, 15), (5, 6), (5, 7), (6, 7), (11, 12), (12, 13), (12, 14), (4, 16), (4, 6), (6, 8), (7, 8), (9, 10), (10, 11), (9, 13), (11, 12), (12, 13), (4, 14), (3, 4), (8, 9), (4, 10), (5, 9), (9, 10), (9, 11), (10, 13), (11, 12), (9, 14), (10, 14), (11, 12), (12, 13), (3, 15), (0, 6), (2, 4), (1, 4), (2, 3), (4, 6), (7, 9), (8, 9), (9, 10), (8, 12), (11, 12), (9, 13), (10, 12), (11, 12), (12, 14), (13, 14), (14, 15), (7, 17), (8, 9), (7, 13), (12, 13), (12, 14), (12, 15), (13, 14), (15, 16), (13, 17), (2, 18), (0, 2), (1, 2), (2, 7), (3, 4), (4, 5), (5, 6), (5, 7), (8, 10), (8, 10), (8, 11), (3, 10), (5, 6), (4, 9), (5, 6), (5, 9), (6, 7), (9, 10), (10, 12), (11, 13), (10, 14), (13, 14), (4, 15), (2, 5), (3, 5), (2, 6), (3, 4), (5, 6), (8, 15), (9, 10), (6, 17), (10, 11), (10, 12), (12, 13), (0, 17), (3, 5), (0, 8), (3, 5), (3, 5), (5, 6), (6, 8), (0, 9), (8, 9), (10, 12), (4, 13), (5, 6), (5, 9), (5, 11), (7, 8), (9, 10), (9, 11), (10, 11), (2, 12), (4, 6), (7, 8), (8, 9), (0, 15), (1, 2), (3, 4), (6, 7), (9, 10), (12, 13), (12, 14), (8, 16), (11, 12), (7, 18), (12, 15), (12, 14), (12, 15), (14, 15), (15, 16), (11, 17), (12, 13), (13, 14), (14, 15), (15, 16), (16, 17), (1, 18), (2, 3), (4, 5), (6, 7), (2, 8), (6, 7), (6, 8), (0, 9), (3, 4), (4, 5), (3, 6), (7, 10), (9, 13), (12, 13), (11, 14), (13, 14), (10, 15), (12, 13), (0, 15), (5, 7), (10, 12), (11, 12), (11, 17), (12, 14), (13, 14), (1, 18), (2, 3), (3, 4), (4, 5), (3, 7), (5, 6), (11, 14), (12, 15), (17, 18), (4, 19), (5, 6), (9, 10), (13, 14), (11, 15), (13, 16), (16, 17), (4, 18), (3, 5), (0, 3), (1, 5), (2, 3), (4, 5), (6, 7), (9, 10), (8, 12), (9, 10), (14, 15), (6, 16), (7, 9), (9, 10), (10, 13), (12, 13), (11, 14), (13, 14), (14, 15), (15, 16), (15, 17), (17, 18), (7, 19), (10, 11), (11, 13), (0, 14), (2, 4), (3, 4), (6, 13), (9, 10), (11, 12), (13, 14), (0, 15), (5, 6), (8, 10), (12, 13), (10, 15), (13, 14), (7, 16), (10, 11), (12, 14), (14, 16), (17, 18), (1, 19), (1, 3), (6, 7), (6, 9), (7, 8), (5, 9), (6, 7), (6, 8), (8, 9), (7, 10), (8, 9), (10, 11), (3, 12), (6, 7), (0, 9), (7, 9), (8, 9), (12, 13), (11, 14), (14, 15), (4, 16), (5, 6), (7, 8), (6, 9), (11, 13), (12, 13), (1, 15), (3, 4), (1, 6), (2, 3), (4, 6), (2, 7), (5, 6), (5, 7), (11, 12), (16, 17), (4, 18), (6, 7), (9, 10), (10, 11), (12, 13), (11, 14), (12, 14), (13, 14), (6, 15), (9, 11), (10, 11), (10, 12), (12, 13), (0, 15), (5, 6), (2, 8), (4, 5), (5, 6), (10, 11), (14, 15), (6, 16), (7, 8), (8, 9), (9, 10), (4, 11), (12, 15), (11, 16), (13, 14), (14, 15), (17, 18), (18, 19), (8, 20), (5, 11), (8, 12), (2, 14), (3, 4), (6, 7), (6, 11), (9, 10), (9, 11), (11, 16), (16, 18), (17, 18), (0, 20), (7, 10), (9, 10), (1, 11), (2, 3), (4, 5), (11, 12), (8, 13), (10, 12), (2, 13), (3, 4), (7, 9), (6, 10), (7, 8), (7, 9), (9, 10), (10, 11), (5, 13), (7, 15), (12, 14), (13, 14), (12, 15), (12, 17), (13, 14), (16, 17), (16, 18), (17, 18), (3, 19), (4, 6), (6, 9), (7, 8), (8, 9), (4, 10), (6, 7), (8, 10), (5, 11), (11, 12), (12, 13), (1, 14), (7, 10), (8, 9), (10, 11), (6, 14), (7, 8), (13, 14), (14, 15), (9, 19), (13, 16), (14, 16), (1, 20), (3, 7), (5, 7), (5, 7), (7, 8), (3, 9), (6, 14), (5, 12), (9, 10), (13, 14), (0, 15), (0, 3), (5, 9), (8, 9), (7, 11), (8, 11), (10, 11), (10, 14), (13, 14), (15, 16), (4, 17), (6, 7), (6, 8), (6, 8), (14, 15), (12, 16), (13, 16), (0, 18), (11, 12), (12, 13), (16, 17), (14, 19), (16, 19), (17, 18), (17, 19), (2, 20), (3, 4), (4, 5), (3, 5), (4, 5), (6, 7), (2, 9), (8, 9), (4, 10), (5, 6), (7, 9), (7, 10), (8, 11), (9, 18), (10, 14), (15, 17), (0, 19), (4, 5), (6, 7), (7, 8), (2, 9), (3, 5), (5, 6), (6, 7), (8, 9), (3, 10), (6, 11), (8, 9), (13, 14), (13, 15), (9, 16), (10, 11), (17, 19), (1, 21), (4, 7), (2, 12), (3, 4), (5, 6), (7, 8), (10, 11), (10, 12), (8, 14), (13, 14), (14, 15), (2, 16), (11, 12), (6, 13), (7, 12), (13, 14), (11, 16), (7, 17), (8, 9), (10, 11), (9, 12), (10, 11), (11, 12), (14, 15), (8, 18), (11, 13), (12, 13), (15, 19), (16, 17), (17, 18), (10, 20), (12, 14), (16, 17), (18, 19), (11, 21), (15, 17), (16, 17), (15, 19), (17, 18), (12, 20), (8, 12), (5, 8), (1, 5), (2, 3), (3, 4), (6, 7), (5, 8), (6, 7), (7, 9), (8, 10), (9, 11), (3, 12), (4, 6), (6, 7), (12, 13), (16, 17), (16, 18), (9, 19), (10, 13), (11, 13), (11, 13), (7, 15), (9, 10), (10, 11), (15, 16), (16, 17), (17, 18), (18, 19), (19, 20), (5, 21), (6, 7), (7, 9), (6, 10), (7, 8), (8, 10), (9, 11), (10, 12), (5, 13), (6, 9), (7, 9), (9, 10), (11, 12), (13, 15), (4, 16), (8, 9), (6, 11), (13, 14), (7, 15), (8, 10), (11, 12), (13, 14), (8, 16), (10, 11), (12, 16), (0, 18), (1, 2), (3, 4), (5, 6), (3, 8), (4, 6), (1, 7), (2, 3), (3, 5), (3, 5), (5, 6), (5, 8), (11, 12), (11, 13), (14, 15), (0, 16), (3, 5), (4, 9), (5, 6), (9, 12), (10, 12), (11, 12), (16, 17), (15, 18), (10, 20), (11, 12), (14, 15), (14, 16), (16, 17), (15, 18), (2, 21), (4, 5), (6, 7), (8, 9), (4, 11), (7, 8), (9, 11), (7, 12), (8, 9), (10, 11), (4, 13), (11, 12), (13, 14), (14, 16), (7, 17), (8, 9), (10, 11), (12, 14), (13, 14), (15, 16), (15, 18), (16, 17), (11, 18), (9, 11), (10, 11), (15, 16), (1, 19), (3, 4), (10, 12), (10, 15), (13, 14), (12, 15), (13, 14), (3, 17), (9, 10), (6, 11), (7, 8), (7, 10), (8, 9), (9, 11), (14, 16), (12, 15), (14, 15), (13, 16), (14, 15), (8, 17), (10, 15), (12, 15), (13, 15), (14, 17), (15, 16), (16, 17), (15, 18), (2, 19), (3, 8), (6, 8), (7, 8), (8, 9), (11, 12), (12, 15), (14, 15), (16, 17), (16, 19), (16, 19), (1, 21), (4, 7), (6, 8), (8, 10), (13, 15), (12, 16), (13, 15), (0, 22), (1, 5), (2, 3), (8, 13), (12, 13), (12, 15), (13, 14), (15, 17), (9, 17), (8, 9), (7, 8), (14, 15), (9, 17), (12, 13), (11, 17), (16, 17), (9, 19), (12, 13), (11, 19), (12, 15), (13, 14), (15, 16), (16, 17), (13, 19), (15, 16), (16, 17), (18, 19), (16, 19), (15, 16), (18, 19), (13, 20), (4, 17), (2, 4), (0, 2), (3, 4), (6, 8), (12, 14), (13, 14), (18, 19), (19, 20), (9, 22), (8, 9), (1, 8), (4, 5), (7, 8), (7, 10), (8, 9), (10, 13), (8, 16), (10, 12), (15, 16), (6, 17), (7, 8), (7, 10), (8, 10), (9, 10), (8, 12), (11, 12), (13, 14), (15, 17), (16, 17), (17, 18), (18, 19), (19, 20), (6, 21), (7, 10), (8, 9), (8, 11), (9, 10), (11, 13), (14, 15), (0, 17), (5, 11), (7, 8), (7, 9), (9, 10), (10, 11), (15, 16), (18, 20), (19, 20), (6, 22), (7, 8), (3, 9), (4, 5), (1, 6), (2, 4), (4, 7), (6, 7), (6, 8), (7, 8), (7, 9), (8, 9), (2, 10), (7, 13), (4, 8), (2, 4), (1, 2), (6, 8), (3, 8), (5, 7), (6, 7), (10, 12), (11, 12), (17, 18), (13, 19), (14, 16), (16, 17), (8, 20), (10, 11), (10, 12), (11, 12), (6, 13), (12, 13), (10, 16), (0, 21), (5, 6), (5, 8), (6, 8), (3, 9), (4, 5), (4, 6), (3, 10), (8, 9), (4, 11), (9, 10), (11, 12), (12, 13), (13, 14), (14, 15), (16, 20), (17, 19), (9, 22), (5, 11), (8, 9), (6, 10), (7, 9), (8, 9), (8, 10), (8, 11), (10, 11), (5, 12), (7, 8), (6, 9), (7, 8), (8, 9), (13, 14), (0, 15), (1, 2), (2, 3), (3, 4), (5, 6), (14, 15), (12, 16), (13, 14), (11, 17), (12, 13), (4, 14), (5, 7), (6, 7), (9, 12), (7, 13), (9, 10), (10, 12), (11, 12), (5, 15), (12, 13), (2, 17), (13, 14), (0, 20), (3, 7), (4, 5), (4, 6), (2, 7), (3, 5), (4, 5), (4, 6), (7, 9), (8, 9), (2, 10), (5, 11), (6, 7), (4, 11), (5, 7), (6, 7), (7, 8), (10, 13), (12, 13), (8, 14), (11, 13), (10, 21), (12, 13), (18, 20), (5, 23), (6, 10), (2, 13), (3, 4), (5, 6), (8, 9), (5, 10), (9, 12), (10, 12), (11, 12), (11, 14), (12, 13), (14, 16), (9, 18), (10, 17), (11, 12), (15, 16), (10, 19), (12, 13), (13, 14), (1, 15), (4, 5), (9, 10), (9, 11), (10, 12), (12, 13), (14, 15), (1, 16), (10, 11), (8, 13), (11, 13), (12, 13), (13, 14), (16, 17), (3, 20), (4, 5), (6, 9), (7, 9), (8, 9), (8, 10), (9, 10), (4, 12), (6, 7), (7, 8), (8, 9), (10, 11), (8, 12), (10, 11), (11, 12), (11, 13), (14, 16), (15, 16), (16, 17), (18, 19), (14, 21), (8, 16), (7, 8), (6, 7), (5, 6), (3, 5), (8, 10), (13, 14), (12, 14), (13, 14), (9, 15), (4, 13), (6, 9), (7, 9), (6, 10), (7, 10), (7, 11), (8, 9), (13, 15), (14, 15), (4, 16), (5, 6), (7, 8), (10, 13), (11, 13), (11, 14), (15, 16), (12, 18), (14, 17), (15, 17), (16, 18), (14, 22), (15, 16), (18, 20), (18, 21), (20, 21), (19, 22), (4, 23), (6, 7), (9, 10), (12, 13), (11, 15), (13, 15), (14, 16), (15, 20), (19, 21), (6, 22), (7, 10), (7, 10), (7, 11), (8, 9), (10, 11), (10, 12), (11, 12), (7, 13), (8, 10), (9, 10), (11, 12), (0, 14), (8, 9), (5, 10), (6, 7), (7, 9), (8, 10), (9, 12), (5, 13), (7, 8), (7, 10), (9, 10), (10, 11), (10, 13), (12, 13), (3, 15), (4, 6), (5, 6), (6, 7), (4, 9), (5, 7), (11, 16), (12, 13), (13, 15), (12, 16), (13, 14), (13, 18), (16, 18), (19, 20), (8, 22), (13, 14), (14, 15), (13, 16), (16, 18), (17, 18), (18, 19), (19, 20), (20, 21), (19, 22), (21, 22), (9, 23), (10, 13), (12, 13), (11, 14), (11, 13), (12, 13), (14, 17), (11, 18), (12, 13), (13, 14), (4, 18), (6, 7), (5, 9), (7, 8), (6, 10), (8, 10), (9, 10), (0, 11), (4, 6), (5, 6), (8, 9), (10, 14), (12, 14), (13, 14), (13, 15), (17, 18), (17, 21), (0, 22), (2, 3), (4, 6), (5, 6), (5, 7), (6, 7), (2, 8), (3, 4), (7, 8), (3, 9), (4, 6), (5, 6), (8, 9), (8, 10), (9, 11), (11, 12), (12, 13), (5, 14), (7, 8), (11, 12), (7, 13), (8, 15), (8, 10), (15, 16), (16, 17), (11, 18), (12, 13), (15, 16), (17, 19), (18, 19), (12, 21), (16, 17), (14, 18), (6, 14), (7, 9), (8, 10), (9, 12), (10, 12), (9, 13), (11, 14), (12, 17), (16, 17), (14, 18), (16, 17), (11, 22), (12, 17), (13, 15), (14, 15), (16, 17), (12, 19), (17, 18), (18, 19), (1, 23), (2, 6), (4, 6), (5, 6), (4, 7), (5, 6), (4, 11), (8, 10), (9, 15), (10, 12), (11, 12), (14, 15), (5, 21), (7, 8), (9, 10), (11, 12), (10, 14), (11, 12), (18, 19), (18, 21), (21, 22), (12, 23), (18, 20), (18, 21), (19, 21), (20, 21), (16, 22), (19, 20), (21, 22), (21, 23), (22, 23), (21, 24), (20, 21), (16, 20), (14, 16), (12, 14), (5, 12), (2, 5), (0, 2), (3, 5), (2, 5), (3, 4), (4, 5), (2, 6), (4, 5), (5, 8), (7, 8), (4, 11), (6, 7), (12, 14), (13, 14), (5, 15), (7, 8), (8, 9), (9, 11), (10, 12), (11, 12), (11, 14), (13, 14), (13, 15), (10, 16), (11, 12), (13, 17), (16, 19), (20, 21), (16, 22), (19, 20), (19, 21), (20, 22), (7, 23), (8, 10), (6, 11), (7, 8), (7, 9), (11, 12), (10, 13), (11, 12), (12, 13), (12, 14), (12, 15), (13, 14), (12, 15), (14, 15), (10, 16), (11, 14), (10, 18), (13, 16), (15, 17), (16, 17), (17, 18), (17, 19), (19, 20), (7, 24), (8, 10), (9, 10), (10, 11), (9, 12), (4, 13), (5, 8), (6, 8), (2, 15), (8, 11), (9, 11), (12, 16), (13, 14), (0, 15), (1, 2), (6, 7), (12, 13), (15, 16), (16, 18), (15, 19), (17, 18), (17, 19), (18, 19), (14, 20), (15, 17), (16, 17), (18, 19), (6, 24), (7, 8), (4, 10), (6, 7), (5, 8), (6, 7), (6, 8), (7, 8), (6, 9), (8, 10), (9, 11), (8, 13), (11, 14), (12, 13), (10, 15), (11, 12), (13, 15), (13, 17), (14, 15), (10, 17), (11, 13), (6, 18), (8, 9), (9, 10), (10, 11), (15, 16), (17, 18), (14, 21), (16, 17), (20, 21), (18, 22), (19, 20), (21, 22), (2, 24), (3, 5), (4, 5), (3, 6), (9, 13), (10, 14), (13, 16), (14, 16), (2, 19), (3, 4), (4, 8), (6, 7), (8, 10), (9, 10), (16, 17), (16, 18), (17, 18), (17, 19), (18, 20), (5, 21), (7, 8), (7, 9), (9, 10), (15, 16), (20, 21), (9, 22), (13, 14), (10, 15), (13, 15), (14, 15), (16, 18), (20, 22), (2, 23), (4, 5), (0, 8), (1, 2), (3, 11), (10, 11), (4, 12), (11, 12), (13, 16), (15, 16), (17, 18), (16, 20), (17, 20), (5, 17), (14, 15), (16, 17), (18, 19), (18, 20), (19, 21), (18, 22), (19, 21), (10, 22), (12, 15), (14, 15), (13, 16), (14, 15), (13, 20), (14, 20), (16, 23), (18, 19), (17, 20), (20, 21), (18, 23), (13, 20), (12, 13), (8, 12), (7, 8), (0, 11), (6, 7), (9, 11), (11, 13), (12, 13), (12, 14), (13, 14), (9, 21), (10, 11), (11, 13), (12, 13), (13, 14), (14, 15), (15, 16), (13, 18), (17, 18), (17, 19), (19, 20), (15, 21), (19, 20), (21, 22), (16, 23), (17, 18), (19, 22), (6, 24), (1, 9), (3, 4), (4, 7), (6, 7), (7, 8), (8, 9), (9, 10), (10, 11), (11, 12), (12, 13), (15, 16), (12, 17), (10, 12), (12, 16), (10, 17), (12, 14), (14, 15), (15, 16), (14, 17), (15, 17), (16, 17), (19, 21), (16, 22), (13, 17), (10, 13), (11, 12), (14, 15), (15, 16), (15, 17), (17, 18), (17, 19), (19, 20), (19, 21), (20, 21), (22, 23), (3, 24), (5, 7), (7, 8), (8, 9), (3, 10), (5, 6), (6, 9), (6, 9), (0, 11), (3, 4), (1, 12), (2, 3), (6, 9), (7, 9), (11, 12), (10, 13), (11, 12), (13, 14), (8, 15), (12, 16), (13, 14), (13, 17), (16, 17), (14, 18), (16, 17), (18, 21), (16, 22), (13, 18), (9, 13), (10, 17), (11, 13), (12, 14), (16, 17), (3, 21), (5, 6), (14, 16), (14, 16), (16, 17), (4, 20), (6, 11), (7, 8), (7, 9), (9, 10), (10, 11), (18, 20), (19, 20), (9, 22), (10, 11), (10, 12), (10, 13), (11, 14), (12, 13), (15, 16), (16, 17), (18, 19), (21, 22), (18, 23), (15, 18), (11, 17), (14, 15), (5, 16), (7, 10), (8, 9), (8, 10), (8, 11), (10, 12), (10, 13), (6, 17), (9, 10), (13, 14), (14, 15), (14, 16), (15, 16), (16, 18), (10, 20), (12, 13), (14, 17), (16, 17), (14, 18), (16, 20), (19, 20), (17, 21), (18, 19), (20, 21), (5, 22), (6, 7), (12, 13), (12, 14), (9, 15), (8, 16), (9, 11), (5, 14), (7, 8), (10, 12), (11, 12), (7, 14), (8, 9), (10, 11), (13, 14), (15, 16), (2, 17), (7, 8), (7, 9), (10, 12), (11, 12), (14, 15), (17, 19), (19, 21), (12, 22), (10, 15), (11, 12), (11, 13), (20, 23), (21, 22), (3, 25), (4, 5), (4, 6), (5, 7), (4, 8), (4, 9), (7, 10), (8, 10), (10, 11), (4, 12), (5, 11), (6, 9), (8, 9), (8, 11), (5, 13), (8, 9), (10, 11), (13, 14), (14, 15), (12, 16), (13, 16), (14, 15), (14, 17), (15, 16), (3, 17), (2, 3), (1, 2), (0, 1), (7, 10), (8, 11), (9, 11), (12, 13), (0, 15), (3, 6), (4, 6), (5, 6), (2, 8), (4, 9), (5, 6), (14, 15), (15, 16), (18, 20), (19, 20), (6, 21), (9, 10), (14, 16), (15, 16), (20, 21), (14, 24), (15, 16), (11, 18), (12, 13), (13, 14), (13, 15), (18, 19), (18, 21), (19, 21), (20, 21), (7, 22), (14, 15), (17, 18), (17, 22), (9, 24), (14, 16), (15, 16), (1, 19), (3, 4), (3, 5), (6, 7), (6, 8), (7, 9), (8, 9), (8, 10), (9, 10), (11, 13), (12, 13), (15, 17), (15, 19), (16, 19), (18, 19), (17, 20), (16, 20), (17, 18), (14, 21), (15, 17), (16, 17), (15, 22), (18, 19), (20, 21), (22, 23), (15, 24), (16, 17), (17, 18), (18, 20), (19, 21), (22, 24), (0, 25), (7, 8), (11, 14), (12, 13), (13, 14), (13, 16), (8, 16), (10, 11), (12, 14), (15, 16), (9, 17), (5, 14), (7, 8), (8, 9), (4, 10), (6, 8), (7, 9), (10, 11), (11, 12), (12, 13), (11, 14), (16, 17), (16, 18), (17, 19), (18, 20), (19, 20), (20, 21), (20, 22), (11, 23), (12, 13), (13, 16), (15, 16), (13, 17), (14, 16), (14, 17), (15, 16), (17, 18), (22, 24), (1, 25), (5, 8), (5, 11), (8, 9), (8, 12), (9, 12), (13, 16), (15, 16), (17, 18), (20, 21), (15, 22), (9, 18), (9, 17), (13, 14), (15, 16), (16, 17), (17, 18), (11, 19), (12, 14), (13, 14), (14, 15), (16, 17), (16, 18), (13, 18), (13, 17), (16, 17), (19, 22), (20, 22), (9, 23), (12, 17), (14, 17), (13, 18), (18, 19), (6, 24), (9, 11), (12, 14), (13, 15), (14, 15), (12, 19), (13, 14), (17, 19), (18, 19), (15, 20), (16, 20), (17, 20), (18, 19), (17, 20), (18, 19), (20, 21), (20, 22), (14, 24), (18, 20), (23, 24), (5, 25), (7, 10), (8, 9), (10, 11), (1, 12), (2, 3), (4, 5), (2, 6), (4, 6), (5, 7), (3, 11), (8, 11), (9, 10), (10, 11), (11, 13), (9, 13), (11, 12), (8, 14), (1, 15), (1, 5), (4, 5), (7, 11), (10, 11), (13, 14), (12, 14), (13, 14), (12, 16), (13, 14), (4, 17), (5, 6), (6, 7), (7, 8), (9, 10), (9, 11), (9, 12), (12, 13), (14, 15), (10, 16), (12, 13), (14, 15), (15, 16), (16, 17), (19, 20), (0, 22), (6, 7), (1, 8), (2, 7), (3, 7), (6, 7), (2, 13), (10, 12), (11, 12), (10, 18), (16, 19), (18, 20), (19, 21), (20, 22), (18, 24), (6, 21), (12, 16), (13, 16), (16, 17), (17, 18), (18, 19), (12, 24), (14, 16), (6, 21), (10, 11), (11, 12), (11, 13), (13, 14), (15, 16), (15, 25), (16, 18), (15, 19), (18, 19), (20, 21), (18, 21), (16, 18), (14, 16), (13, 14), (15, 16), (19, 21), (18, 20), (19, 20), (19, 21), (24, 25), (0, 26), (2, 3), (1, 6), (3, 4), (2, 4), (3, 4), (9, 10), (11, 14), (12, 13), (7, 15), (8, 9), (9, 17), (11, 12), (11, 15), (12, 13), (10, 16), (13, 16), (16, 17), (10, 18), (17, 18), (19, 20), (21, 22), (16, 24), (17, 19), (14, 23), (15, 16), (15, 17), (16, 17), (15, 18), (16, 17), (5, 19), (3, 6), (4, 5), (4, 6), (5, 6), (4, 11), (10, 11), (20, 21), (20, 23), (22, 23), (8, 25), (9, 11), (10, 11), (19, 20), (16, 21), (18, 19), (18, 21), (19, 20), (19, 24), (4, 26), (10, 11), (11, 12), (14, 15), (10, 17), (12, 13), (13, 14), (14, 16), (15, 17), (18, 19), (19, 20), (15, 21), (17, 21), (18, 19), (11, 22), (12, 14), (13, 14), (12, 15), (13, 16), (14, 15), (17, 23), (18, 19), (19, 20), (13, 24), (14, 15), (15, 16), (16, 17), (6, 18), (8, 11), (3, 12), (6, 7), (8, 9), (8, 10), (7, 13), (7, 10), (9, 10), (11, 14), (12, 15), (14, 16), (13, 17), (16, 18), (15, 19), (16, 17), (17, 19), (18, 19), (7, 20), (11, 12), (11, 13), (12, 14), (15, 16), (2, 17), (5, 7), (6, 7), (10, 11), (17, 19), (18, 19), (19, 20), (14, 21), (16, 21), (18, 20), (19, 20), (19, 21), (17, 23), (20, 21), (18, 22), (20, 21), (20, 23), (19, 24), (14, 25), (15, 16), (19, 21), (17, 22), (19, 20), (22, 23), (22, 24), (15, 25), (16, 17), (18, 19), (19, 20), (0, 24), (4, 5), (1, 6), (5, 6), (2, 7), (4, 5), (5, 6), (15, 16), (17, 18), (23, 24), (20, 25), (16, 22), (13, 16), (14, 15), (17, 19), (2, 26), (4, 5), (4, 6), (3, 12), (4, 6), (5, 6), (7, 8), (8, 10), (9, 10), (8, 11), (10, 11), (10, 12), (11, 13), (12, 13), (11, 14), (12, 13), (12, 14), (12, 19), (13, 14), (14, 15), (14, 17), (7, 18), (11, 13), (12, 13), (12, 15), (13, 15), (17, 18), (11, 20), (9, 15), (11, 12), (10, 13), (11, 12), (11, 13), (4, 16), (8, 9), (11, 12), (15, 18), (18, 19), (18, 20), (14, 21), (16, 17), (17, 18), (18, 19), (19, 20), (20, 21), (3, 22), (8, 11), (9, 10), (12, 13), (3, 14), (4, 5), (7, 8), (9, 10), (11, 12), (6, 13), (8, 9), (12, 13), (12, 15), (0, 14), (11, 12), (12, 13), (13, 14), (14, 15), (9, 16), (10, 12), (11, 12), (9, 13), (12, 14), (13, 14), (12, 17), (4, 18), (6, 8), (7, 8), (10, 11), (19, 20), (17, 22), (20, 22), (21, 22), (20, 23), (13, 24), (15, 16), (13, 19), (16, 17), (15, 18), (16, 18), (17, 18), (19, 20), (19, 21), (21, 22), (23, 24), (1, 25), (2, 3), (4, 6), (0, 8), (2, 3), (6, 8), (7, 8), (7, 9), (8, 10), (8, 12), (9, 10), (9, 11), (9, 11), (17, 20), (19, 20), (13, 21), (8, 16), (7, 8), (4, 7), (5, 7), (6, 7), (5, 8), (7, 8), (6, 9), (8, 9), (9, 14), (13, 14), (8, 15), (13, 14), (11, 16), (11, 13), (13, 14), (14, 15), (14, 16), (16, 17), (14, 20), (18, 19), (19, 20), (19, 21), (21, 23), (22, 23), (20, 24), (21, 22), (22, 24), (14, 25), (6, 17), (7, 8), (7, 10), (8, 9), (8, 11), (10, 11), (14, 15), (18, 19), (17, 20), (18, 19), (19, 20), (19, 21), (20, 21), (21, 22), (19, 24), (24, 25), (15, 25), (14, 15), (13, 14), (12, 13), (7, 12), (6, 7), (3, 6), (1, 3), (0, 2), (1, 2), (4, 6), (5, 6), (5, 7), (13, 17), (14, 16), (15, 16), (15, 17), (16, 18), (18, 19), (24, 25), (3, 26), (4, 6), (5, 6), (4, 7), (5, 6), (11, 12), (4, 14), (10, 11), (6, 12), (11, 12), (11, 13), (11, 14), (17, 18), (7, 19), (5, 9), (6, 8), (7, 8), (10, 11), (17, 19), (7, 20), (11, 13), (12, 13), (18, 19), (17, 20), (14, 21), (18, 19), (13, 22), (14, 15), (15, 16), (16, 17), (17, 18), (15, 20), (17, 18), (16, 20), (11, 23), (6, 13), (9, 10), (11, 12), (15, 16), (17, 18), (19, 20), (19, 21), (21, 25), (24, 25), (9, 26), (10, 11), (14, 15), (18, 21), (19, 20), (20, 21), (19, 22), (23, 24), (13, 25), (16, 20), (19, 20), (15, 22), (19, 22), (20, 21), (22, 23), (22, 26), (14, 27), (15, 16), (17, 18), (7, 19), (12, 13), (3, 14), (4, 6), (5, 6), (6, 7), (4, 9), (5, 6), (8, 9), (12, 13), (4, 15), (6, 8), (7, 8), (6, 9), (6, 8), (9, 10), (10, 11), (13, 14), (14, 15), (6, 16), (10, 11), (14, 15), (18, 19), (22, 24), (20, 23), (22, 23), (21, 23), (22, 23), (21, 24), (18, 25), (12, 19), (13, 15), (14, 17), (16, 17), (13, 19), (14, 18), (15, 17), (18, 19), (16, 20), (17, 19), (18, 19), (18, 20), (19, 20), (20, 21), (21, 22), (22, 23), (23, 24), (8, 25), (10, 12), (18, 19), (20, 22), (21, 22), (5, 26), (10, 11), (10, 12), (11, 12), (0, 14), (7, 9), (1, 10), (2, 3), (5, 6), (2, 8), (3, 5), (3, 6), (4, 5), (4, 6), (5, 6), (5, 7), (6, 9), (8, 11), (9, 10), (12, 13), (14, 15), (15, 16), (1, 19), (4, 5), (2, 6), (4, 5), (2, 10), (3, 4), (6, 9), (7, 8), (7, 9), (6, 10), (10, 11), (11, 12), (12, 13), (17, 18), (4, 20), (5, 6), (4, 11), (6, 8), (7, 9), (8, 9), (8, 10), (14, 15), (21, 22), (11, 23), (13, 14), (15, 16), (15, 17), (15, 17), (20, 21), (20, 23), (21, 23), (6, 24), (14, 15), (16, 17), (18, 19), (4, 23), (8, 10), (9, 10), (8, 11), (9, 11), (10, 11), (7, 12), (11, 13), (19, 20), (24, 25), (12, 26), (13, 14), (15, 17), (22, 26), (3, 27), (4, 5), (4, 6), (5, 6), (5, 7), (0, 8), (2, 4), (3, 4), (3, 5), (4, 5), (5, 6), (7, 8), (11, 12), (2, 18), (13, 14), (14, 15), (3, 16), (8, 9), (8, 10), (9, 11), (11, 12), (14, 16), (13, 19), (14, 17), (15, 16), (16, 17), (14, 21), (15, 17), (16, 17), (16, 18), (15, 18), (16, 17), (19, 21), (15, 23), (21, 22), (19, 23), (20, 22), (21, 22), (7, 24), (9, 10), (13, 14), (16, 17), (23, 24), (18, 25), (19, 20), (22, 23), (18, 25), (21, 22), (14, 26), (16, 18), (17, 18), (19, 20), (12, 22), (8, 13), (3, 8), (1, 3), (2, 3), (4, 5), (7, 8), (9, 10), (11, 13), (3, 13), (5, 6), (8, 9), (7, 9), (8, 9), (10, 12), (12, 13), (4, 14), (5, 6), (5, 7), (7, 8), (7, 9), (8, 9), (8, 18), (9, 10), (11, 13), (12, 13), (9, 16), (9, 17), (16, 18), (11, 19), (14, 15), (13, 15), (14, 15), (12, 17), (13, 17), (14, 17), (6, 18), (8, 12), (9, 11), (10, 11), (16, 18), (15, 21), (17, 18), (18, 19), (17, 19), (18, 19), (20, 21), (3, 26), (7, 8), (11, 12), (11, 13), (11, 14), (14, 15), (15, 16), (16, 17), (18, 23), (20, 22), (21, 23), (25, 26), (1, 27), (3, 5), (2, 6), (7, 8), (9, 10), (9, 11), (12, 13), (15, 16), (19, 22), (21, 22), (21, 23), (22, 23), (11, 24), (12, 13), (12, 14), (13, 17), (15, 16), (20, 24), (22, 24), (23, 24), (3, 25), (4, 5), (5, 6), (11, 12), (14, 15), (15, 16), (8, 18), (9, 13), (10, 11), (11, 12), (12, 13), (15, 16), (18, 22), (19, 22), (20, 22), (21, 22), (23, 24), (16, 25), (12, 16), (11, 12), (10, 11), (8, 10), (10, 12), (11, 12), (10, 16), (12, 17), (9, 18), (13, 14), (14, 15), (21, 25), (22, 25), (4, 26), (5, 6), (6, 9), (8, 9), (9, 11), (10, 11), (10, 12), (12, 13), (12, 14), (14, 15), (0, 16), (7, 9), (8, 9), (8, 10), (9, 10), (9, 12), (10, 11), (10, 14), (13, 14), (16, 18), (17, 18), (16, 19), (14, 23), (15, 16), (6, 17), (7, 8), (10, 13), (11, 13), (14, 15), (12, 16), (13, 15), (17, 20), (19, 20), (21, 23), (0, 25), (4, 5), (4, 6), (11, 13), (12, 13), (15, 16), (12, 18), (15, 16), (14, 20), (16, 17), (12, 21), (16, 17), (17, 18), (14, 22), (16, 17), (16, 18), (16, 25), (18, 26), (21, 22), (23, 24), (2, 25), (7, 9), (8, 9), (11, 12), (11, 14), (12, 13), (13, 14), (6, 15), (8, 10), (11, 12), (10, 13), (11, 13), (12, 13), (12, 15), (13, 14), (11, 16), (12, 13), (14, 15), (13, 17), (21, 22), (24, 25), (22, 26), (14, 28), (18, 21), (20, 21), (22, 23), (9, 25), (11, 13), (15, 16), (19, 20), (19, 22), (21, 22), (23, 26), (10, 27), (12, 13), (16, 17), (14, 17), (15, 17), (16, 18), (18, 19), (18, 20), (20, 21), (19, 21), (20, 21), (22, 23), (24, 25), (10, 28), (12, 15), (13, 14), (14, 16), (16, 17), (16, 18), (18, 19), (19, 20), (20, 21), (19, 22), (17, 21), (17, 20), (18, 19), (20, 21), (7, 23), (8, 9), (8, 10), (9, 10), (16, 17), (16, 18), (14, 19), (15, 16), (15, 18), (19, 20), (19, 21), (18, 23), (20, 21), (23, 24), (5, 26), (7, 11), (8, 9), (10, 11), (6, 16), (12, 13), (15, 16), (14, 17), (15, 17), (4, 15), (5, 6), (12, 14), (13, 14), (16, 17), (18, 19), (20, 26), (21, 26), (8, 27), (9, 10), (9, 12), (11, 12), (15, 16), (13, 18), (14, 16), (15, 16), (9, 18), (12, 14), (12, 15), (14, 17), (16, 17), (16, 18), (14, 19), (15, 17), (17, 21), (20, 21), (20, 23), (22, 23), (23, 24), (19, 25), (21, 22), (25, 26), (1, 28), (3, 4), (5, 8), (6, 7), (12, 13), (12, 14), (12, 15), (11, 13), (12, 13), (14, 15), (14, 16), (15, 16), (13, 17), (16, 19), (16, 20), (21, 23), (18, 22), (19, 20), (20, 21), (21, 22), (19, 23), (21, 23), (22, 23), (18, 27), (24, 25), (24, 26), (23, 27), (15, 28), (16, 19), (17, 18), (18, 19), (17, 20), (18, 21), (8, 22), (10, 11), (12, 13), (9, 14), (17, 18), (19, 21), (17, 21), (11, 17), (10, 12), (14, 16), (15, 16), (14, 17), (16, 17), (10, 23), (12, 13), (1, 14), (2, 3), (4, 6), (10, 11), (12, 13), (13, 16), (12, 17), (13, 15), (14, 15), (19, 25), (20, 22), (21, 22), (23, 26), (25, 26), (13, 28), (13, 16), (15, 17), (1, 19), (6, 7), (8, 9), (8, 10), (9, 10), (9, 11), (10, 11), (10, 12), (11, 12), (15, 16), (17, 18), (18, 19), (18, 20), (20, 21), (21, 22), (5, 23), (7, 8), (9, 10), (11, 13), (13, 15), (14, 15), (4, 17), (8, 10), (9, 10), (9, 11), (13, 15), (6, 18), (13, 14), (15, 20), (18, 19), (10, 22), (11, 13), (17, 20), (18, 19), (1, 24), (8, 9), (10, 11), (13, 14), (16, 17), (14, 19), (15, 16), (17, 19), (18, 19), (20, 22), (21, 22), (21, 23), (23, 24), (21, 27), (9, 25), (11, 12), (13, 17), (17, 18), (19, 22), (24, 26), (4, 27), (4, 6), (5, 6), (3, 9), (4, 5), (5, 10), (7, 8), (6, 11), (7, 8), (8, 9), (9, 10), (11, 12), (12, 14), (13, 14), (18, 19), (19, 20), (20, 21), (21, 22), (22, 23), (26, 27), (0, 28), (2, 3), (1, 4), (2, 3), (9, 12), (12, 13), (12, 14), (10, 15), (11, 13), (12, 14), (14, 17), (15, 16), (14, 17), (17, 20), (18, 19), (19, 20), (13, 21), (15, 16), (17, 18), (16, 20), (18, 21), (18, 22), (22, 23), (23, 24), (13, 25), (16, 17), (15, 19), (16, 17), (21, 23), (22, 23), (26, 27), (14, 28), (15, 17), (16, 17), (18, 19), (16, 22), (13, 17), (9, 13), (8, 9), (9, 13), (11, 12), (11, 13), (3, 14), (4, 9), (5, 9), (7, 8), (6, 9), (8, 9), (10, 11), (13, 14), (12, 15), (13, 16), (14, 17), (15, 17), (16, 17), (15, 18), (10, 19), (11, 14), (12, 13), (12, 14), (12, 14), (12, 15), (17, 20), (18, 21), (20, 22), (16, 23), (22, 23), (17, 24), (18, 20), (22, 23), (23, 24), (4, 25), (5, 6), (5, 7), (6, 7), (12, 15), (13, 15), (14, 15), (12, 16), (13, 15), (13, 16), (13, 18), (12, 19), (14, 15), (16, 19), (17, 19), (20, 21), (20, 22), (22, 23), (14, 24), (7, 17), (5, 7), (3, 5), (0, 3), (7, 13), (8, 9), (12, 13), (10, 14), (12, 16), (14, 16), (5, 18), (6, 8), (7, 9), (8, 11), (9, 10), (11, 17), (13, 15), (12, 16), (15, 16), (16, 17), (14, 18), (8, 19), (10, 11), (10, 16), (14, 16), (15, 18), (16, 22), (15, 23), (18, 20), (19, 20), (22, 23), (19, 25), (20, 22), (20, 22), (20, 25), (24, 25), (20, 26), (21, 23), (22, 23), (11, 28), (13, 14), (12, 16), (13, 14), (14, 16), (15, 18), (14, 20), (18, 19), (17, 20), (18, 19), (18, 20), (20, 21), (20, 22), (22, 23), (22, 24), (23, 24), (1, 26), (4, 9), (5, 6), (7, 9), (10, 11), (11, 12), (3, 13), (6, 8), (9, 10), (11, 12), (12, 14), (13, 15), (0, 16), (3, 5), (5, 6), (8, 10), (9, 10), (10, 11), (11, 12), (8, 14), (11, 13), (12, 13), (10, 14), (15, 17), (16, 17), (21, 22), (23, 26), (26, 27), (2, 29), (4, 8), (5, 6), (12, 13), (5, 14), (6, 7), (7, 9), (8, 9), (8, 10), (9, 11), (11, 12), (9, 13), (16, 18), (17, 18), (19, 20), (11, 22), (14, 15), (18, 20), (19, 20), (18, 21), (20, 21), (17, 22), (20, 22), (21, 22), (18, 23), (20, 22), (21, 24), (14, 25), (15, 16), (17, 18), (17, 19), (24, 25), (15, 27), (18, 19), (20, 23), (22, 23), (27, 28), (11, 29), (0, 14), (4, 12), (8, 9), (7, 9), (8, 9), (8, 12), (9, 10), (9, 11), (10, 11), (12, 13), (12, 14), (13, 14), (5, 15), (7, 8), (7, 10), (9, 10), (10, 11), (10, 12), (3, 17), (7, 9), (13, 16), (15, 17), (18, 19), (9, 21), (12, 13), (10, 14), (11, 12), (11, 14), (11, 14), (14, 15), (15, 16), (16, 17), (16, 18), (22, 23), (19, 24), (20, 21), (23, 24), (20, 25), (24, 25), (15, 27), (17, 18), (17, 19), (19, 20), (19, 21), (17, 19), (17, 21), (19, 21), (19, 21), (24, 26), (25, 26), (18, 27), (20, 21), (20, 23), (21, 23), (23, 24), (22, 25), (11, 29), (12, 14), (7, 17), (10, 12), (11, 12), (13, 14), (11, 17), (16, 17), (18, 19), (12, 22), (13, 15), (16, 18), (21, 22), (20, 23), (22, 23), (20, 24), (16, 20), (16, 17), (18, 20), (19, 20), (19, 22), (18, 23), (19, 20), (16, 24), (17, 19), (19, 20), (23, 24), (18, 25), (16, 20), (12, 19), (3, 12), (2, 3), (1, 2), (0, 1), (4, 8), (5, 7), (6, 7), (7, 8), (0, 11), (7, 10), (8, 9), (8, 10), (7, 11), (10, 12), (9, 13), (12, 14), (14, 15), (14, 16), (16, 17), (3, 19), (7, 8), (7, 10), (5, 9), (6, 8), (7, 8), (7, 9), (8, 9), (11, 12), (4, 13), (5, 6), (8, 12), (14, 19), (17, 18), (15, 19), (14, 20), (15, 17), (18, 21), (19, 22), (21, 23), (22, 23), (17, 25), (19, 20), (18, 21), (19, 20), (23, 24), (22, 26), (21, 27), (9, 29), (13, 16), (14, 16), (15, 16), (12, 17), (13, 15), (14, 16), (15, 16), (14, 18), (15, 16), (15, 17), (14, 19), (15, 16), (15, 17), (15, 22), (16, 17), (15, 21), (18, 19), (17, 21), (20, 21), (19, 22), (23, 24), (17, 27), (20, 21), (24, 25), (20, 26), (23, 25), (24, 25), (23, 27), (24, 25), (9, 28), (10, 11), (11, 13), (12, 13), (14, 15), (0, 19), (4, 5), (3, 10), (7, 10), (1, 11), (2, 3), (6, 9), (10, 11), (12, 13), (14, 18), (15, 18), (15, 19), (16, 17), (17, 19), (17, 20), (16, 21), (8, 19), (10, 11), (11, 12), (12, 13), (12, 14), (14, 15), (15, 16), (11, 17), (18, 19), (22, 23), (14, 24), (15, 16), (17, 23), (19, 23), (21, 22), (5, 24), (7, 8), (2, 10), (3, 4), (14, 15), (16, 17), (7, 18), (10, 11), (11, 14), (12, 14), (14, 15), (13, 16), (14, 15), (17, 18), (17, 19), (15, 20), (17, 18), (23, 24), (17, 25), (18, 19), (17, 23), (2, 19), (3, 4), (6, 7), (7, 9), (8, 10), (3, 11), (4, 5), (7, 9), (9, 10), (10, 11), (7, 12), (10, 11), (12, 17), (13, 14), (14, 15), (13, 16), (14, 15), (16, 17), (16, 18), (17, 18), (12, 20), (15, 16), (12, 20), (14, 17), (18, 20), (14, 21), (16, 17), (4, 23), (5, 6), (5, 7), (6, 8), (7, 8), (9, 14), (12, 13), (7, 14), (8, 10), (7, 11), (8, 9), (10, 11), (6, 16), (5, 10), (6, 7), (11, 12), (15, 16), (20, 21), (22, 23), (18, 24), (17, 18), (6, 23), (12, 13), (9, 18), (11, 12), (17, 18), (14, 19), (15, 17), (16, 17), (18, 19), (18, 20), (11, 21), (12, 15), (13, 14), (13, 15), (13, 16), (20, 23), (0, 28), (2, 5), (3, 4), (10, 11), (2, 12), (4, 5), (8, 9), (1, 13), (3, 5), (10, 11), (11, 13), (12, 13), (13, 14), (15, 16), (13, 18), (15, 17), (16, 17), (17, 18), (18, 19), (16, 20), (17, 18), (17, 19), (5, 21), (6, 7), (7, 8), (9, 10), (16, 17), (16, 19), (7, 21), (8, 9), (13, 15), (13, 15), (16, 17), (20, 21), (18, 22), (22, 23), (16, 24), (17, 19), (5, 26), (6, 10), (7, 8), (9, 11), (10, 11), (10, 12), (11, 13), (19, 20), (20, 21), (23, 24), (19, 26), (20, 22), (24, 25), (16, 27), (15, 17), (16, 17), (16, 18), (1, 22), (2, 3), (4, 7), (6, 7), (8, 9), (4, 10), (5, 6), (5, 7), (6, 7), (8, 9), (6, 10), (8, 9), (10, 11), (7, 13), (8, 10), (11, 12), (12, 13), (14, 21), (15, 17), (17, 18), (18, 19), (19, 20), (24, 25), (24, 26), (22, 27), (25, 26), (13, 28), (14, 15), (6, 16), (8, 10), (7, 11), (10, 11), (13, 14), (16, 20), (18, 20), (19, 21), (15, 22), (17, 18), (18, 23), (21, 22), (23, 24), (19, 25), (21, 23), (21, 23), (23, 24), (21, 25), (22, 23), (10, 26), (13, 14), (14, 15), (15, 16), (13, 17), (7, 20), (22, 24), (26, 27), (26, 28), (0, 30), (1, 2), (4, 9), (6, 9), (7, 9), (5, 10), (9, 10), (11, 12), (9, 13), (9, 13), (6, 11), (9, 10), (7, 10), (8, 10), (8, 10), (8, 11), (10, 12), (12, 13), (5, 14), (9, 10), (8, 11), (10, 11), (14, 17), (15, 16), (10, 17), (11, 15), (17, 19), (18, 19), (14, 20), (14, 17), (12, 19), (12, 17), (14, 16), (15, 16), (14, 17), (15, 16), (17, 19), (20, 25), (23, 24), (24, 25), (24, 26), (26, 28), (27, 28), (27, 29), (28, 29), (22, 30), (20, 22), (18, 20), (17, 18), (15, 17), (12, 15), (17, 18), (19, 20), (1, 21), (1, 6), (10, 13), (17, 18), (14, 19), (15, 19), (16, 18), (17, 18), (18, 19), (22, 24), (23, 24), (24, 27), (25, 26), (25, 28), (19, 29), (23, 24), (23, 25), (24, 26), (25, 26), (16, 30), (17, 18), (5, 20), (6, 7), (7, 8), (9, 12), (10, 14), (11, 13), (12, 13), (15, 16), (18, 19), (18, 20), (22, 24), (18, 24), (22, 23), (19, 25), (22, 23), (20, 25), (21, 25), (22, 24), (23, 24), (22, 25), (23, 26), (24, 25), (22, 26), (23, 24), (7, 28), (11, 12), (16, 19), (18, 19), (9, 21), (8, 9), (10, 11), (14, 16), (17, 18), (17, 19), (12, 19), (13, 14), (14, 15), (18, 23), (11, 24), (12, 13), (13, 15), (14, 17), (15, 17), (16, 17), (16, 18), (20, 21), (3, 26), (4, 6), (8, 9), (18, 22), (16, 22), (18, 19), (18, 20), (21, 22), (21, 24), (25, 27), (6, 29), (8, 9), (9, 11), (17, 18), (19, 20), (13, 24), (14, 15), (15, 16), (15, 20), (17, 20), (19, 20), (22, 23), (22, 24), (23, 24), (23, 25), (19, 25), (20, 22), (21, 22), (18, 24), (19, 20), (21, 22), (23, 24), (21, 25), (23, 26), (15, 27), (17, 18), (15, 19), (6, 28), (21, 22), (21, 23), (27, 28), (17, 29), (18, 23), (19, 21), (20, 22), (19, 23), (20, 21), (21, 22), (21, 23), (23, 27), (26, 27), (28, 29), (13, 30), (12, 15), (13, 14), (14, 15), (15, 16), (15, 17), (16, 18), (17, 19), (18, 20), (15, 21), (17, 19), (20, 21), (17, 23), (19, 23), (22, 23), (22, 24), (22, 25), (23, 25), (23, 26), (24, 25), (8, 28), (9, 10), (8, 11), (9, 10), (11, 12), (12, 14), (13, 14), (13, 16), (15, 16), (15, 17), (13, 19), (15, 16), (20, 21), (8, 23), (9, 10), (11, 15), (12, 13), (13, 14), (12, 15), (21, 22), (17, 23), (22, 23), (23, 24), (24, 25), (27, 28), (28, 29), (3, 30), (4, 5), (5, 10), (7, 10), (8, 9), (9, 10), (4, 11), (5, 6), (8, 9), (7, 12), (8, 9), (9, 10), (10, 12), (10, 13), (11, 14), (14, 15), (13, 17), (15, 17), (17, 18), (19, 20), (5, 21), (6, 7), (8, 9), (16, 17), (14, 20), (21, 22), (21, 24), (24, 25), (1, 26), (2, 4), (3, 4), (2, 5), (3, 4), (3, 6), (5, 7), (7, 8), (12, 14), (13, 14), (17, 18), (18, 19), (19, 20), (23, 24), (25, 26), (20, 27), (24, 25), (21, 26), (22, 24), (22, 25), (24, 25), (22, 26), (25, 27), (13, 28), (16, 17), (18, 22), (21, 22), (20, 23), (22, 23), (20, 24), (24, 25), (28, 29), (10, 30), (12, 13), (13, 14), (16, 24), (20, 23), (22, 24), (20, 25), (21, 22), (23, 24), (24, 25), (16, 26), (17, 18), (22, 23), (24, 26), (24, 27), (25, 26), (26, 27), (25, 28), (24, 27), (20, 24), (18, 20), (19, 20), (25, 26), (20, 29), (19, 20), (16, 19), (10, 17), (12, 15), (13, 15), (14, 15), (16, 18), (21, 23), (22, 23), (23, 24), (24, 25), (14, 26), (15, 18), (16, 17), (16, 18), (16, 19), (18, 19), (3, 20), (8, 10), (4, 10), (2, 11), (3, 4), (8, 10), (9, 10), (11, 12), (12, 13), (13, 14), (14, 15), (13, 16), (14, 15), (16, 17), (16, 18), (18, 19), (19, 20), (22, 23), (24, 26), (0, 27), (1, 2), (1, 3), (2, 4), (4, 6), (5, 6), (12, 13), (1, 14), (3, 4), (4, 5), (5, 6), (11, 12), (12, 13), (9, 14), (12, 13), (12, 15), (13, 14), (10, 16), (11, 13), (12, 13), (13, 16), (15, 16), (14, 17), (16, 17), (10, 18), (18, 19), (19, 20), (20, 21), (23, 24), (16, 24), (23, 24), (17, 25), (19, 20), (19, 21), (21, 22), (19, 26), (14, 22), (18, 20), (19, 21), (21, 22), (24, 25), (24, 26), (24, 27), (26, 27), (7, 28), (9, 10), (9, 14), (18, 21), (22, 24), (19, 26), (23, 24), (2, 27), (11, 13), (12, 13), (23, 25), (26, 27), (12, 28), (13, 14), (17, 21), (19, 20), (20, 21), (21, 22), (24, 25), (22, 26), (24, 25), (27, 28), (19, 29), (21, 24), (22, 23), (27, 29), (27, 29), (17, 30), (16, 17), (9, 16), (8, 9), (7, 8), (4, 7), (5, 7), (6, 7), (6, 8), (8, 9), (9, 10), (14, 15), (16, 17), (18, 19), (9, 22), (10, 11), (15, 21), (18, 19), (16, 20), (17, 18), (17, 19), (17, 20), (20, 21), (19, 21), (20, 21), (17, 23), (18, 19), (21, 22), (19, 23), (11, 25), (14, 19), (15, 21), (18, 20), (22, 26), (25, 27), (14, 28), (13, 14), (16, 17), (17, 18), (18, 20), (23, 26), (25, 26), (25, 28), (28, 29), (19, 30), (23, 24), (0, 31), (2, 4), (3, 4), (1, 6), (1, 3), (7, 11), (8, 9), (9, 11), (10, 11), (10, 12), (8, 13), (11, 12), (10, 13), (12, 15), (13, 14), (17, 18), (15, 19), (0, 20), (6, 7), (5, 7), (6, 7), (2, 8), (5, 6), (9, 10), (12, 15), (21, 22), (22, 23), (23, 24), (19, 25), (22, 24), (23, 24), (24, 25), (16, 28), (17, 18), (17, 19), (20, 23), (23, 24), (24, 26), (25, 26), (3, 27), (2, 4), (3, 4), (6, 7), (11, 13), (15, 16), (8, 19), (9, 10), (9, 12), (10, 12), (9, 17), (10, 18), (13, 15), (14, 15), (14, 16), (15, 18), (16, 18), (17, 18), (1, 19), (3, 5), (4, 5), (7, 8), (7, 11), (10, 11), (14, 15), (15, 16), (13, 17), (14, 16), (15, 16), (13, 20), (15, 18), (16, 18), (17, 18), (16, 21), (18, 19), (23, 24), (27, 28), (23, 29), (24, 25), (11, 27), (17, 18), (19, 21), (19, 23), (20, 23), (20, 22), (25, 26), (26, 27), (19, 29), (21, 23), (22, 23), (24, 25), (26, 27), (25, 29), (15, 30), (16, 17), (20, 22), (22, 23), (14, 25), (14, 16), (16, 17), (24, 26), (18, 27), (19, 20), (19, 21), (16, 24), (21, 23), (22, 24), (23, 27), (24, 25), (24, 26), (25, 26), (24, 27), (26, 27), (1, 30), (4, 6), (9, 10), (3, 11), (5, 6), (8, 10), (11, 13), (4, 14), (5, 6), (7, 8), (10, 11), (11, 12), (4, 14), (8, 11), (9, 11), (6, 12), (7, 9), (7, 10), (12, 14), (10, 14), (11, 13), (12, 14), (12, 16), (14, 15), (14, 16), (14, 16), (15, 17), (16, 17), (17, 18), (19, 20), (20, 21), (21, 22), (22, 23), (27, 28), (26, 29), (27, 29), (28, 29), (14, 30), (16, 18), (17, 18), (17, 19), (21, 24), (22, 24), (26, 27), (26, 28), (12, 31), (1, 12), (3, 11), (7, 8), (10, 11), (11, 14), (7, 15), (10, 11), (11, 13), (14, 15), (17, 18), (16, 19), (16, 18), (19, 20), (16, 21), (18, 20), (16, 22), (16, 19), (23, 24), (23, 25), (20, 27), (22, 24), (16, 28), (8, 21), (9, 10), (10, 11), (11, 12), (9, 18), (10, 11), (16, 18), (20, 21), (12, 22), (26, 27), (23, 28), (26, 27), (13, 29), (16, 18), (17, 18), (17, 19), (16, 19), (17, 18), (19, 20), (14, 22), (15, 16), (17, 21), (18, 21), (19, 20), (18, 21), (20, 22), (24, 25), (20, 26), (21, 22), (5, 23), (0, 7), (3, 4), (6, 7), (8, 9), (9, 10), (8, 11), (10, 11), (1, 14), (10, 12), (10, 12), (1, 14), (3, 4), (8, 9), (12, 13), (3, 15), (5, 6), (14, 16), (15, 16), (15, 19), (18, 19), (18, 20), (16, 21), (21, 22), (21, 24), (25, 26), (19, 27), (24, 25), (25, 26), (23, 27), (25, 26), (9, 30), (8, 12), (9, 10), (9, 11), (8, 16), (10, 11), (14, 16), (13, 16), (14, 16), (15, 16), (10, 17), (11, 12), (15, 16), (11, 17), (15, 16), (17, 18), (17, 19), (7, 21), (13, 16), (16, 17), (16, 18), (16, 21), (17, 18), (18, 19), (19, 20), (20, 22), (21, 22), (21, 23), (22, 23), (22, 24), (22, 27), (24, 26), (1, 27), (6, 7), (2, 10), (8, 10), (9, 11), (10, 11), (17, 19), (18, 19), (19, 20), (15, 21), (19, 21), (20, 21), (15, 23), (16, 17), (20, 22), (23, 24), (26, 28), (27, 29), (29, 30), (17, 31), (8, 21), (7, 8), (5, 7), (6, 7), (7, 8), (8, 9), (9, 10), (9, 11), (14, 15), (14, 16), (13, 18), (14, 15), (15, 16), (13, 18), (14, 15), (14, 16), (17, 19), (18, 21), (18, 23), (19, 20), (20, 21), (21, 23), (22, 23), (19, 24), (19, 25), (23, 24), (12, 26), (17, 18), (19, 20), (14, 21), (14, 20), (4, 19), (5, 6), (10, 16), (11, 13), (12, 13), (13, 16), (14, 15), (15, 16), (13, 19), (16, 17), (19, 20), (8, 21), (13, 20), (16, 18), (15, 21), (17, 21), (19, 21), (20, 21), (20, 23), (21, 22), (21, 23), (22, 23), (25, 26), (27, 28), (22, 30), (23, 26), (13, 31), (12, 15), (2, 16), (3, 4), (11, 12), (7, 13), (9, 10), (8, 10), (9, 10), (11, 12), (12, 13), (14, 15), (15, 16), (19, 20), (21, 22), (22, 23), (8, 24), (9, 10), (11, 12), (12, 13), (14, 17), (15, 17), (16, 17), (16, 19), (17, 18), (7, 21), (9, 11), (10, 11), (12, 14), (13, 14), (12, 15), (13, 14), (14, 17), (16, 17), (20, 22), (21, 23), (22, 24), (23, 24), (22, 25), (25, 26), (23, 28), (25, 26), (22, 28), (10, 29), (12, 13), (16, 17), (11, 18), (16, 19), (6, 21), (7, 9), (7, 9), (12, 13), (4, 15), (8, 10), (9, 10), (12, 15), (14, 15), (12, 16), (13, 14), (16, 18), (11, 18), (16, 17), (21, 22), (19, 23), (20, 21), (20, 22), (21, 22), (23, 26), (25, 26), (17, 30), (20, 22), (21, 22), (14, 27), (15, 16), (15, 17), (19, 21), (22, 23), (22, 24), (23, 24), (26, 27), (0, 28), (6, 12), (8, 9), (8, 10), (9, 14), (12, 14), (10, 14), (11, 13), (12, 13), (11, 15), (17, 18), (12, 19), (13, 15), (14, 15), (14, 17), (13, 18), (16, 17), (16, 19), (17, 18), (17, 19), (18, 19), (16, 20), (16, 21), (21, 22), (24, 25), (8, 26), (9, 10), (12, 13), (20, 22), (27, 28), (27, 29), (28, 29), (27, 30), (14, 31), (19, 20), (19, 22), (19, 23), (22, 27), (26, 27), (25, 28), (9, 29), (6, 13), (5, 10), (6, 7), (8, 9), (8, 10), (12, 13), (11, 13), (9, 11), (10, 11), (12, 13), (10, 14), (14, 15), (15, 16), (15, 17), (18, 21), (19, 21), (20, 21), (26, 27), (21, 30), (25, 29), (26, 28), (26, 30), (10, 31), (11, 12), (11, 14), (12, 13), (11, 15), (16, 18), (17, 18), (18, 19), (21, 23), (23, 24), (23, 25), (21, 27), (23, 26), (26, 27), (3, 28), (1, 5), (2, 3), (3, 4), (5, 7), (6, 10), (7, 9), (9, 11), (10, 12), (13, 16), (14, 15), (16, 17), (18, 19), (10, 20), (11, 12), (12, 13), (11, 17), (12, 16), (15, 16), (15, 17), (16, 17), (18, 19), (19, 20), (20, 21), (12, 23), (13, 14), (21, 23), (23, 24), (23, 25), (24, 25), (24, 26), (25, 26), (25, 27), (19, 28), (22, 25), (24, 25), (23, 26), (27, 28), (13, 29), (16, 17), (13, 18), (15, 16), (17, 18), (17, 19), (18, 19), (19, 21), (20, 22), (24, 26), (25, 28), (27, 29), (13, 30), (8, 22), (2, 11), (4, 7), (6, 7), (8, 9), (8, 11), (9, 10), (7, 12), (10, 12), (11, 12), (10, 13), (11, 12), (9, 15), (12, 15), (13, 21), (11, 23), (12, 13), (13, 14), (18, 19), (19, 21), (20, 21), (9, 23), (19, 20), (22, 23), (20, 23), (21, 23), (0, 26), (5, 6), (1, 9), (5, 6), (2, 10), (3, 5), (6, 8), (1, 11), (2, 3), (5, 6), (8, 9), (11, 12), (12, 13), (5, 18), (5, 10), (8, 9), (5, 10), (14, 18), (15, 18), (22, 23), (18, 24), (20, 23), (22, 23), (19, 24), (20, 21), (22, 23), (20, 25), (22, 23), (23, 24), (18, 27), (19, 20), (25, 31), (20, 27), (19, 20), (16, 19), (13, 16), (15, 16), (17, 19), (15, 18), (17, 18), (20, 28), (21, 22), (25, 26), (26, 27), (11, 30), (12, 14), (12, 14), (2, 12), (0, 2), (3, 5), (2, 6), (9, 12), (11, 12), (1, 15), (2, 4), (6, 7), (3, 10), (5, 8), (6, 8), (7, 8), (14, 15), (3, 16), (9, 12), (10, 12), (11, 12), (4, 13), (16, 21), (19, 21), (20, 21), (22, 23), (26, 27), (28, 30), (28, 31), (8, 32), (14, 17), (15, 16), (15, 17), (9, 18), (13, 14), (10, 15), (15, 16), (16, 17), (19, 20), (16, 20), (13, 16), (15, 20), (16, 17), (18, 19), (15, 21), (17, 18), (17, 21), (18, 20), (20, 21), (21, 22), (6, 23), (9, 10), (8, 12), (7, 20), (11, 13), (13, 14), (21, 22), (24, 25), (23, 26), (26, 27), (27, 28), (23, 29), (27, 28), (29, 30), (19, 32), (15, 21), (16, 17), (9, 22), (6, 11), (8, 9), (12, 13), (10, 14), (12, 14), (13, 14), (14, 15), (15, 16), (16, 17), (17, 18), (19, 20), (18, 21), (19, 20), (19, 21), (19, 22), (21, 27), (23, 24), (22, 25), (23, 24), (23, 25), (23, 26), (25, 28), (26, 28), (27, 28), (17, 29), (18, 20), (9, 21), (12, 13), (12, 14), (12, 18), (19, 21), (4, 22), (5, 6), (7, 8), (9, 10), (11, 12), (17, 18), (17, 19), (21, 23), (22, 24), (22, 25), (5, 26), (6, 10), (8, 9), (10, 11), (14, 15), (16, 21), (20, 22), (21, 22), (21, 23), (22, 23), (9, 24), (11, 12), (10, 15), (13, 14), (14, 15), (14, 16), (20, 21), (16, 22), (18, 19), (17, 22), (18, 19), (18, 20), (20, 23), (22, 23), (18, 24), (19, 20), (20, 21), (27, 28), (23, 30), (22, 23), (23, 25), (23, 28), (27, 28), (0, 29), (3, 4), (8, 10), (5, 11), (7, 9), (10, 11), (9, 13), (10, 19), (11, 12), (11, 14), (11, 16), (12, 15), (14, 15), (16, 18), (17, 18), (16, 19), (18, 19), (17, 20), (20, 21), (21, 22), (21, 23), (25, 28), (27, 28), (25, 29), (27, 28), (23, 31), (25, 26), (23, 27), (24, 25), (18, 25), (20, 25), (21, 23), (21, 24), (23, 24), (23, 25), (24, 25), (23, 27), (24, 27), (25, 27), (26, 27), (21, 32), (22, 23), (23, 24), (24, 25), (24, 26), (2, 27), (3, 5), (4, 5), (2, 6), (5, 6), (4, 13), (5, 6), (5, 7), (8, 9), (11, 13), (12, 13), (11, 14), (14, 15), (9, 22), (17, 19), (18, 19), (19, 20), (14, 22), (19, 20), (21, 22), (21, 23), (25, 26), (27, 28), (25, 29), (12, 30), (14, 15), (16, 17), (17, 18), (17, 20), (19, 20), (2, 21), (4, 5), (6, 7), (7, 8), (6, 13), (8, 9), (8, 13), (10, 12), (11, 12), (11, 13), (6, 14), (9, 10), (10, 13), (10, 14), (13, 14), (6, 16), (10, 11), (8, 16), (11, 12), (11, 16), (13, 14), (14, 15), (15, 16), (8, 17), (11, 12), (13, 14), (10, 18), (14, 16), (19, 20), (17, 20), (18, 20), (21, 22), (22, 23), (22, 25), (24, 25), (17, 26), (20, 21), (24, 25), (18, 27), (21, 22), (21, 28), (22, 27), (19, 29), (21, 22), (15, 30), (20, 23), (22, 23), (8, 31), (9, 10), (13, 14), (15, 16), (18, 21), (19, 20), (20, 21), (24, 25), (26, 29), (28, 29), (1, 32), (3, 4), (4, 7), (2, 7), (3, 5), (6, 7), (6, 8), (3, 8), (6, 8), (7, 8), (10, 11), (10, 12), (16, 17), (18, 20), (10, 20), (12, 13), (14, 17), (15, 18), (16, 19), (17, 18), (11, 21), (12, 13), (11, 19), (16, 22), (20, 22), (21, 22), (19, 23), (22, 24), (23, 24), (12, 25), (13, 14), (13, 17), (16, 17), (14, 18), (16, 21), (17, 18), (17, 19), (23, 25), (28, 30), (21, 32), (10, 23), (9, 10), (10, 12), (11, 12), (16, 17), (18, 19), (19, 20), (20, 21), (21, 22), (19, 24), (20, 22), (22, 23), (24, 25), (16, 26), (17, 20), (18, 19), (19, 20), (20, 22), (22, 24), (24, 25), (25, 26), (12, 30), (8, 15), (9, 10), (9, 16), (10, 12), (15, 16), (13, 17), (16, 17), (16, 18), (18, 19), (16, 21), (24, 26), (25, 26), (22, 28), (24, 25), (26, 27), (0, 28), (1, 2), (5, 7), (6, 7), (7, 8), (7, 9), (5, 10), (6, 8), (7, 8), (6, 9), (8, 9), (5, 11), (7, 8), (9, 10), (11, 12), (19, 21), (20, 21), (21, 22), (25, 27), (9, 29), (16, 18), (16, 18), (20, 21), (21, 22), (22, 24), (23, 24), (23, 25), (24, 25), (24, 26), (25, 26), (26, 28), (27, 28), (9, 31), (7, 16), (8, 10), (12, 16), (13, 16), (13, 16), (12, 21), (20, 21), (26, 27), (26, 28), (29, 30), (16, 31), (17, 18), (19, 20), (25, 26), (23, 27), (24, 25), (25, 26), (24, 27), (25, 26), (27, 28), (0, 32), (3, 4), (4, 5), (2, 6), (4, 7), (7, 8), (3, 10), (4, 5), (9, 11), (10, 11), (2, 12), (3, 4), (5, 6), (6, 7), (8, 9), (12, 13), (13, 14), (18, 20), (19, 20), (19, 21), (20, 25), (21, 22), (22, 25), (24, 26), (25, 26), (5, 27), (6, 7), (8, 13), (9, 10), (10, 11), (12, 13), (16, 17), (17, 18), (20, 21), (19, 22), (20, 21), (21, 22), (16, 23), (19, 20), (16, 21), (21, 22), (20, 24), (19, 27), (17, 23), (15, 17), (17, 21), (20, 21), (22, 23), (24, 26), (0, 28), (9, 11), (10, 11), (7, 12), (9, 10), (14, 16), (14, 16), (16, 17), (18, 24), (19, 22), (21, 22), (20, 23), (14, 24), (17, 18), (21, 22), (27, 28), (20, 29), (21, 23), (17, 24), (18, 20), (19, 20), (22, 24), (23, 24), (19, 26), (23, 25), (24, 25), (20, 26), (21, 22), (21, 24), (20, 27), (22, 27), (26, 27), (27, 28), (6, 30), (7, 10), (8, 9), (8, 10), (7, 11), (9, 10), (11, 12), (13, 14), (11, 15), (11, 16), (14, 17), (8, 18), (9, 11), (9, 12), (18, 19), (19, 20), (21, 22), (22, 23), (22, 24), (23, 24), (22, 25), (25, 26), (13, 28), (14, 17), (15, 16), (14, 18), (16, 18), (17, 18), (15, 21), (16, 18), (17, 21), (18, 19), (18, 21), (19, 21), (20, 21), (17, 23), (19, 23), (22, 23), (20, 26), (22, 23), (23, 24), (22, 25), (23, 24), (23, 26), (26, 27), (24, 28), (25, 27), (28, 30), (11, 31), (12, 13), (17, 18), (16, 19), (17, 22), (19, 20), (18, 26), (20, 21), (24, 26), (27, 28), (29, 30), (30, 31), (24, 32), (21, 24), (19, 23), (15, 19), (15, 19), (17, 19), (18, 19), (18, 20), (14, 20), (15, 16), (16, 17), (5, 19), (13, 14), (9, 15), (13, 14), (17, 20), (21, 22), (1, 23), (2, 3), (6, 7), (9, 11), (16, 25), (24, 25), (29, 30), (15, 31), (17, 18), (20, 21), (22, 23), (23, 24), (7, 26), (12, 13), (17, 18), (16, 19), (17, 18), (18, 20), (21, 23), (23, 24), (24, 28), (12, 32), (15, 17), (13, 17), (1, 19), (3, 9), (6, 8), (7, 8), (8, 9), (11, 13), (5, 13), (2, 6), (1, 2), (5, 6), (7, 12), (8, 9), (10, 11), (10, 12), (11, 12), (7, 13), (9, 10), (9, 11), (11, 12), (11, 14), (14, 15), (11, 16), (12, 15), (13, 14), (14, 15), (16, 17), (17, 18), (15, 19), (16, 18), (13, 20), (15, 16), (18, 19), (20, 21), (21, 22), (14, 23), (17, 18), (20, 22), (15, 24), (17, 19), (18, 19), (22, 25), (24, 26), (26, 27), (27, 28), (26, 29), (27, 28), (25, 30), (22, 27), (23, 26), (24, 25), (25, 26), (23, 27), (28, 29), (30, 31), (17, 32), (16, 18), (13, 16), (12, 13), (7, 12), (6, 7), (10, 15), (7, 12), (8, 11), (9, 10), (11, 13), (9, 16), (12, 14), (10, 14), (10, 18), (12, 14), (13, 14), (13, 15), (17, 18), (14, 19), (16, 19), (3, 22), (5, 6), (6, 7), (13, 14), (15, 19), (16, 19), (17, 18), (7, 22), (12, 13), (17, 19), (18, 19), (21, 22), (20, 23), (21, 23), (9, 24), (11, 13), (12, 13), (14, 16), (13, 17), (16, 17), (20, 21), (7, 25), (8, 9), (10, 13), (11, 12), (8, 15), (9, 11), (11, 12), (15, 16), (17, 19), (18, 20), (16, 27), (17, 18), (17, 19), (20, 21), (21, 22), (22, 23), (23, 25), (23, 27), (25, 26), (25, 27), (20, 28), (21, 23), (22, 23), (25, 26), (22, 30), (24, 25), (22, 30), (23, 31), (25, 28), (27, 29), (29, 30), (18, 32), (19, 20), (17, 21), (18, 20), (21, 22), (22, 23), (23, 24), (23, 25), (25, 26), (23, 27), (28, 29), (29, 30), (21, 31), (24, 25), (28, 29), (30, 31), (15, 32), (12, 16), (14, 16), (14, 16), (25, 26), (11, 29), (12, 13), (14, 15), (15, 16), (18, 19), (10, 20), (13, 15), (14, 15), (14, 16), (15, 16), (17, 19), (18, 20), (19, 20), (20, 21), (21, 22), (23, 24), (22, 25), (23, 24), (24, 25), (25, 26), (26, 27), (27, 28), (28, 29), (29, 30), (29, 31), (29, 32), (17, 33), (16, 17), (19, 21), (20, 21), (17, 22), (19, 20), (19, 21), (1, 24), (8, 11), (9, 12), (12, 13), (14, 17), (4, 17), (3, 4), (5, 6), (13, 15), (17, 19), (18, 19), (23, 24), (19, 25), (20, 23), (21, 22), (21, 23), (17, 26), (21, 27), (24, 25), (22, 28), (23, 25), (24, 26), (28, 29), (24, 30), (30, 31), (25, 32), (26, 27), (10, 29), (8, 10), (7, 8), (6, 7), (9, 10), (11, 13), (12, 13), (13, 14), (13, 15), (15, 17), (4, 19), (5, 10), (7, 10), (8, 9), (8, 10), (8, 11), (12, 13), (14, 15), (14, 17), (15, 16), (18, 19), (19, 20), (20, 21), (21, 22), (22, 23), (23, 24), (24, 25), (25, 26), (27, 28), (30, 31), (23, 33), (22, 24), (21, 22), (13, 21), (10, 13), (9, 10), (8, 9), (7, 8), (6, 7), (5, 6), (2, 5), (1, 2), (11, 12), (2, 14), (10, 11), (12, 13), (12, 15), (13, 14), (12, 17), (14, 15), (14, 16), (15, 17), (14, 18), (15, 16), (23, 24), (21, 28), (24, 25), (17, 29), (18, 20), (19, 20), (21, 22), (22, 23), (23, 24), (24, 25), (24, 26), (26, 27), (20, 28), (8, 24), (9, 11), (10, 11), (9, 13), (20, 21), (26, 30), (28, 29), (4, 31), (9, 10), (13, 15), (14, 18), (15, 16), (15, 18), (16, 18), (17, 18), (12, 19), (13, 15), (13, 15), (14, 16), (16, 17), (16, 20), (17, 18), (17, 21), (20, 21), (13, 22), (14, 17), (15, 17), (14, 18), (16, 17), (15, 19), (19, 23), (19, 24), (23, 24), (5, 25), (7, 8), (7, 10), (9, 10), (7, 11), (8, 9), (9, 12), (6, 13), (5, 8), (6, 7), (6, 8), (9, 10), (12, 14), (13, 20), (16, 17), (15, 17), (16, 17), (14, 20), (16, 21), (13, 17), (12, 13), (15, 16), (15, 17), (17, 18), (18, 19), (21, 22), (24, 26), (25, 26), (26, 27), (13, 28), (15, 17), (19, 20), (21, 22), (23, 26), (20, 26), (22, 24), (24, 26), (25, 26), (26, 27), (27, 28), (28, 29), (28, 30), (30, 31), (13, 32), (15, 16), (10, 17), (13, 14), (17, 18), (15, 21), (9, 19), (14, 15), (10, 16), (11, 12), (11, 15), (12, 15), (14, 15), (13, 16), (15, 16), (13, 17), (16, 17), (11, 22), (12, 13), (13, 14), (13, 15), (15, 16), (0, 21), (2, 3), (7, 8), (1, 15), (10, 11), (17, 19), (20, 21), (22, 23), (5, 24), (6, 7), (8, 10), (9, 10), (11, 12), (10, 12), (11, 12), (12, 13), (13, 14), (14, 15), (15, 16), (16, 17), (17, 18), (17, 19), (18, 20), (21, 22), (21, 23), (20, 25), (21, 22), (23, 24), (21, 25), (24, 26), (17, 25), (20, 21), (19, 25), (20, 21), (13, 27), (15, 19), (23, 28), (23, 29), (25, 26), (25, 27), (26, 30), (15, 31), (16, 17), (2, 18), (3, 4), (9, 13), (0, 14), (6, 8), (5, 8), (6, 7), (7, 8), (7, 15), (12, 14), (13, 14), (2, 16), (9, 11), (10, 11), (9, 12), (11, 12), (13, 17), (14, 15), (14, 17), (6, 20), (9, 12), (12, 14), (12, 15), (14, 15), (14, 16), (15, 17), (15, 20), (21, 23), (24, 25), (8, 26), (11, 12), (12, 13), (15, 17), (16, 17), (22, 23), (22, 24), (23, 24), (25, 26), (18, 30), (23, 29), (29, 30), (23, 31), (25, 27), (2, 29), (3, 9), (4, 5), (7, 8), (4, 10), (6, 7), (9, 10), (7, 11), (7, 14), (11, 12), (13, 15), (16, 18), (17, 18), (18, 19), (19, 20), (27, 28), (27, 29), (21, 30), (8, 28), (10, 11), (11, 12), (11, 14), (12, 13), (13, 14), (14, 15), (14, 16), (14, 17), (13, 22), (17, 18), (19, 20), (15, 21), (18, 19), (15, 22), (18, 19), (19, 20), (17, 21), (20, 21), (19, 22), (20, 21), (25, 26), (14, 27), (18, 19), (24, 25), (22, 27), (25, 26), (16, 27), (17, 18), (17, 19), (20, 23), (21, 22), (23, 24), (23, 26), (24, 26), (24, 28), (25, 26), (26, 27), (27, 28), (17, 29), (24, 25), (26, 29), (16, 30), (21, 22), (20, 28), (24, 26), (26, 27), (25, 31), (26, 27), (27, 28), (28, 29), (29, 30), (17, 32), (22, 23), (18, 27), (25, 27), (26, 27), (20, 33), (18, 21), (17, 18), (19, 20), (19, 21), (11, 21), (7, 11), (10, 11), (10, 12), (11, 13), (12, 13), (3, 14), (7, 8), (5, 11), (6, 7), (7, 8), (8, 15), (19, 20), (15, 21), (17, 20), (18, 19), (19, 20), (19, 21), (21, 23), (23, 24), (24, 26), (25, 26), (27, 28), (14, 30), (12, 15), (13, 15), (14, 15), (9, 16), (10, 12), (11, 12), (12, 13), (10, 15), (14, 15), (11, 16), (13, 14), (12, 15), (13, 14), (15, 17), (17, 18), (18, 19), (14, 20), (16, 21), (17, 19), (17, 19), (17, 20), (20, 22), (20, 23), (21, 22), (23, 24), (24, 25), (25, 26), (26, 27), (27, 28), (27, 29), (27, 30), (25, 29), (27, 28), (28, 29), (8, 31), (9, 10), (13, 15), (14, 15), (16, 18), (14, 18), (15, 16), (19, 20), (18, 23), (19, 20), (18, 21), (19, 20), (4, 25), (7, 9), (8, 9), (5, 10), (6, 8), (14, 16), (13, 15), (14, 15), (12, 16), (13, 14), (14, 15), (15, 16), (16, 17), (17, 18), (5, 23), (8, 10), (11, 12), (15, 17), (16, 17), (18, 20), (19, 21), (21, 24), (22, 23), (13, 27), (14, 16), (15, 16), (15, 18), (16, 17), (20, 24), (22, 25), (24, 25), (1, 28), (3, 10), (7, 11), (18, 19), (21, 23), (22, 23), (23, 24), (25, 26), (27, 28), (31, 32), (15, 33), (16, 17), (16, 19), (20, 21), (1, 23), (3, 11), (5, 6), (8, 9), (10, 11), (11, 12), (13, 16), (14, 15), (15, 16), (14, 19), (15, 16), (16, 17), (18, 19), (3, 21), (5, 6), (6, 8), (4, 12), (8, 9), (13, 14), (13, 15), (21, 23), (22, 23), (24, 25), (18, 26), (11, 26), (22, 23), (21, 24), (8, 28), (9, 10), (9, 12), (10, 12), (11, 12), (5, 13), (5, 9), (7, 8), (6, 9), (8, 10), (12, 14), (14, 16), (15, 16), (14, 17), (5, 20), (11, 12), (12, 14), (13, 14), (17, 19), (18, 19), (7, 20), (16, 17), (18, 20), (11, 21), (13, 14), (6, 15), (7, 8), (15, 16), (16, 22), (18, 19), (18, 20), (19, 20), (11, 23), (16, 18), (17, 18), (22, 23), (19, 24), (20, 21), (21, 22), (20, 27), (21, 23), (24, 25), (25, 26), (23, 27), (0, 29), (2, 3), (3, 4), (6, 7), (14, 15), (16, 18), (20, 21), (22, 23), (22, 24), (26, 27), (26, 29), (31, 32), (10, 33), (11, 12), (11, 13), (1, 16), (4, 5), (3, 9), (5, 6), (6, 8), (7, 9), (9, 10), (10, 11), (11, 12), (11, 13), (11, 14), (12, 15), (2, 16), (3, 4), (3, 8), (4, 5), (7, 8), (2, 10), (8, 10), (8, 11), (9, 10), (11, 12), (9, 14), (11, 15), (12, 15), (13, 14), (14, 15), (5, 17), (12, 13), (7, 16), (12, 13), (17, 18), (18, 19), (19, 20), (9, 22), (14, 15), (18, 19), (17, 20), (19, 20), (14, 22), (18, 19), (20, 22), (21, 22), (21, 23), (18, 24), (19, 20), (23, 25), (25, 27), (26, 27), (0, 28), (2, 3), (3, 6), (4, 7), (8, 9), (9, 10), (11, 13), (10, 13), (11, 12), (9, 14), (12, 13), (14, 15), (15, 17), (17, 18), (12, 19), (13, 14), (14, 15), (16, 17), (13, 18), (14, 15), (16, 18), (17, 18), (2, 19), (3, 4), (4, 5), (5, 6), (2, 9), (11, 13), (11, 14), (12, 14), (15, 18), (16, 18), (20, 21), (23, 24), (2, 25), (3, 4), (5, 6), (8, 9), (10, 11), (8, 12), (9, 10), (11, 13), (12, 13), (12, 16), (13, 14), (14, 15), (14, 21), (19, 21), (20, 21), (20, 22), (22, 23), (16, 24), (19, 20), (19, 21), (5, 25), (8, 9), (11, 12), (10, 15), (12, 13), (12, 15), (13, 15), (14, 15), (13, 16), (11, 17), (12, 13), (12, 14), (13, 14), (24, 25), (20, 26), (25, 26), (21, 27), (26, 28), (6, 33), (9, 10), (8, 11), (8, 12), (10, 13), (13, 15), (10, 15), (12, 13), (12, 14), (14, 15), (12, 16), (15, 17), (17, 18), (18, 19), (5, 20), (9, 10), (12, 13), (14, 15), (16, 17), (16, 19), (6, 20), (7, 9), (17, 18), (18, 19), (12, 21), (7, 24), (10, 12), (11, 12), (12, 13), (14, 15), (15, 16), (21, 22), (21, 24), (22, 24), (26, 27), (26, 28), (27, 28), (26, 29), (6, 30), (7, 8), (12, 13), (10, 14), (12, 14), (13, 14), (1, 18), (17, 18), (10, 19), (13, 14), (13, 21), (14, 15), (17, 18), (20, 22), (21, 26), (23, 25), (24, 25), (25, 26), (25, 27), (24, 28), (28, 29), (29, 31), (8, 34), (16, 17), (16, 18), (21, 22), (22, 23), (24, 25), (22, 25), (24, 25), (24, 26), (26, 27), (13, 29), (10, 14), (13, 14), (18, 21), (25, 26), (26, 27), (10, 29), (11, 12), (11, 13), (12, 13), (12, 15), (13, 15), (16, 17), (19, 20), (20, 21), (21, 22), (24, 25), (21, 28), (22, 23), (16, 30), (17, 18), (25, 28), (25, 29), (30, 31), (14, 32), (15, 16), (17, 20), (19, 20), (22, 25), (24, 25), (23, 27), (24, 26), (27, 28), (0, 29), (5, 7), (6, 9), (8, 10), (10, 11), (11, 12), (7, 14), (8, 9), (7, 14), (11, 12), (9, 13), (11, 12), (12, 13), (13, 14), (11, 15), (14, 15), (12, 16), (10, 17), (12, 16), (17, 18), (18, 19), (20, 23), (19, 24), (19, 21), (18, 22), (19, 20), (21, 22), (24, 25), (3, 27), (4, 6), (15, 16), (11, 20), (12, 13), (16, 17), (19, 20), (19, 23), (22, 23), (4, 24), (5, 7), (5, 8), (1, 9), (7, 8), (21, 22), (21, 25), (22, 24), (7, 26), (10, 11), (3, 12), (4, 5), (6, 7), (7, 8), (18, 19), (20, 21), (15, 27), (12, 16), (10, 12), (9, 10), (14, 16), (12, 16), (13, 15), (13, 16), (15, 16), (13, 19), (16, 17), (6, 20), (7, 8), (8, 9), (9, 10), (2, 12), (4, 5), (6, 7), (3, 9), (7, 9), (17, 18), (19, 20), (13, 21), (14, 15), (1, 22), (3, 4), (6, 8), (7, 8), (7, 9), (8, 10), (10, 16), (11, 12), (12, 13), (12, 15), (14, 15), (13, 16), (21, 23), (12, 24), (15, 16), (15, 17), (16, 17), (6, 19), (17, 18), (2, 23), (8, 10), (11, 12), (4, 14), (5, 9), (6, 9), (8, 9), (7, 11), (9, 11), (10, 11), (10, 12), (11, 13), (9, 14), (13, 14), (6, 15), (7, 8), (8, 10), (11, 13), (12, 13), (4, 16), (10, 11), (11, 12), (12, 13), (13, 14), (11, 17), (17, 18), (8, 19), (10, 11), (11, 12), (19, 20), (19, 21), (20, 22), (16, 23), (17, 18), (18, 19), (18, 24), (22, 23), (13, 25), (13, 15), (6, 18), (7, 8), (16, 17), (6, 19), (11, 13), (11, 13), (11, 14), (13, 15), (17, 18), (9, 20), (10, 11), (15, 17), (16, 18), (17, 18), (18, 19), (17, 20), (18, 19), (14, 21), (15, 17), (16, 17), (12, 22), (15, 18), (18, 20), (4, 23), (0, 6), (1, 3), (4, 5), (2, 7), (3, 4), (6, 7), (10, 12), (12, 13), (16, 17), (4, 18), (6, 7), (5, 8), (6, 7), (7, 8), (8, 9), (14, 15), (1, 17), (2, 3), (16, 17), (0, 19), (2, 7), (5, 7), (6, 7), (4, 8), (10, 13), (17, 18), (18, 19), (1, 20), (4, 7), (5, 10), (13, 14), (6, 16), (7, 12), (8, 13), (9, 14), (10, 15)]
