results/potlll/ndim45seed1cnt1000dim45delta0.98999995.txt: 9653.412 sec
b: [[0, 0, 0, 0, 0, ..., 0, 0, 0, 0, 0],
 [0, 0, 0, 0, 0, ..., 0, 0, 0, 0, 0],
 [0, 0, 0, 0, 0, ..., 0, 0, 0, 0, 0],
 [0, 0, 0, 0, 0, ..., 0, 0, -1, 0, 0],
 [0, 0, 0, 0, 0, ..., 0, 0, 0, 0, 0],
 ...,
 [0, 0, 0, 0, 0, ..., 0, 0, 0, 0, 0],
 [0, 0, 0, 0, 0, ..., 0, 0, 0, 0, 0],
 [0, 0, 0, 0, 0, ..., 0, 0, 0, 0, 0],
 [0, 0, 0, 0, 0, ..., 0, 0, 0, 0, 0],
 [0, 0, 0, 0, 0, ..., 0, 0, 0, 0, 0]], shape=[45, 45], strides=[45, 1], layout=Cc (0x5), const ndim=2
v_norms: [1, 1, 1, 1, 1, 1, 1, 1, 1, 1, 1, 1, 1, 1, 1, 1, 1, 1, 1, 1, 1, 1, 1, 1, 1, 1, 1, 1, 1, 1, 1, 1, 1, 1, 1, 1, 1, 1, 1, 1, 1, 1, 1, 1, 1], shape=[45], strides=[1], layout=CFcf (0xf), const ndim=1
Mu { arr: [0, 0, 0, 0, 0, 0, 0, 0, 0, 0, 0, 0, 0, 0, 0, 0, 0, 0, 0, 0, 0, 0, 0, 0, 0, 0, 0, 0, 0, 0, 0, 0, 0, 0, 0, 0, 0, 0, 0, 0, 0, 0, 0, 0, 0, 0, 0, 0, 0, 0, 0, 0, 0, 0, 0, 0, 0, 0, 0, 0, 0, 0, 0, 0, 0, 0, 0, 0, 0, 0, 0, 0, 0, 0, 0, 0, 0, 0, 0, 0, 0, 0, 0, 0, 0, 0, 0, 0, 0, 0, 0, 0, 0, 0, 0, 0, 0, 0, 0, 0, 0, 0, 0, 0, 0, 0, 0, 0, 0, 0, 0, 0, 0, 0, 0, 0, 0, 0, 0, 0, 0, 0, 0, 0, 0, 0, 0, 0, 0, 0, 0, 0, 0, 0, 0, 0, 0, 0, 0, 0, 0, 0, 0, 0, 0, 0, 0, 0, 0, 0, 0, 0, 0, 0, 0, 0, 0, 0, 0, 0, 0, 0, 0, 0, 0, 0, 0, 0, 0, 0, 0, 0, 0, 0, 0, 0, 0, 0, 0, 0, 0, 0, 0, 0, 0, 0, 0, 0, 0, 0, 0, 0, 0, 0, 0, 0, 0, 0, 0, 0, 0, 0, 0, 0, 0, 0, 0, 0, 0, 0, 0, 0, 0, 0, 0, 0, 0, 0, 0, 0, 0, 0, 0, 0, 0, 0, 0, 0, 0, 0, 0, 0, 0, 0, 0, 0, 0, 0, 0, 0, 0, 0, 0, 0, 0, 0, 0, 0, 0, 0, 0, 0, 0, 0, 0, 0, 0, 0, 0, 0, 0, 0, 0, 0, 0, 0, 0, 0, 0, 0, 0, 0, 0, 0, 0, 0, 0, 0, 0, 0, 0, 0, 0, 0, 0, 0, 0, 0, 0, 0, 0, 0, 0, 0, 0, 0, 0, 0, 0, 0, 0, 0, 0, 0, 0, 0, 0, 0, 0, 0, 0, 0, 0, 0, 0, 0, 0, 0, 0, 0, 0, 0, 0, 0, 0, 0, 0, 0, 0, 0, 0, 0, 0, 0, 0, 0, 0, 0, 0, 0, 0, 0, 0, 0, 0, 0, 0, 0, 0, 0, 0, 0, 0, 0, 0, 0, 0, 0, 0, 0, 0, 0, 0, 0, 0, 0, 0, 0, 0, 0, 0, 0, 0, 0, 0, 0, 0, 0, 0, 0, 0, 0, 0, 0, 0, 0, 0, 0, 0, 0, 0, 0, 0, 0, 0, 0, 0, 0, 0, 0, 0, 0, 0, 0, 0, 0, 0, 0, 0, 0, 0, 0, 0, 0, 0, 0, 0, 0, 0, 0, 0, 0, 0, 0, 0, 0, 0, 0, 0, 0, 0, 0, 0, 0, 0, 0, 0, 0, 0, 0, 0, 0, 0, 0, 0, 0, 0, 0, 0, 0, 0, 0, 0, 0, 0, 0, 0, 0, 0, 0, 0, 0, 0, 0, 0, 0, 0, 0, 0, 0, 0, 0, 0, 0, 0, 0, 0, 0, 0, 0, 0, 0, 0, 0, 0, 0, 0, 0, 0, 0, 0, 0, 0, 0, 0, 0, 0, 0, 0, 0, 0, 0, 0, 0, 0, 0, 0, 0, 0, 0, 0, 0, 0, 0, 0, 0, 0, 0, 0, 0, 0, 0, 0, 0, 0, 0, 0, 0, 0, 0, 0, 0, 0, 0, 0, 0, 0, 0, 0, 0, 0, 0, 0, 0, 0, 0, 0, 0, 0, 0, 0, 0, 0, 0, 0, 0, 0, 0, 0, 0, 0, 0, 0, 0, 0, 0, 0, 0, 0, 0, 0, 0, 0, 0, 0, 0, 0, 0, 0, 0, 0, 0, 0, 0, 0, 0, 0, 0, 0, 0, 0, 0, 0, 0, 0, 0, 0, 0, 0, 0, 0, 0, 0, 0, 0, 0, 0, 0, 0, 0, 0, 0, 0, 0, 0, 0, 0, 0, 0, 0, 0, 0, 0, 0, 0, 0, 0, 0, 0, 0, 0, 0, 0, 0, 0, 0, 0, 0, 0, 0, 0, 0, 0, 0, 0, 0, 0, 0, 0, 0, 0, 0, 0, 0, 0, 0, 0, 0, 0, 0, 0, 0, 0, 0, 0, 0, 0, 0, 0, 0, 0, 0, 0, 0, 0, 0, 0, 0, 0, 0, 0, 0, 0, 0, 0, 0, 0, 0, 0, 0, 0, 0, 0, 0, 0, 0, 0, 0, 0, 0, 0, 0, 0, 0, 0, 0, 0, 0, 0, 0, 0, 0, 0, 0, 0, 0, 0, 0, 0, 0, 0, 0, 0, 0, 0, 0, 0, 0, 0, 0, 0, 0, 0, 0, 0, 0, 0, 0, 0, 0, 0, 0, 0, 0, 0, 0, 0, 0, 0, 0, 0, 0, 0, 0, 0, 0, 0, 0, 0, 0, 0, 0, 0, 0, 0, 0, 0, 0, 0, 0, 0, 0, 0, 0, 0, 0, 0, 0, 0, 0, 0, 0, 0, 0, 0, 0, 0, 0, 0, 0, 0, 0, 0, 0, 0, 0, 0, 0, 0, 0, 0, 0, 0, 0, 0, 0, 0, 0, 0, 0, 0, 0, 0, 0, 0, 0, 0, 0, 0, 0, 0, 0, 0, 0, 0, 0, 0, 0, 0, 0, 0, 0, 0, 0, 0, 0, 0, 0, 0, 0, 0, 0, 0, 0, 0, 0, 0, 0, 0, 0, 0, 0, 0, 0, 0, 0, 0, 0, 0, 0, 0, 0, 0, 0, 0, 0, 0, 0, 0, 0, 0, 0, 0, 0, 0, 0, 0, 0, 0, 0, 0, 0, 0, 0, 0, 0, 0, 0, 0, 0, 0, 0, 0, 0, 0, 0, 0, 0, 0, 0, 0, 0, 0, 0, 0, 0, 0, 0, 0, 0, 0, 0, 0, 0, 0, 0, 0, 0, 0, 0, 0, 0, 0, 0, 0, 0, 0, 0, 0, 0, 0, 0, 0, 0, 0, 0, 0, 0, 0, 0, 0, 0, 0, 0, 0, 0, 0, 0, 0, 0, 0, 0, 0, 0, 0, 0, 0, 0, 0, 0, 0, 0, 0, 0, 0, 0, 0, 0, 0, 0, 0, 0, 0, 0, 0, 0, 0, 0, 0, 0, 0, 0, 0, 0, 0, 0, 0, 0, 0, 0] }
(hist.len, cnt): (9733, 45415)
[(0, 1), (0, 2), (1, 2), (1, 3), (0, 3), (2, 3), (0, 4), (1, 2), (0, 5), (4, 5), (0, 6), (3, 4), (0, 6), (1, 2), (3, 4), (0, 5), (2, 6), (3, 6), (4, 5), (2, 7), (2, 5), (3, 4), (4, 5), (2, 6), (0, 8), (1, 2), (5, 6), (1, 7), (2, 3), (3, 5), (0, 8), (1, 2), (2, 4), (7, 8), (4, 9), (6, 7), (7, 8), (1, 9), (3, 5), (8, 9), (0, 10), (2, 3), (2, 5), (5, 7), (7, 8), (4, 10), (6, 7), (0, 9), (3, 6), (4, 6), (5, 6), (4, 7), (6, 7), (5, 8), (0, 10), (1, 2), (2, 3), (7, 8), (3, 9), (4, 5), (5, 9), (6, 7), (0, 11), (0, 2), (3, 4), (3, 5), (6, 8), (8, 9), (1, 10), (5, 6), (5, 7), (6, 7), (5, 8), (4, 9), (6, 7), (8, 9), (6, 10), (6, 8), (0, 12), (3, 5), (3, 7), (5, 8), (6, 7), (3, 9), (9, 11), (10, 11), (0, 12), (4, 6), (5, 6), (5, 7), (6, 7), (3, 8), (4, 6), (1, 7), (5, 6), (7, 8), (8, 10), (10, 11), (1, 13), (3, 4), (3, 9), (7, 8), (0, 13), (3, 4), (3, 5), (4, 5), (2, 7), (3, 7), (6, 9), (8, 10), (3, 12), (2, 5), (3, 5), (4, 5), (6, 7), (0, 9), (4, 11), (6, 8), (8, 9), (10, 11), (1, 14), (2, 3), (3, 4), (3, 5), (4, 6), (4, 7), (6, 8), (8, 9), (9, 11), (11, 12), (0, 14), (3, 5), (1, 6), (5, 6), (6, 7), (5, 9), (6, 8), (5, 9), (7, 10), (2, 11), (3, 4), (4, 6), (5, 6), (6, 7), (7, 8), (8, 9), (8, 10), (10, 11), (7, 13), (9, 11), (10, 11), (3, 14), (5, 6), (4, 8), (9, 12), (11, 12), (10, 13), (12, 13), (0, 14), (3, 6), (5, 10), (8, 10), (9, 10), (4, 11), (7, 9), (8, 9), (10, 12), (11, 12), (11, 13), (12, 13), (10, 14), (11, 12), (3, 15), (5, 6), (5, 8), (6, 7), (6, 10), (5, 11), (6, 8), (9, 11), (10, 11), (7, 13), (6, 7), (5, 6), (0, 14), (1, 2), (2, 4), (3, 4), (1, 5), (4, 6), (6, 8), (7, 8), (4, 10), (6, 9), (7, 10), (9, 10), (9, 11), (8, 11), (9, 10), (9, 11), (11, 12), (7, 13), (8, 9), (1, 15), (2, 5), (0, 6), (5, 7), (6, 8), (9, 13), (10, 12), (6, 14), (7, 8), (13, 14), (5, 15), (2, 6), (3, 6), (5, 6), (4, 7), (5, 6), (6, 7), (5, 9), (7, 9), (8, 9), (4, 13), (6, 7), (8, 11), (8, 14), (11, 12), (1, 15), (1, 4), (6, 12), (7, 8), (7, 10), (12, 13), (13, 15), (14, 15), (0, 16), (2, 5), (9, 10), (7, 11), (8, 9), (10, 11), (1, 12), (2, 5), (3, 6), (7, 8), (4, 9), (5, 6), (5, 8), (7, 10), (2, 13), (4, 5), (5, 6), (8, 9), (10, 11), (12, 13), (8, 16), (10, 11), (12, 14), (0, 15), (5, 6), (4, 7), (8, 9), (2, 10), (6, 7), (8, 9), (3, 10), (6, 8), (7, 8), (8, 9), (9, 10), (9, 11), (11, 12), (9, 13), (13, 14), (14, 15), (4, 17), (5, 6), (5, 7), (8, 9), (8, 10), (1, 11), (3, 4), (7, 8), (10, 11), (9, 12), (11, 13), (13, 14), (2, 15), (4, 6), (7, 9), (8, 9), (8, 10), (0, 11), (3, 7), (6, 7), (7, 8), (8, 9), (10, 11), (12, 13), (9, 16), (10, 11), (12, 13), (12, 14), (11, 14), (1, 15), (2, 3), (3, 4), (4, 5), (5, 7), (2, 11), (7, 10), (8, 10), (9, 11), (10, 12), (1, 13), (4, 5), (5, 6), (6, 14), (8, 12), (9, 10), (2, 17), (2, 4), (5, 6), (7, 8), (8, 10), (9, 10), (0, 11), (3, 4), (5, 13), (8, 12), (10, 15), (11, 12), (13, 14), (10, 15), (14, 16), (15, 16), (7, 17), (0, 9), (4, 7), (4, 6), (4, 7), (5, 6), (2, 8), (3, 5), (4, 6), (5, 6), (3, 7), (5, 8), (5, 10), (9, 11), (8, 12), (9, 10), (1, 13), (4, 5), (6, 8), (7, 8), (10, 14), (13, 17), (6, 15), (3, 6), (11, 12), (11, 14), (12, 14), (12, 15), (1, 17), (2, 3), (9, 10), (10, 11), (6, 18), (7, 8), (8, 9), (10, 12), (12, 14), (9, 16), (14, 15), (11, 17), (12, 13), (15, 16), (1, 18), (2, 3), (2, 4), (5, 6), (6, 7), (7, 8), (8, 9), (9, 10), (2, 11), (0, 3), (1, 3), (2, 3), (8, 11), (6, 11), (8, 9), (5, 13), (9, 10), (7, 11), (8, 9), (6, 14), (9, 12), (9, 12), (4, 15), (4, 6), (6, 13), (12, 13), (0, 15), (5, 16), (9, 17), (11, 12), (11, 13), (15, 17), (6, 18), (8, 9), (10, 11), (11, 13), (0, 14), (2, 6), (4, 5), (4, 6), (13, 14), (7, 15), (5, 9), (11, 12), (10, 15), (12, 13), (11, 14), (13, 14), (12, 14), (13, 14), (15, 16), (2, 17), (3, 4), (6, 7), (7, 8), (8, 9), (6, 14), (9, 11), (10, 15), (7, 16), (8, 9), (8, 14), (9, 11), (2, 17), (2, 4), (5, 7), (6, 7), (7, 8), (10, 13), (11, 12), (10, 15), (13, 14), (12, 15), (13, 14), (5, 16), (9, 12), (11, 12), (13, 18), (2, 19), (6, 7), (6, 8), (4, 9), (7, 9), (8, 9), (2, 10), (3, 4), (8, 11), (8, 12), (11, 13), (12, 14), (9, 15), (14, 15), (8, 16), (12, 13), (5, 14), (15, 17), (16, 18), (0, 19), (1, 4), (1, 4), (1, 5), (4, 6), (4, 7), (5, 8), (9, 10), (8, 11), (3, 12), (8, 10), (10, 11), (6, 13), (6, 11), (12, 13), (14, 15), (6, 18), (10, 12), (11, 14), (12, 13), (12, 15), (9, 19), (6, 15), (7, 8), (12, 14), (11, 16), (14, 15), (1, 16), (8, 11), (10, 11), (15, 16), (12, 18), (9, 14), (11, 13), (11, 14), (16, 17), (7, 18), (7, 11), (10, 11), (9, 12), (10, 13), (9, 16), (2, 20), (4, 6), (3, 6), (4, 5), (4, 6), (3, 7), (5, 8), (5, 9), (8, 11), (9, 12), (13, 14), (9, 15), (12, 16), (13, 15), (14, 15), (15, 16), (0, 18), (2, 3), (2, 4), (2, 5), (4, 6), (2, 7), (3, 4), (6, 8), (8, 10), (9, 10), (9, 11), (10, 12), (11, 13), (12, 14), (10, 15), (11, 12), (11, 14), (6, 16), (7, 8), (4, 9), (9, 10), (12, 13), (13, 14), (2, 17), (3, 6), (4, 6), (5, 6), (8, 9), (11, 12), (9, 13), (13, 16), (12, 18), (5, 19), (5, 7), (8, 10), (8, 11), (13, 15), (15, 17), (16, 17), (7, 18), (8, 9), (9, 13), (11, 12), (13, 14), (11, 18), (12, 14), (15, 16), (1, 19), (3, 6), (5, 7), (6, 8), (7, 8), (7, 10), (8, 9), (8, 10), (11, 13), (6, 13), (11, 12), (4, 15), (8, 10), (11, 13), (12, 13), (14, 15), (11, 17), (14, 16), (1, 19), (3, 4), (9, 11), (10, 11), (12, 15), (12, 16), (17, 18), (11, 21), (4, 21), (5, 6), (9, 12), (10, 13), (11, 13), (10, 14), (12, 13), (13, 14), (16, 17), (15, 18), (13, 18), (9, 14), (11, 12), (13, 14), (14, 15), (10, 16), (6, 19), (7, 9), (8, 10), (9, 11), (16, 17), (12, 18), (10, 14), (13, 14), (7, 19), (8, 12), (9, 12), (11, 20), (12, 13), (2, 14), (3, 4), (11, 12), (10, 14), (11, 12), (12, 13), (11, 14), (16, 17), (14, 18), (15, 16), (15, 18), (16, 18), (5, 20), (0, 12), (1, 2), (0, 3), (5, 7), (3, 7), (4, 7), (5, 7), (6, 7), (6, 8), (7, 9), (3, 10), (5, 8), (10, 11), (10, 12), (10, 13), (9, 14), (10, 11), (10, 15), (15, 16), (16, 17), (14, 19), (16, 17), (15, 19), (19, 20), (13, 21), (8, 14), (7, 8), (8, 9), (12, 13), (12, 14), (10, 14), (11, 12), (11, 13), (13, 14), (14, 18), (16, 17), (17, 18), (12, 19), (13, 14), (17, 19), (18, 19), (0, 20), (2, 5), (5, 6), (7, 8), (7, 11), (8, 9), (13, 15), (17, 19), (7, 21), (9, 11), (13, 14), (17, 19), (17, 19), (19, 21), (0, 22), (1, 2), (4, 5), (1, 6), (4, 5), (5, 8), (7, 8), (6, 9), (6, 10), (7, 8), (9, 10), (8, 13), (10, 11), (10, 14), (10, 15), (10, 16), (12, 13), (15, 16), (16, 17), (1, 18), (4, 5), (7, 8), (0, 10), (4, 5), (3, 10), (4, 11), (6, 14), (9, 11), (10, 11), (13, 14), (8, 15), (13, 14), (7, 17), (10, 11), (15, 16), (14, 16), (15, 16), (16, 17), (17, 18), (3, 19), (7, 8), (10, 12), (14, 15), (12, 16), (13, 14), (13, 15), (15, 17), (16, 17), (11, 18), (12, 13), (14, 17), (16, 17), (9, 19), (10, 12), (11, 12), (13, 16), (19, 20), (6, 21), (1, 8), (2, 3), (6, 7), (6, 9), (4, 8), (6, 7), (7, 8), (10, 13), (19, 21), (13, 22), (12, 13), (8, 12), (9, 10), (0, 11), (5, 9), (6, 8), (7, 8), (6, 9), (12, 14), (4, 15), (7, 9), (8, 9), (14, 15), (15, 20), (17, 20), (5, 21), (6, 7), (7, 11), (8, 11), (9, 11), (10, 11), (9, 12), (12, 13), (13, 14), (12, 14), (13, 14), (15, 17), (14, 19), (4, 20), (5, 7), (6, 7), (8, 9), (11, 13), (15, 16), (13, 20), (14, 16), (5, 21), (1, 9), (3, 4), (4, 5), (9, 10), (11, 12), (10, 13), (12, 13), (15, 16), (17, 19), (19, 20), (1, 21), (2, 3), (4, 5), (4, 8), (6, 8), (5, 10), (7, 8), (14, 16), (15, 16), (11, 18), (5, 23), (8, 9), (9, 11), (8, 11), (9, 11), (10, 11), (7, 12), (11, 13), (12, 13), (12, 15), (8, 16), (10, 11), (4, 17), (8, 9), (10, 11), (16, 17), (0, 18), (5, 6), (5, 8), (7, 8), (11, 12), (10, 13), (11, 13), (12, 14), (14, 19), (15, 16), (16, 17), (11, 18), (12, 14), (13, 14), (14, 19), (16, 17), (19, 20), (16, 20), (11, 16), (8, 11), (4, 8), (4, 7), (9, 11), (10, 11), (10, 12), (11, 13), (6, 14), (7, 8), (3, 12), (10, 11), (8, 12), (9, 11), (10, 11), (12, 13), (13, 14), (1, 15), (7, 8), (8, 9), (9, 10), (10, 12), (11, 12), (6, 13), (7, 8), (8, 9), (9, 16), (13, 15), (14, 15), (16, 20), (17, 18), (18, 19), (19, 20), (11, 21), (7, 15), (9, 11), (9, 12), (8, 15), (17, 21), (4, 22), (6, 9), (7, 8), (7, 9), (7, 11), (8, 9), (8, 11), (1, 12), (7, 9), (8, 9), (3, 12), (4, 5), (6, 7), (9, 11), (10, 12), (11, 14), (14, 16), (15, 17), (16, 17), (16, 18), (10, 20), (13, 15), (14, 15), (17, 18), (6, 20), (10, 12), (18, 19), (9, 21), (12, 13), (12, 14), (13, 15), (15, 16), (13, 17), (15, 16), (8, 18), (16, 17), (6, 19), (11, 16), (13, 16), (14, 15), (19, 20), (7, 22), (8, 11), (11, 12), (13, 15), (2, 16), (5, 6), (6, 7), (7, 8), (8, 9), (11, 17), (12, 13), (16, 17), (3, 20), (4, 5), (9, 11), (12, 14), (13, 14), (6, 23), (0, 9), (2, 6), (4, 5), (8, 10), (6, 11), (0, 10), (7, 8), (2, 8), (3, 6), (4, 5), (4, 8), (2, 9), (6, 7), (8, 9), (1, 13), (7, 8), (12, 13), (13, 14), (7, 15), (10, 12), (11, 12), (3, 17), (16, 19), (16, 18), (4, 19), (5, 7), (6, 7), (6, 8), (7, 9), (7, 10), (12, 14), (15, 18), (5, 20), (7, 8), (7, 9), (10, 16), (12, 13), (13, 14), (12, 16), (10, 16), (14, 15), (12, 17), (13, 14), (13, 15), (17, 20), (19, 20), (17, 21), (18, 19), (19, 20), (20, 21), (21, 22), (17, 23), (15, 19), (14, 15), (13, 14), (16, 17), (15, 19), (18, 19), (13, 20), (15, 17), (16, 17), (16, 23), (17, 19), (18, 19), (18, 22), (19, 20), (21, 22), (9, 24), (10, 14), (12, 13), (13, 14), (14, 15), (11, 16), (12, 15), (13, 15), (14, 16), (15, 16), (17, 20), (18, 20), (19, 21), (20, 21), (0, 23), (3, 5), (6, 7), (8, 10), (5, 9), (4, 5), (2, 4), (3, 4), (4, 5), (7, 9), (8, 9), (5, 10), (9, 10), (2, 11), (3, 5), (4, 5), (9, 12), (2, 14), (7, 8), (5, 9), (7, 8), (8, 9), (9, 10), (11, 15), (12, 13), (5, 16), (3, 12), (7, 12), (8, 9), (7, 16), (8, 13), (10, 13), (12, 13), (10, 16), (11, 12), (13, 15), (11, 20), (17, 18), (17, 20), (18, 19), (17, 20), (19, 20), (19, 21), (20, 22), (21, 23), (22, 23), (3, 24), (4, 7), (6, 10), (10, 12), (11, 12), (12, 13), (14, 15), (7, 16), (9, 10), (10, 11), (11, 12), (12, 13), (12, 14), (13, 14), (15, 17), (16, 19), (17, 18), (17, 20), (19, 20), (20, 22), (4, 23), (6, 9), (0, 10), (2, 4), (1, 4), (2, 3), (2, 5), (3, 6), (6, 10), (8, 12), (11, 12), (7, 13), (11, 12), (5, 13), (6, 9), (10, 11), (14, 18), (15, 18), (17, 18), (15, 20), (17, 19), (17, 19), (19, 20), (20, 21), (17, 22), (18, 19), (17, 21), (17, 23), (19, 23), (21, 22), (21, 23), (12, 24), (11, 12), (4, 11), (1, 4), (11, 14), (13, 15), (12, 16), (14, 17), (15, 18), (16, 18), (6, 20), (8, 13), (9, 10), (12, 13), (11, 15), (12, 13), (15, 17), (18, 21), (16, 22), (17, 18), (19, 20), (20, 21), (19, 23), (22, 23), (9, 25), (10, 12), (11, 12), (15, 17), (14, 17), (13, 21), (14, 16), (16, 18), (19, 20), (14, 22), (15, 20), (16, 17), (17, 18), (18, 19), (18, 22), (20, 21), (12, 23), (17, 18), (18, 19), (19, 21), (14, 23), (16, 17), (20, 21), (22, 24), (1, 25), (3, 9), (4, 5), (4, 9), (5, 7), (8, 9), (3, 10), (5, 10), (6, 7), (6, 8), (9, 10), (3, 11), (11, 12), (10, 13), (4, 13), (6, 7), (10, 11), (10, 13), (6, 14), (7, 8), (13, 14), (10, 15), (11, 12), (12, 13), (13, 14), (9, 15), (13, 14), (15, 16), (16, 17), (11, 18), (16, 17), (12, 19), (15, 17), (18, 20), (14, 21), (15, 18), (16, 17), (17, 20), (16, 21), (10, 23), (11, 13), (12, 13), (12, 14), (3, 15), (4, 8), (6, 7), (7, 8), (9, 10), (8, 11), (9, 10), (11, 12), (13, 14), (14, 15), (16, 17), (19, 20), (20, 22), (21, 22), (19, 23), (20, 24), (14, 23), (15, 19), (17, 18), (17, 20), (18, 19), (18, 21), (19, 20), (22, 23), (12, 25), (11, 12), (13, 15), (15, 19), (17, 19), (20, 21), (18, 22), (20, 22), (21, 22), (4, 23), (5, 6), (7, 8), (9, 11), (2, 12), (11, 12), (7, 14), (12, 16), (12, 20), (8, 18), (11, 13), (12, 13), (17, 18), (20, 22), (21, 22), (14, 23), (18, 20), (0, 21), (3, 4), (1, 6), (5, 6), (9, 12), (11, 13), (12, 14), (13, 14), (14, 15), (18, 19), (16, 20), (18, 19), (18, 20), (17, 21), (6, 23), (7, 8), (8, 9), (9, 10), (10, 11), (15, 17), (17, 18), (21, 23), (14, 24), (15, 16), (8, 17), (16, 17), (9, 18), (11, 13), (12, 13), (14, 16), (15, 16), (15, 17), (14, 19), (15, 16), (16, 17), (16, 22), (16, 19), (10, 25), (7, 13), (6, 7), (3, 6), (0, 3), (3, 5), (1, 12), (4, 5), (11, 12), (2, 14), (4, 5), (6, 9), (8, 9), (7, 10), (9, 10), (8, 11), (11, 12), (14, 17), (16, 17), (5, 18), (5, 8), (11, 12), (12, 13), (7, 15), (10, 12), (11, 13), (11, 14), (13, 14), (14, 17), (16, 18), (17, 18), (15, 19), (16, 20), (9, 21), (10, 11), (13, 14), (13, 15), (16, 18), (17, 18), (8, 22), (2, 10), (3, 4), (5, 6), (5, 7), (7, 8), (3, 9), (6, 10), (10, 11), (10, 12), (11, 13), (11, 14), (13, 14), (12, 15), (13, 16), (15, 17), (13, 20), (14, 15), (18, 22), (21, 22), (20, 24), (22, 23), (1, 26), (0, 1), (5, 8), (11, 12), (12, 13), (11, 14), (14, 17), (18, 19), (12, 20), (13, 15), (14, 15), (16, 17), (14, 20), (12, 21), (15, 16), (13, 22), (14, 15), (15, 17), (18, 19), (20, 23), (0, 25), (1, 4), (7, 8), (4, 10), (6, 7), (8, 10), (8, 11), (10, 11), (9, 12), (10, 11), (10, 13), (10, 14), (11, 13), (12, 15), (14, 15), (4, 17), (9, 10), (10, 11), (5, 14), (7, 14), (11, 13), (9, 13), (11, 12), (10, 13), (11, 12), (12, 13), (13, 18), (17, 18), (10, 19), (9, 10), (9, 14), (13, 14), (11, 15), (13, 15), (10, 16), (12, 14), (15, 16), (14, 17), (6, 18), (7, 10), (8, 10), (9, 10), (10, 12), (12, 13), (14, 15), (18, 19), (19, 20), (19, 24), (20, 24), (23, 25), (10, 26), (11, 12), (12, 14), (12, 14), (11, 17), (7, 14), (2, 7), (3, 4), (3, 8), (4, 5), (13, 14), (10, 19), (12, 13), (11, 14), (12, 14), (13, 14), (18, 19), (3, 20), (4, 6), (5, 7), (6, 8), (8, 18), (9, 10), (16, 20), (13, 17), (14, 17), (16, 22), (17, 23), (17, 19), (15, 25), (18, 19), (3, 20), (5, 8), (6, 7), (7, 8), (14, 16), (16, 17), (16, 18), (17, 19), (21, 22), (20, 23), (21, 22), (16, 24), (17, 18), (0, 19), (2, 3), (9, 10), (10, 11), (11, 13), (12, 13), (12, 14), (15, 16), (15, 17), (9, 15), (14, 16), (10, 17), (13, 14), (13, 16), (10, 18), (14, 15), (15, 16), (11, 19), (15, 21), (18, 21), (20, 21), (13, 23), (14, 15), (18, 22), (19, 20), (20, 22), (21, 22), (18, 23), (19, 20), (22, 23), (19, 24), (23, 24), (6, 25), (7, 10), (11, 13), (11, 16), (15, 16), (17, 22), (21, 22), (24, 25), (1, 26), (5, 6), (6, 7), (9, 11), (10, 11), (11, 12), (12, 13), (8, 12), (9, 10), (8, 13), (11, 13), (12, 13), (17, 18), (19, 23), (19, 24), (16, 23), (19, 20), (20, 21), (0, 25), (3, 6), (4, 8), (4, 8), (7, 8), (9, 10), (9, 13), (11, 12), (12, 13), (11, 14), (15, 18), (16, 18), (17, 18), (2, 19), (9, 10), (7, 13), (8, 11), (9, 11), (10, 11), (12, 13), (10, 13), (11, 13), (16, 18), (7, 20), (13, 14), (4, 15), (5, 7), (12, 13), (17, 19), (18, 19), (20, 21), (20, 22), (21, 22), (22, 23), (17, 24), (18, 22), (19, 24), (20, 21), (20, 24), (22, 24), (1, 27), (4, 5), (6, 7), (6, 9), (7, 8), (8, 9), (10, 12), (11, 13), (12, 14), (7, 15), (6, 7), (7, 8), (9, 13), (15, 16), (16, 18), (17, 18), (18, 19), (19, 21), (17, 21), (16, 17), (19, 20), (10, 22), (11, 15), (13, 14), (11, 15), (13, 14), (15, 16), (11, 17), (15, 16), (18, 20), (19, 20), (3, 25), (4, 8), (7, 8), (5, 9), (6, 7), (7, 11), (9, 11), (10, 11), (5, 12), (6, 8), (7, 9), (8, 11), (8, 12), (11, 12), (15, 16), (16, 17), (17, 18), (19, 22), (21, 22), (16, 23), (15, 16), (13, 19), (13, 16), (13, 18), (14, 15), (15, 18), (16, 19), (18, 19), (9, 21), (10, 14), (11, 12), (17, 18), (16, 19), (18, 19), (6, 23), (8, 11), (17, 18), (18, 20), (19, 20), (19, 21), (20, 21), (19, 22), (21, 23), (22, 23), (0, 25), (1, 5), (2, 7), (3, 8), (5, 7), (6, 7), (4, 8), (9, 10), (5, 13), (9, 11), (10, 11), (9, 13), (12, 13), (13, 14), (19, 20), (18, 20), (17, 18), (19, 20), (15, 21), (16, 18), (16, 24), (17, 21), (20, 21), (21, 23), (3, 25), (7, 10), (8, 10), (9, 10), (14, 15), (12, 19), (15, 16), (20, 21), (22, 23), (13, 25), (17, 19), (18, 19), (23, 24), (8, 26), (10, 12), (12, 13), (13, 14), (12, 15), (10, 16), (11, 12), (11, 13), (12, 19), (13, 14), (17, 19), (15, 20), (18, 24), (19, 20), (22, 24), (18, 26), (19, 20), (10, 27), (13, 15), (14, 16), (15, 16), (3, 17), (2, 3), (1, 2), (0, 1), (6, 7), (9, 10), (8, 11), (11, 12), (14, 15), (3, 18), (4, 7), (5, 6), (6, 7), (6, 10), (8, 9), (8, 10), (9, 10), (7, 15), (8, 12), (11, 12), (9, 14), (12, 14), (10, 15), (11, 12), (11, 15), (11, 14), (14, 15), (13, 16), (15, 17), (16, 17), (17, 19), (4, 20), (13, 14), (6, 15), (4, 6), (2, 4), (3, 4), (7, 9), (8, 9), (5, 14), (13, 14), (11, 15), (12, 15), (12, 16), (17, 25), (20, 21), (23, 25), (19, 26), (16, 19), (15, 16), (14, 15), (13, 14), (16, 19), (17, 19), (18, 21), (21, 22), (22, 23), (15, 24), (14, 17), (15, 16), (15, 17), (15, 18), (24, 25), (20, 26), (21, 24), (22, 23), (23, 24), (24, 27), (19, 28), (16, 19), (19, 20), (19, 22), (22, 24), (24, 26), (25, 26), (15, 27), (8, 17), (11, 13), (10, 13), (11, 12), (12, 14), (13, 15), (14, 15), (9, 16), (10, 11), (13, 15), (13, 17), (15, 16), (10, 17), (11, 14), (12, 13), (17, 19), (18, 19), (10, 20), (13, 14), (11, 18), (17, 18), (20, 21), (0, 22), (2, 3), (2, 4), (9, 10), (16, 19), (13, 20), (16, 17), (14, 20), (18, 22), (20, 22), (21, 22), (19, 24), (7, 27), (9, 10), (7, 12), (8, 13), (12, 14), (10, 15), (11, 13), (12, 13), (16, 19), (17, 18), (18, 19), (16, 21), (17, 21), (18, 21), (20, 21), (12, 23), (13, 14), (19, 20), (19, 25), (24, 25), (26, 27), (5, 28), (7, 8), (0, 17), (10, 11), (10, 12), (11, 12), (13, 14), (15, 16), (3, 17), (14, 16), (14, 16), (14, 17), (20, 22), (21, 22), (19, 24), (20, 24), (7, 25), (8, 10), (8, 14), (9, 10), (10, 12), (13, 14), (15, 16), (17, 18), (22, 26), (21, 23), (22, 23), (4, 27), (6, 8), (11, 17), (12, 13), (14, 17), (3, 18), (5, 6), (7, 8), (8, 10), (12, 17), (17, 20), (13, 21), (15, 16), (16, 17), (17, 18), (18, 19), (19, 20), (20, 21), (21, 22), (21, 23), (19, 24), (16, 20), (17, 18), (17, 19), (18, 20), (25, 26), (10, 28), (5, 10), (7, 10), (8, 9), (9, 10), (0, 16), (6, 7), (8, 9), (9, 11), (12, 13), (11, 14), (14, 16), (14, 16), (3, 18), (9, 10), (7, 11), (11, 12), (12, 13), (16, 17), (23, 24), (12, 26), (13, 16), (14, 18), (15, 18), (16, 17), (16, 19), (18, 19), (17, 23), (19, 20), (24, 25), (21, 27), (22, 23), (22, 25), (23, 26), (26, 27), (12, 28), (14, 15), (17, 19), (18, 19), (14, 21), (14, 18), (19, 20), (21, 22), (11, 23), (15, 16), (18, 20), (19, 21), (17, 23), (20, 23), (22, 23), (20, 24), (21, 22), (0, 25), (4, 7), (5, 7), (6, 7), (1, 12), (4, 6), (5, 6), (9, 12), (11, 12), (14, 15), (19, 21), (17, 26), (19, 20), (19, 21), (21, 22), (21, 23), (23, 24), (10, 24), (7, 10), (5, 7), (2, 5), (6, 7), (4, 9), (5, 7), (6, 7), (7, 8), (8, 9), (10, 11), (4, 17), (9, 10), (9, 12), (14, 16), (12, 17), (8, 18), (4, 13), (5, 7), (12, 13), (13, 14), (14, 15), (9, 19), (14, 16), (8, 20), (20, 21), (18, 22), (20, 21), (16, 23), (22, 24), (24, 26), (6, 28), (7, 8), (12, 13), (15, 18), (19, 20), (9, 24), (22, 24), (23, 24), (5, 25), (12, 15), (13, 15), (13, 16), (0, 21), (3, 4), (8, 12), (11, 12), (12, 13), (14, 15), (15, 17), (17, 18), (18, 19), (19, 20), (18, 21), (20, 22), (7, 29), (9, 10), (9, 11), (12, 13), (13, 17), (16, 17), (17, 18), (18, 20), (19, 20), (4, 21), (6, 8), (7, 8), (5, 9), (8, 9), (11, 12), (16, 18), (17, 18), (17, 20), (18, 19), (23, 24), (6, 25), (12, 13), (22, 23), (23, 24), (24, 25), (9, 28), (12, 13), (13, 19), (16, 18), (17, 18), (18, 19), (15, 20), (16, 20), (19, 20), (8, 22), (19, 21), (20, 21), (19, 22), (20, 21), (18, 23), (17, 20), (18, 19), (19, 20), (20, 23), (21, 22), (8, 24), (9, 10), (12, 13), (22, 23), (20, 25), (21, 23), (24, 25), (10, 28), (11, 15), (14, 15), (14, 16), (15, 17), (16, 18), (12, 19), (13, 14), (18, 20), (20, 21), (16, 23), (17, 19), (18, 20), (18, 20), (22, 23), (22, 25), (23, 25), (24, 25), (12, 26), (14, 15), (13, 16), (15, 16), (16, 17), (19, 27), (20, 23), (27, 28), (0, 29), (2, 5), (3, 5), (4, 5), (2, 6), (3, 6), (5, 7), (4, 6), (5, 6), (7, 8), (8, 9), (9, 10), (10, 12), (11, 12), (9, 13), (10, 11), (4, 14), (6, 7), (6, 8), (13, 14), (15, 17), (19, 20), (18, 21), (19, 20), (20, 21), (22, 24), (13, 25), (21, 22), (19, 23), (21, 22), (17, 24), (18, 20), (24, 25), (21, 26), (24, 25), (0, 28), (6, 8), (7, 8), (8, 9), (8, 10), (10, 11), (8, 14), (9, 11), (13, 14), (13, 15), (11, 16), (12, 14), (11, 15), (13, 17), (14, 15), (15, 18), (17, 19), (18, 19), (17, 20), (16, 20), (4, 18), (5, 6), (11, 13), (18, 19), (14, 21), (17, 18), (10, 22), (11, 13), (12, 13), (13, 14), (11, 15), (13, 14), (15, 17), (16, 17), (17, 19), (18, 19), (20, 21), (19, 25), (23, 24), (24, 25), (19, 26), (21, 23), (22, 23), (20, 24), (22, 25), (0, 27), (1, 2), (3, 5), (4, 6), (10, 12), (11, 12), (13, 14), (12, 15), (0, 22), (3, 6), (4, 6), (5, 6), (6, 8), (7, 8), (10, 11), (6, 12), (7, 9), (8, 11), (9, 10), (12, 13), (9, 18), (10, 11), (11, 12), (12, 13), (13, 14), (16, 18), (13, 20), (18, 19), (14, 21), (15, 18), (17, 18), (17, 22), (20, 21), (21, 22), (19, 23), (22, 23), (24, 25), (13, 28), (7, 15), (0, 7), (2, 5), (2, 5), (8, 10), (9, 11), (12, 14), (12, 14), (12, 15), (17, 18), (18, 19), (9, 24), (18, 21), (19, 20), (19, 21), (22, 23), (21, 25), (20, 23), (21, 22), (12, 26), (13, 14), (16, 19), (17, 19), (20, 21), (21, 22), (22, 23), (20, 24), (22, 23), (24, 25), (24, 26), (25, 26), (24, 27), (28, 29), (18, 30), (13, 20), (16, 17), (16, 18), (14, 19), (15, 16), (15, 17), (17, 18), (18, 19), (18, 20), (18, 21), (19, 22), (22, 23), (23, 24), (19, 26), (20, 21), (20, 22), (22, 25), (19, 27), (21, 25), (24, 25), (21, 27), (24, 25), (26, 27), (19, 28), (11, 22), (9, 11), (8, 9), (5, 8), (7, 8), (9, 12), (10, 12), (10, 13), (11, 12), (12, 13), (5, 14), (8, 10), (18, 20), (19, 20), (18, 21), (19, 20), (21, 22), (22, 23), (23, 25), (22, 26), (23, 25), (24, 25), (24, 26), (25, 26), (13, 27), (4, 15), (1, 4), (0, 1), (2, 3), (7, 8), (12, 14), (13, 14), (10, 15), (14, 15), (12, 16), (16, 18), (13, 19), (13, 15), (18, 20), (19, 20), (19, 21), (20, 24), (21, 24), (22, 23), (21, 25), (23, 25), (20, 26), (20, 22), (22, 23), (23, 27), (14, 28), (13, 14), (11, 13), (7, 11), (6, 7), (5, 6), (1, 5), (3, 5), (5, 6), (6, 7), (7, 8), (8, 9), (8, 10), (7, 11), (8, 9), (8, 10), (5, 12), (8, 9), (11, 12), (11, 13), (13, 15), (10, 15), (13, 14), (15, 23), (17, 19), (18, 19), (19, 20), (19, 21), (21, 22), (17, 23), (21, 22), (4, 24), (6, 13), (9, 11), (10, 11), (12, 13), (15, 18), (16, 17), (15, 19), (6, 23), (8, 12), (11, 14), (12, 13), (12, 23), (18, 19), (19, 23), (21, 22), (21, 23), (22, 23), (22, 25), (23, 24), (17, 29), (18, 19), (18, 21), (18, 25), (26, 27), (12, 29), (14, 15), (14, 16), (15, 16), (13, 18), (15, 17), (17, 18), (21, 24), (22, 24), (23, 25), (24, 26), (25, 26), (24, 27), (25, 26), (19, 29), (22, 23), (25, 27), (26, 27), (21, 30), (20, 21), (19, 20), (22, 23), (26, 27), (22, 29), (28, 29), (11, 30), (12, 13), (14, 15), (2, 17), (3, 5), (4, 5), (10, 11), (16, 17), (16, 18), (21, 23), (23, 24), (24, 25), (17, 26), (18, 19), (20, 21), (23, 24), (23, 27), (13, 30), (15, 16), (19, 20), (14, 21), (18, 19), (20, 21), (21, 22), (1, 24), (4, 7), (5, 7), (7, 8), (8, 9), (9, 10), (10, 11), (10, 12), (11, 13), (12, 13), (12, 14), (13, 14), (14, 15), (15, 16), (5, 17), (8, 9), (9, 11), (12, 15), (15, 16), (17, 18), (19, 22), (7, 22), (6, 7), (14, 16), (16, 17), (20, 21), (15, 23), (17, 19), (9, 22), (12, 13), (14, 16), (12, 16), (13, 14), (13, 15), (15, 16), (21, 22), (13, 23), (15, 16), (19, 20), (5, 25), (11, 17), (13, 14), (14, 15), (15, 16), (11, 18), (4, 21), (5, 7), (7, 8), (9, 14), (11, 12), (12, 13), (15, 18), (16, 18), (16, 18), (13, 19), (14, 15), (15, 16), (17, 19), (22, 24), (21, 24), (16, 21), (18, 19), (18, 21), (20, 22), (19, 23), (23, 24), (6, 25), (3, 8), (0, 3), (2, 3), (1, 8), (2, 3), (5, 8), (7, 8), (16, 18), (22, 23), (19, 26), (21, 22), (9, 25), (11, 12), (11, 13), (12, 13), (12, 14), (13, 15), (18, 20), (16, 21), (20, 21), (18, 22), (19, 24), (22, 25), (20, 25), (21, 23), (22, 23), (24, 27), (19, 29), (23, 24), (11, 28), (16, 17), (11, 18), (13, 17), (17, 19), (18, 20), (19, 21), (19, 22), (21, 23), (22, 24), (23, 28), (25, 28), (27, 29), (24, 30), (22, 27), (24, 25), (2, 31), (6, 7), (5, 9), (7, 8), (12, 13), (17, 18), (19, 20), (20, 21), (24, 25), (10, 27), (12, 14), (15, 18), (18, 19), (23, 24), (23, 25), (26, 27), (26, 29), (24, 28), (21, 24), (20, 21), (23, 24), (25, 28), (27, 28), (4, 30), (6, 7), (1, 9), (5, 6), (8, 9), (11, 12), (13, 15), (17, 18), (16, 19), (17, 18), (17, 19), (18, 20), (15, 21), (16, 17), (17, 19), (18, 19), (18, 20), (20, 21), (21, 22), (13, 23), (18, 20), (22, 25), (24, 25), (19, 25), (18, 19), (21, 22), (7, 23), (10, 11), (12, 13), (9, 14), (11, 12), (18, 19), (20, 21), (21, 22), (23, 25), (24, 25), (25, 27), (17, 29), (19, 20), (21, 23), (22, 23), (22, 24), (21, 25), (22, 23), (22, 24), (28, 29), (2, 31), (4, 5), (11, 15), (13, 15), (12, 16), (14, 15), (13, 16), (14, 15), (12, 17), (13, 17), (16, 18), (20, 22), (21, 22), (23, 24), (14, 25), (17, 20), (18, 19), (14, 22), (19, 20), (20, 22), (19, 22), (17, 23), (18, 20), (18, 20), (19, 20), (23, 24), (23, 25), (25, 26), (21, 27), (24, 25), (27, 28), (29, 30), (21, 31), (19, 23), (21, 22), (8, 24), (3, 10), (1, 3), (2, 3), (5, 6), (11, 13), (13, 16), (11, 15), (13, 14), (12, 15), (13, 14), (16, 17), (14, 18), (11, 19), (12, 15), (14, 15), (14, 16), (16, 17), (18, 19), (14, 23), (17, 18), (19, 21), (20, 22), (13, 23), (14, 15), (15, 16), (16, 17), (19, 20), (20, 21), (21, 22), (22, 24), (8, 25), (14, 15), (15, 16), (10, 23), (13, 23), (14, 15), (15, 18), (19, 21), (19, 22), (20, 21), (18, 23), (19, 20), (20, 22), (21, 22), (20, 23), (22, 26), (24, 25), (26, 27), (27, 28), (24, 29), (27, 28), (6, 30), (5, 6), (2, 5), (6, 7), (9, 10), (8, 11), (9, 11), (10, 11), (10, 12), (11, 12), (11, 13), (17, 25), (18, 19), (8, 20), (7, 8), (5, 7), (3, 5), (4, 5), (9, 12), (10, 11), (17, 18), (19, 21), (20, 21), (23, 25), (22, 26), (25, 26), (22, 28), (25, 27), (29, 30), (28, 31), (26, 28), (23, 26), (19, 23), (21, 24), (27, 28), (24, 29), (25, 26), (26, 28), (19, 30), (20, 21), (8, 26), (10, 12), (11, 13), (17, 20), (18, 19), (19, 20), (15, 21), (16, 23), (19, 21), (20, 21), (20, 22), (21, 22), (18, 24), (22, 23), (13, 24), (14, 16), (15, 16), (16, 17), (14, 19), (16, 17), (17, 19), (18, 19), (21, 23), (24, 25), (24, 26), (25, 26), (24, 27), (20, 28), (21, 23), (22, 23), (21, 24), (24, 25), (25, 30), (26, 27), (28, 30), (29, 30), (15, 31), (16, 17), (5, 18), (11, 12), (14, 15), (6, 16), (12, 14), (13, 14), (8, 15), (7, 12), (8, 9), (9, 12), (11, 12), (8, 13), (9, 11), (11, 13), (12, 13), (10, 16), (15, 16), (9, 17), (10, 15), (11, 12), (11, 13), (12, 13), (16, 18), (17, 18), (17, 20), (19, 21), (20, 21), (6, 22), (6, 10), (8, 13), (12, 13), (12, 14), (13, 14), (14, 16), (15, 16), (18, 19), (20, 21), (9, 23), (14, 19), (18, 19), (6, 20), (12, 15), (13, 16), (20, 21), (9, 22), (11, 12), (11, 13), (20, 21), (11, 23), (19, 20), (17, 24), (18, 19), (19, 20), (18, 21), (19, 20), (22, 23), (21, 25), (22, 23), (23, 26), (19, 27), (20, 21), (20, 22), (16, 23), (17, 18), (18, 19), (19, 20), (20, 21), (26, 28), (7, 29), (13, 14), (13, 15), (13, 16), (12, 17), (13, 14), (13, 15), (15, 16), (16, 17), (17, 18), (17, 19), (15, 20), (16, 18), (17, 19), (20, 21), (0, 22), (1, 3), (1, 6), (5, 7), (1, 8), (0, 1), (1, 2), (3, 6), (4, 6), (5, 6), (4, 8), (3, 8), (6, 7), (6, 9), (7, 8), (7, 10), (8, 9), (8, 12), (11, 12), (11, 13), (12, 13), (11, 14), (13, 15), (3, 16), (5, 6), (2, 7), (1, 3), (2, 3), (3, 4), (4, 5), (6, 8), (10, 12), (3, 13), (4, 6), (5, 10), (9, 11), (9, 14), (12, 13), (13, 14), (10, 15), (14, 15), (13, 15), (14, 15), (11, 16), (11, 13), (15, 16), (14, 17), (18, 19), (19, 20), (21, 23), (4, 26), (12, 15), (23, 26), (17, 26), (15, 17), (14, 15), (8, 14), (11, 12), (11, 14), (14, 15), (15, 16), (25, 26), (12, 29), (16, 17), (17, 18), (19, 20), (23, 25), (24, 25), (19, 26), (23, 24), (26, 27), (28, 29), (21, 30), (22, 23), (24, 27), (22, 31), (27, 28), (12, 32), (13, 14), (18, 19), (20, 22), (21, 24), (22, 23), (23, 24), (22, 26), (24, 26), (25, 26), (7, 27), (9, 12), (8, 18), (9, 11), (11, 12), (15, 18), (17, 18), (14, 19), (16, 19), (17, 18), (18, 19), (16, 20), (17, 18), (21, 22), (22, 24), (25, 29), (21, 30), (22, 24), (24, 26), (25, 26), (26, 27), (24, 29), (27, 28), (27, 29), (27, 31), (9, 32), (10, 12), (10, 13), (14, 16), (14, 16), (8, 19), (10, 12), (11, 13), (13, 14), (11, 15), (12, 13), (20, 22), (21, 22), (20, 25), (24, 25), (6, 26), (11, 12), (11, 13), (15, 16), (13, 24), (17, 18), (16, 21), (17, 18), (17, 21), (20, 21), (21, 22), (17, 24), (21, 23), (23, 24), (20, 25), (21, 22), (21, 23), (22, 25), (26, 27), (27, 28), (26, 30), (24, 28), (23, 24), (29, 30), (15, 31), (19, 20), (25, 26), (27, 28), (0, 29), (11, 15), (10, 14), (13, 14), (14, 15), (11, 16), (15, 17), (17, 18), (18, 19), (17, 22), (18, 19), (24, 26), (25, 26), (24, 28), (26, 28), (2, 32), (3, 5), (6, 10), (11, 13), (12, 14), (14, 15), (15, 16), (15, 21), (18, 19), (19, 24), (20, 21), (22, 24), (16, 25), (23, 24), (21, 24), (22, 24), (22, 26), (10, 26), (0, 15), (1, 3), (3, 11), (8, 9), (13, 15), (14, 15), (15, 17), (16, 17), (8, 18), (9, 10), (11, 13), (12, 13), (14, 15), (9, 16), (15, 16), (11, 17), (13, 15), (13, 15), (20, 22), (21, 22), (16, 23), (19, 21), (20, 22), (21, 22), (21, 23), (5, 24), (9, 11), (5, 16), (8, 9), (6, 12), (8, 11), (9, 10), (8, 11), (14, 15), (14, 16), (17, 18), (19, 24), (25, 26), (10, 29), (16, 17), (21, 23), (22, 23), (23, 24), (12, 29), (13, 14), (13, 17), (16, 17), (23, 25), (28, 29), (20, 30), (14, 22), (16, 18), (19, 21), (20, 21), (20, 22), (22, 23), (23, 24), (17, 25), (19, 20), (20, 21), (21, 22), (22, 23), (24, 28), (25, 28), (27, 28), (28, 30), (18, 31), (20, 21), (24, 25), (0, 27), (3, 7), (5, 8), (6, 7), (11, 12), (1, 13), (2, 3), (7, 8), (7, 9), (12, 13), (2, 14), (6, 7), (3, 8), (8, 9), (4, 14), (10, 11), (12, 13), (10, 21), (11, 12), (8, 13), (9, 11), (10, 11), (18, 19), (16, 20), (17, 18), (17, 20), (12, 21), (19, 21), (20, 22), (21, 28), (22, 23), (24, 26), (25, 26), (28, 30), (1, 32), (3, 4), (5, 12), (7, 9), (8, 9), (8, 10), (11, 17), (13, 17), (15, 16), (16, 17), (17, 18), (7, 19), (16, 17), (8, 18), (11, 12), (13, 14), (16, 17), (16, 18), (17, 18), (17, 20), (18, 20), (16, 21), (17, 18), (20, 21), (18, 22), (20, 22), (21, 22), (19, 23), (22, 23), (22, 24), (10, 25), (12, 15), (14, 15), (11, 16), (9, 17), (15, 16), (10, 19), (10, 15), (14, 15), (17, 19), (16, 20), (23, 26), (26, 27), (21, 28), (22, 23), (21, 25), (8, 25), (17, 22), (20, 21), (20, 22), (15, 23), (20, 21), (19, 24), (24, 26), (25, 27), (25, 29), (28, 30), (29, 30), (19, 32), (21, 22), (10, 24), (12, 17), (15, 17), (16, 18), (16, 19), (18, 20), (19, 20), (19, 21), (18, 22), (20, 23), (22, 23), (14, 25), (15, 17), (16, 18), (23, 24), (22, 25), (24, 26), (19, 27), (24, 25), (25, 26), (26, 28), (24, 29), (25, 27), (26, 27), (0, 30), (3, 5), (6, 7), (3, 8), (4, 5), (6, 7), (7, 8), (3, 9), (5, 10), (6, 8), (7, 11), (10, 12), (10, 13), (13, 14), (14, 15), (15, 16), (16, 17), (15, 18), (16, 18), (19, 20), (20, 21), (10, 22), (11, 12), (13, 14), (12, 15), (13, 14), (14, 15), (18, 19), (20, 22), (18, 23), (18, 20), (20, 21), (21, 22), (22, 23), (16, 25), (14, 19), (16, 17), (18, 19), (18, 21), (19, 21), (18, 25), (19, 26), (27, 31), (27, 30), (29, 31), (19, 32), (13, 22), (15, 21), (16, 17), (14, 21), (16, 17), (18, 19), (18, 20), (20, 21), (21, 24), (23, 25), (26, 27), (7, 28), (8, 9), (8, 10), (9, 10), (8, 11), (13, 14), (1, 15), (3, 5), (8, 9), (11, 12), (10, 16), (12, 13), (14, 15), (11, 16), (12, 17), (10, 14), (7, 10), (9, 10), (10, 11), (15, 18), (12, 20), (18, 19), (18, 21), (18, 21), (20, 22), (21, 22), (17, 23), (18, 19), (18, 20), (20, 21), (13, 22), (16, 18), (17, 18), (16, 19), (18, 20), (19, 21), (20, 21), (19, 23), (21, 23), (21, 24), (22, 25), (21, 26), (25, 30), (29, 30), (12, 31), (14, 15), (13, 16), (14, 16), (15, 16), (17, 18), (23, 25), (24, 25), (25, 29), (28, 30), (29, 31), (15, 33), (14, 16), (15, 16), (19, 20), (19, 21), (22, 24), (9, 25), (10, 11), (6, 13), (7, 8), (7, 10), (8, 10), (9, 10), (7, 11), (9, 11), (12, 13), (4, 14), (2, 4), (1, 2), (0, 1), (2, 3), (4, 7), (5, 6), (5, 7), (6, 7), (4, 9), (6, 8), (6, 9), (8, 13), (9, 11), (12, 13), (10, 14), (11, 12), (13, 14), (0, 15), (2, 6), (4, 5), (5, 6), (3, 7), (5, 6), (4, 8), (6, 9), (8, 10), (9, 11), (11, 12), (12, 13), (12, 14), (9, 15), (11, 12), (10, 16), (12, 17), (17, 18), (18, 19), (19, 20), (20, 21), (21, 22), (22, 23), (23, 24), (24, 25), (23, 26), (24, 26), (27, 28), (18, 29), (19, 20), (13, 24), (13, 25), (14, 24), (20, 21), (22, 24), (23, 24), (25, 30), (27, 28), (29, 30), (3, 32), (4, 7), (5, 7), (9, 14), (11, 12), (10, 14), (13, 14), (5, 18), (12, 17), (22, 23), (18, 25), (19, 22), (20, 21), (20, 23), (21, 22), (23, 24), (23, 25), (24, 26), (21, 29), (23, 24), (22, 25), (23, 30), (24, 25), (15, 33), (23, 25), (24, 25), (12, 29), (14, 15), (0, 16), (2, 4), (2, 5), (9, 10), (10, 11), (11, 12), (12, 13), (13, 14), (13, 15), (14, 15), (23, 24), (25, 27), (26, 27), (7, 29), (9, 10), (10, 11), (15, 16), (5, 18), (15, 17), (16, 17), (17, 18), (19, 21), (19, 25), (21, 23), (22, 24), (23, 24), (24, 25), (12, 30), (16, 18), (16, 19), (9, 25), (10, 11), (11, 12), (12, 13), (13, 14), (14, 15), (15, 16), (24, 25), (23, 26), (19, 27), (21, 24), (22, 24), (23, 24), (22, 26), (27, 30), (16, 31), (17, 19), (18, 19), (18, 20), (16, 21), (20, 22), (21, 22), (22, 23), (21, 24), (29, 30), (9, 32), (10, 11), (11, 12), (12, 13), (18, 19), (17, 19), (18, 19), (2, 21), (6, 7), (5, 8), (11, 12), (1, 19), (4, 5), (3, 8), (14, 15), (16, 19), (17, 19), (18, 19), (18, 20), (17, 21), (18, 19), (19, 22), (20, 25), (21, 25), (22, 27), (23, 24), (23, 25), (11, 28), (12, 13), (16, 18), (17, 18), (24, 25), (25, 29), (21, 28), (24, 25), (23, 26), (24, 27), (25, 26), (26, 28), (27, 28), (28, 29), (27, 30), (28, 30), (29, 31), (28, 32), (27, 31), (28, 31), (29, 30), (9, 32), (12, 17), (13, 14), (16, 17), (13, 22), (14, 16), (16, 19), (18, 19), (14, 21), (15, 18), (16, 17), (21, 22), (22, 23), (22, 24), (24, 25), (24, 26), (26, 27), (27, 28), (28, 29), (29, 30), (31, 32), (16, 33), (17, 19), (17, 20), (18, 19), (18, 20), (18, 22), (19, 20), (20, 21), (21, 22), (24, 25), (15, 26), (18, 19), (21, 22), (21, 23), (25, 26), (6, 27), (7, 9), (8, 10), (8, 10), (0, 14), (8, 9), (12, 13), (12, 14), (13, 14), (3, 15), (5, 6), (6, 8), (5, 8), (6, 7), (9, 10), (10, 11), (12, 13), (14, 15), (11, 22), (13, 14), (17, 18), (26, 27), (14, 28), (18, 19), (21, 22), (21, 23), (22, 23), (22, 24), (23, 25), (16, 30), (17, 18), (18, 19), (4, 20), (7, 8), (9, 10), (14, 18), (17, 18), (15, 19), (16, 18), (16, 18), (16, 19), (15, 21), (17, 22), (18, 19), (18, 21), (19, 21), (6, 23), (8, 9), (10, 15), (13, 14), (13, 15), (14, 15), (11, 16), (15, 17), (10, 18), (17, 19), (18, 20), (19, 22), (19, 23), (20, 23), (22, 23), (20, 24), (21, 22), (22, 25), (23, 24), (23, 26), (24, 27), (25, 27), (25, 28), (5, 25), (4, 5), (1, 4), (2, 4), (3, 4), (2, 5), (6, 8), (14, 16), (10, 17), (16, 17), (18, 19), (20, 25), (23, 25), (24, 25), (15, 29), (16, 17), (19, 20), (4, 26), (13, 14), (14, 15), (11, 16), (4, 14), (2, 4), (1, 2), (7, 12), (9, 11), (11, 12), (7, 13), (9, 10), (12, 13), (13, 15), (15, 16), (14, 17), (15, 16), (15, 18), (18, 19), (19, 21), (24, 26), (27, 28), (28, 29), (21, 30), (24, 25), (22, 28), (26, 27), (29, 30), (28, 31), (29, 32), (19, 33), (20, 21), (8, 22), (12, 14), (10, 14), (10, 13), (12, 16), (13, 14), (14, 20), (15, 20), (19, 20), (20, 21), (22, 23), (17, 25), (20, 21), (18, 22), (19, 21), (22, 24), (24, 25), (25, 26), (17, 29), (18, 21), (22, 23), (23, 24), (25, 26), (27, 28), (19, 29), (7, 24), (8, 13), (9, 10), (10, 11), (14, 17), (18, 20), (19, 20), (21, 22), (23, 24), (26, 27), (17, 31), (18, 19), (20, 21), (20, 22), (21, 23), (22, 23), (8, 28), (12, 14), (13, 14), (15, 18), (16, 18), (17, 18), (19, 20), (24, 27), (23, 27), (26, 27), (26, 28), (27, 29), (28, 29), (10, 32), (14, 15), (12, 16), (14, 21), (19, 21), (19, 21), (16, 24), (18, 21), (19, 21), (20, 21), (20, 22), (21, 22), (20, 23), (21, 24), (23, 25), (25, 26), (13, 28), (14, 16), (15, 16), (15, 18), (16, 18), (19, 20), (22, 23), (25, 27), (26, 28), (27, 29), (28, 29), (8, 32), (9, 11), (10, 11), (15, 16), (19, 20), (19, 21), (21, 22), (22, 23), (23, 24), (25, 28), (29, 30), (29, 32), (30, 32), (23, 34), (16, 23), (14, 16), (10, 14), (9, 10), (5, 9), (2, 5), (6, 7), (6, 8), (3, 19), (6, 7), (6, 8), (13, 14), (18, 19), (20, 22), (21, 22), (23, 24), (24, 25), (25, 31), (27, 28), (29, 31), (29, 32), (22, 33), (18, 24), (15, 21), (16, 19), (17, 19), (17, 19), (20, 21), (22, 23), (25, 27), (13, 31), (14, 15), (16, 17), (16, 23), (19, 20), (19, 23), (19, 23), (18, 24), (20, 23), (21, 22), (4, 27), (6, 8), (7, 9), (8, 9), (14, 17), (15, 16), (18, 19), (24, 25), (22, 27), (23, 27), (21, 28), (28, 29), (28, 30), (29, 30), (30, 31), (31, 32), (14, 34), (16, 17), (20, 21), (19, 22), (21, 24), (25, 26), (27, 29), (28, 29), (28, 30), (27, 31), (31, 32), (16, 33), (17, 20), (19, 20), (20, 21), (20, 22), (22, 23), (23, 24), (26, 29), (27, 28), (30, 31), (11, 32), (12, 16), (14, 15), (12, 17), (12, 16), (15, 16), (14, 18), (23, 27), (24, 28), (27, 31), (28, 31), (29, 31), (30, 32), (19, 33), (0, 23), (2, 3), (5, 6), (12, 14), (13, 14), (1, 15), (4, 9), (5, 7), (6, 7), (7, 8), (7, 9), (9, 11), (10, 11), (10, 13), (11, 13), (13, 14), (10, 15), (12, 16), (16, 17), (17, 18), (18, 19), (19, 20), (20, 21), (21, 22), (22, 23), (12, 24), (14, 15), (15, 16), (21, 22), (24, 25), (24, 26), (26, 27), (24, 28), (24, 29), (27, 31), (29, 31), (31, 32), (6, 34), (8, 9), (7, 9), (8, 9), (11, 12), (15, 16), (18, 19), (11, 21), (15, 17), (16, 17), (17, 18), (18, 20), (19, 20), (20, 21), (17, 22), (19, 20), (1, 21), (4, 5), (5, 8), (7, 8), (7, 16), (8, 9), (10, 12), (11, 12), (10, 14), (14, 15), (16, 18), (17, 18), (20, 21), (19, 23), (21, 22), (18, 24), (12, 20), (13, 14), (13, 16), (13, 17), (14, 18), (15, 18), (17, 18), (16, 19), (18, 19), (14, 21), (16, 17), (19, 20), (20, 21), (18, 23), (22, 23), (15, 25), (17, 18), (16, 19), (18, 20), (19, 20), (21, 22), (22, 23), (23, 24), (18, 26), (19, 23), (21, 23), (22, 23), (24, 25), (19, 27), (20, 21), (24, 25), (27, 28), (30, 31), (25, 32), (28, 29), (30, 31), (20, 34), (21, 22), (9, 23), (8, 9), (4, 8), (2, 4), (3, 4), (3, 10), (5, 10), (4, 14), (8, 10), (8, 10), (8, 11), (12, 13), (8, 14), (4, 8), (6, 7), (6, 8), (6, 13), (12, 15), (13, 15), (14, 15), (13, 16), (12, 17), (16, 17), (12, 18), (13, 14), (16, 17), (17, 18), (18, 19), (13, 20), (15, 16), (17, 21), (18, 19), (14, 23), (16, 17), (17, 18), (18, 19), (22, 23), (15, 25), (15, 19), (22, 23), (24, 25), (20, 26), (21, 27), (0, 28), (1, 2), (5, 8), (6, 8), (7, 8), (10, 18), (13, 17), (14, 15), (7, 17), (0, 12), (10, 12), (11, 12), (12, 14), (13, 15), (14, 16), (15, 16), (15, 18), (16, 17), (8, 19), (11, 13), (11, 14), (14, 16), (15, 16), (16, 19), (17, 19), (18, 19), (17, 20), (18, 21), (20, 21), (16, 22), (20, 21), (21, 22), (17, 23), (18, 19), (29, 31), (30, 32), (22, 33), (23, 24), (23, 25), (25, 26), (25, 28), (26, 29), (27, 30), (28, 31), (28, 32), (29, 30), (1, 33), (7, 8), (3, 10), (4, 11), (7, 9), (8, 9), (9, 10), (9, 11), (10, 11), (11, 12), (12, 13), (21, 23), (22, 23), (13, 24), (15, 17), (16, 17), (21, 22), (20, 25), (22, 23), (24, 25), (24, 26), (14, 27), (15, 16), (16, 18), (23, 24), (16, 24), (15, 16), (16, 17), (20, 21), (23, 24), (26, 27), (26, 28), (26, 29), (26, 30), (29, 30), (28, 32), (30, 31), (31, 33), (18, 34), (19, 20), (19, 21), (20, 21), (20, 22), (15, 24), (16, 18), (17, 18), (17, 19), (18, 19), (18, 23), (22, 23), (23, 24), (21, 25), (22, 23), (22, 24), (17, 27), (19, 21), (7, 22), (7, 9), (11, 14), (12, 14), (6, 15), (9, 12), (7, 13), (12, 13), (11, 15), (12, 13), (14, 16), (17, 18), (11, 19), (12, 13), (17, 18), (12, 20), (13, 15), (15, 16), (16, 17), (17, 18), (18, 19), (22, 24), (23, 24), (16, 27), (17, 18), (25, 26), (17, 27), (20, 28), (24, 25), (21, 26), (23, 25), (24, 25), (23, 26), (2, 31), (12, 13), (13, 14), (14, 16), (7, 17), (10, 13), (11, 12), (10, 13), (16, 23), (17, 19), (18, 19), (19, 20), (20, 21), (17, 22), (18, 21), (19, 21), (22, 23), (6, 24), (9, 12), (9, 12), (12, 13), (11, 16), (12, 14), (14, 16), (15, 16), (21, 23), (24, 25), (22, 27), (21, 27), (24, 26), (25, 26), (24, 27), (26, 28), (28, 29), (29, 30), (30, 32), (21, 33), (20, 21), (18, 20), (9, 18), (8, 9), (13, 15), (14, 16), (15, 17), (11, 18), (13, 15), (14, 15), (14, 19), (15, 16), (17, 18), (22, 24), (24, 25), (25, 26), (26, 28), (27, 29), (28, 30), (27, 31), (29, 30), (31, 32), (16, 33), (13, 17), (14, 17), (16, 17), (18, 19), (20, 23), (21, 22), (27, 28), (21, 29), (22, 23), (22, 27), (22, 25), (24, 26), (28, 29), (28, 33), (32, 33), (13, 35), (14, 16), (17, 19), (15, 20), (19, 20), (19, 21), (21, 23), (15, 23), (17, 22), (18, 22), (19, 20), (27, 28), (26, 29), (27, 30), (26, 31), (29, 30), (31, 32), (21, 33), (19, 25), (20, 22), (23, 26), (7, 27), (10, 13), (11, 12), (12, 13), (8, 14), (12, 13), (14, 15), (15, 16), (16, 17), (17, 18), (9, 19), (10, 12), (11, 12), (16, 20), (18, 20), (19, 20), (21, 31), (23, 25), (24, 25), (13, 35), (15, 16), (10, 18), (11, 16), (14, 16), (12, 17), (13, 17), (14, 17), (15, 17), (15, 18), (16, 17), (17, 18), (20, 21), (0, 23), (3, 4), (6, 8), (7, 8), (6, 10), (14, 15), (1, 19), (2, 3), (2, 4), (3, 7), (8, 9), (4, 9), (5, 9), (7, 8), (8, 9), (9, 10), (18, 19), (20, 22), (19, 22), (2, 23), (5, 6), (3, 7), (5, 7), (6, 7), (7, 8), (7, 9), (8, 9), (8, 10), (9, 11), (11, 12), (10, 13), (11, 14), (12, 17), (13, 17), (14, 17), (17, 18), (19, 20), (17, 24), (18, 19), (21, 26), (23, 24), (24, 25), (23, 26), (21, 27), (22, 23), (27, 28), (28, 29), (10, 31), (12, 13), (3, 27), (4, 6), (4, 7), (6, 9), (7, 10), (9, 10), (5, 11), (8, 9), (9, 10), (5, 15), (16, 18), (17, 18), (17, 19), (26, 28), (27, 28), (13, 29), (20, 27), (23, 26), (25, 26), (20, 27), (28, 30), (23, 32), (14, 26), (20, 24), (21, 24), (22, 23), (29, 30), (16, 31), (25, 26), (27, 30), (29, 30), (17, 34), (20, 23), (20, 23), (24, 26), (25, 26), (23, 27), (25, 26), (20, 29), (22, 27), (23, 25), (30, 34), (33, 34), (8, 35), (7, 19), (9, 10), (12, 16), (13, 16), (13, 16), (15, 16), (13, 18), (14, 18), (17, 18), (15, 19), (18, 19), (21, 22), (18, 23), (21, 22), (19, 23), (23, 25), (23, 25), (3, 27), (7, 13), (10, 11), (8, 13), (10, 11), (11, 12), (10, 13), (12, 14), (14, 15), (15, 17), (21, 22), (24, 28), (25, 27), (26, 27), (29, 32), (30, 33), (29, 33), (12, 34), (16, 18), (17, 18), (18, 19), (13, 21), (14, 15), (19, 20), (27, 28), (16, 29), (18, 20), (19, 21), (20, 22), (21, 23), (24, 25), (14, 27), (15, 17), (23, 27), (23, 27), (24, 25), (23, 28), (24, 26), (22, 28), (26, 28), (24, 30), (25, 26), (27, 31), (30, 32), (31, 33), (32, 33), (32, 34), (33, 34), (25, 35), (24, 25), (22, 24), (19, 22), (18, 19), (17, 18), (25, 27), (27, 28), (29, 32), (22, 33), (24, 25), (24, 27), (5, 28), (6, 7), (12, 14), (13, 14), (12, 18), (15, 16), (14, 16), (15, 16), (17, 18), (17, 19), (20, 22), (21, 22), (21, 23), (25, 26), (1, 29), (3, 4), (6, 8), (11, 12), (12, 13), (21, 22), (23, 24), (27, 28), (20, 29), (21, 22), (22, 23), (24, 25), (26, 29), (26, 29), (28, 29), (28, 30), (24, 31), (25, 26), (27, 28), (25, 29), (30, 32), (26, 33), (27, 28), (28, 30), (29, 31), (29, 34), (31, 32), (2, 35), (3, 6), (4, 5), (4, 7), (12, 14), (11, 14), (12, 13), (13, 14), (14, 21), (16, 17), (16, 24), (16, 25), (20, 24), (20, 26), (6, 25), (8, 10), (9, 10), (9, 11), (8, 12), (12, 13), (12, 15), (13, 15), (15, 16), (18, 20), (19, 20), (19, 21), (20, 21), (22, 23), (24, 25), (26, 27), (24, 29), (19, 29), (17, 23), (19, 20), (15, 21), (16, 18), (19, 20), (17, 25), (18, 20), (22, 26), (24, 26), (25, 26), (28, 29), (25, 30), (28, 29), (25, 31), (17, 27), (19, 20), (20, 21), (25, 26), (28, 29), (29, 30), (30, 31), (30, 32), (31, 32), (3, 34), (4, 5), (5, 8), (9, 10), (6, 11), (7, 8), (7, 10), (11, 12), (8, 14), (9, 11), (10, 11), (13, 14), (18, 19), (20, 21), (26, 27), (20, 29), (21, 23), (22, 23), (25, 27), (26, 27), (26, 28), (25, 29), (26, 27), (13, 30), (15, 17), (16, 17), (21, 23), (22, 23), (21, 24), (23, 25), (19, 26), (25, 26), (26, 27), (27, 28), (28, 29), (14, 31), (4, 17), (8, 9), (10, 11), (10, 15), (13, 14), (12, 15), (16, 17), (16, 18), (17, 18), (10, 20), (12, 13), (15, 20), (18, 20), (19, 20), (17, 21), (14, 19), (15, 18), (19, 20), (17, 22), (19, 20), (21, 23), (22, 23), (21, 24), (21, 23), (24, 25), (25, 26), (11, 29), (12, 14), (16, 17), (15, 18), (16, 17), (20, 23), (21, 23), (22, 23), (25, 26), (26, 28), (25, 29), (26, 27), (17, 30), (26, 29), (28, 29), (22, 32), (26, 28), (21, 30), (24, 25), (29, 30), (29, 31), (30, 31), (30, 32), (32, 33), (33, 34), (5, 35), (6, 7), (17, 18), (19, 22), (14, 26), (17, 18), (17, 19), (24, 26), (28, 29), (20, 30), (21, 26), (28, 30), (29, 30), (30, 31), (17, 32), (7, 23), (8, 9), (9, 11), (13, 14), (16, 17), (10, 18), (5, 14), (8, 11), (9, 11), (11, 13), (0, 17), (1, 5), (2, 5), (3, 6), (9, 11), (16, 17), (13, 18), (14, 15), (15, 16), (15, 17), (13, 18), (14, 16), (14, 17), (16, 17), (18, 19), (18, 20), (18, 21), (16, 22), (21, 23), (24, 25), (23, 26), (24, 26), (32, 33), (0, 34), (5, 7), (6, 7), (7, 8), (10, 11), (14, 20), (17, 21), (20, 21), (20, 22), (21, 22), (21, 23), (2, 22), (3, 4), (5, 11), (8, 9), (12, 13), (13, 14), (18, 19), (20, 21), (6, 24), (7, 9), (7, 14), (9, 14), (8, 15), (7, 13), (8, 9), (9, 10), (10, 11), (10, 12), (12, 13), (16, 17), (10, 20), (11, 14), (12, 13), (13, 14), (11, 24), (15, 16), (16, 17), (17, 18), (18, 19), (19, 20), (26, 27), (22, 32), (27, 28), (23, 31), (26, 27), (28, 31), (30, 32), (16, 36), (17, 18), (2, 22), (6, 7), (10, 11), (14, 15), (18, 20), (19, 21), (21, 22), (14, 23), (12, 15), (13, 15), (15, 16), (13, 18), (14, 15), (14, 18), (17, 18), (18, 19), (19, 20), (20, 21), (15, 24), (18, 19), (9, 20), (7, 9), (6, 7), (7, 8), (18, 19), (19, 20), (21, 22), (23, 24), (10, 27), (19, 21), (25, 26), (22, 28), (9, 29), (12, 16), (14, 15), (13, 17), (14, 16), (15, 16), (16, 17), (19, 21), (21, 22), (13, 25), (19, 21), (19, 22), (20, 23), (22, 23), (24, 25), (27, 30), (19, 31), (20, 21), (24, 26), (20, 26), (18, 20), (19, 20), (21, 22), (27, 28), (2, 32), (3, 6), (4, 7), (9, 12), (10, 11), (11, 12), (11, 13), (6, 14), (6, 10), (8, 9), (11, 12), (17, 19), (16, 19), (20, 21), (25, 26), (14, 30), (26, 28), (22, 30), (19, 26), (24, 30), (25, 26), (28, 29), (28, 30), (29, 30), (26, 31), (30, 31), (22, 33), (24, 25), (31, 32), (27, 33), (23, 35), (24, 31), (24, 26), (30, 31), (15, 32), (16, 17), (18, 21), (19, 20), (17, 27), (22, 23), (25, 27), (26, 27), (29, 31), (29, 32), (23, 36), (24, 25), (15, 24), (12, 15), (11, 12), (19, 21), (20, 21), (26, 27), (29, 31), (30, 31), (30, 32), (31, 32), (29, 33), (30, 33), (32, 34), (23, 35), (27, 28), (28, 29), (27, 30), (28, 29), (29, 32), (31, 32), (32, 34), (9, 35), (10, 12), (11, 12), (18, 19), (15, 22), (19, 20), (21, 24), (22, 24), (23, 24), (23, 25), (24, 25), (15, 27), (20, 21), (22, 23), (18, 24), (20, 23), (22, 23), (21, 23), (22, 23), (10, 27), (14, 16), (15, 16), (15, 17), (11, 19), (12, 15), (13, 15), (12, 20), (14, 17), (15, 16), (16, 17), (3, 21), (11, 12), (5, 13), (8, 9), (9, 10), (6, 12), (8, 9), (6, 12), (9, 11), (10, 11), (10, 12), (11, 12), (8, 13), (8, 14), (12, 13), (18, 23), (22, 23), (20, 27), (21, 22), (16, 28), (19, 24), (20, 22), (23, 24), (23, 26), (24, 27), (25, 26), (20, 28), (21, 25), (23, 25), (21, 29), (23, 27), (25, 26), (26, 27), (28, 31), (23, 32), (25, 26), (25, 29), (31, 32), (11, 33), (19, 20), (15, 22), (16, 20), (17, 18), (16, 19), (18, 20), (19, 21), (20, 22), (22, 23), (21, 24), (22, 23), (24, 26), (25, 26), (28, 32), (31, 33), (32, 34), (12, 36), (12, 15), (19, 20), (21, 24), (23, 24), (21, 26), (24, 25), (7, 30), (15, 16), (12, 17), (18, 20), (19, 20), (19, 21), (18, 22), (19, 20), (20, 22), (24, 25), (28, 29), (25, 32), (26, 28), (27, 29), (29, 30), (31, 32), (31, 33), (32, 33), (33, 34), (18, 35), (19, 21), (22, 24), (23, 24), (23, 26), (24, 26), (25, 27), (26, 28), (27, 28), (8, 29), (9, 13), (11, 12), (12, 13), (13, 14), (16, 17), (8, 19), (10, 11), (16, 18), (12, 20), (12, 14), (15, 18), (15, 18), (16, 18), (16, 19), (17, 20), (19, 20), (19, 21), (13, 22), (21, 22), (1, 23), (0, 4), (0, 2), (2, 14), (4, 5), (3, 5), (4, 5), (8, 9), (6, 9), (7, 9), (8, 9), (8, 10), (4, 11), (9, 10), (13, 14), (2, 15), (8, 9), (8, 10), (6, 11), (7, 9), (13, 14), (21, 22), (22, 23), (23, 27), (28, 29), (31, 32), (32, 34), (33, 34), (17, 36), (5, 19), (4, 5), (3, 4), (5, 6), (8, 9), (13, 15), (7, 15), (6, 7), (11, 18), (15, 18), (20, 22), (21, 22), (12, 27), (14, 17), (15, 16), (16, 17), (18, 19), (22, 23), (21, 25), (24, 25), (24, 27), (25, 27), (26, 27), (27, 28), (27, 29), (13, 30), (13, 15), (15, 16), (18, 20), (19, 20), (0, 23), (1, 3), (2, 3), (3, 4), (14, 15), (13, 24), (17, 20), (18, 20), (19, 21), (18, 24), (21, 23), (21, 24), (26, 29), (27, 28), (23, 30), (24, 25), (24, 27), (25, 28), (24, 33), (25, 27), (27, 29), (28, 29), (32, 33), (9, 34), (11, 14), (12, 14), (12, 14), (14, 16), (16, 19), (18, 19), (20, 22), (21, 22), (21, 23), (7, 25), (19, 20), (19, 22), (18, 22), (19, 20), (19, 21), (18, 25), (20, 22), (21, 22), (11, 27), (15, 16), (17, 18), (13, 20), (15, 16), (21, 27), (22, 23), (25, 26), (26, 27), (17, 28), (22, 24), (20, 29), (21, 24), (22, 23), (23, 24), (24, 25), (21, 26), (23, 25), (24, 25), (30, 31), (32, 33), (12, 35), (16, 17), (15, 17), (16, 17), (13, 18), (14, 18), (15, 16), (12, 21), (18, 20), (19, 20), (5, 22), (0, 10), (7, 8), (9, 10), (11, 12), (19, 20), (0, 22), (2, 3), (4, 5), (15, 16), (20, 21), (25, 29), (14, 33), (16, 17), (18, 19), (19, 20), (20, 21), (17, 25), (18, 25), (20, 26), (24, 25), (23, 26), (27, 28), (30, 31), (30, 32), (31, 32), (31, 33), (22, 32), (20, 22), (25, 26), (30, 32), (32, 33), (26, 34), (27, 31), (30, 31), (28, 32), (27, 34), (30, 31), (28, 35), (31, 32), (32, 34), (24, 36), (26, 27), (27, 30), (31, 32), (2, 33), (5, 6), (5, 9), (8, 10), (9, 10), (12, 13), (5, 18), (6, 7), (3, 9), (17, 18), (19, 20), (27, 28), (23, 32), (26, 27), (30, 31), (12, 34), (4, 14), (3, 4), (11, 13), (19, 20), (20, 21), (31, 32), (23, 33), (26, 29), (26, 30), (29, 30), (30, 31), (28, 32), (30, 31), (31, 33), (33, 34), (30, 35), (31, 32), (32, 33), (31, 34), (31, 35), (33, 34), (15, 37), (4, 16), (3, 4), (2, 3), (7, 8), (12, 16), (13, 16), (14, 15), (14, 16), (15, 16), (18, 19), (19, 20), (20, 21), (21, 28), (27, 28), (27, 30), (21, 31), (24, 27), (24, 27), (27, 28), (28, 29), (29, 30), (30, 31), (30, 32), (17, 33), (15, 18), (12, 15), (4, 12), (8, 11), (10, 11), (11, 12), (16, 18), (26, 27), (25, 27), (26, 27), (29, 30), (10, 34), (12, 13), (24, 25), (28, 29), (23, 31), (26, 27), (27, 29), (24, 31), (28, 30), (27, 33), (14, 36), (16, 18), (17, 18), (17, 19), (17, 20), (15, 21), (17, 18), (16, 19), (17, 18), (17, 19), (17, 22), (15, 26), (19, 20), (22, 23), (25, 28), (32, 33), (32, 34), (33, 34), (32, 35), (17, 36), (18, 19), (23, 33), (26, 27), (8, 28), (9, 12), (10, 12), (10, 12), (10, 13), (11, 12), (21, 23), (21, 23), (25, 28), (27, 28), (29, 30), (30, 31), (29, 33), (18, 37), (19, 21), (22, 24), (23, 24), (5, 25), (10, 11), (8, 14), (9, 10), (13, 14), (14, 15), (19, 21), (13, 21), (19, 20), (18, 20), (19, 20), (14, 21), (15, 22), (16, 17), (16, 20), (16, 20), (19, 21), (20, 22), (22, 23), (21, 24), (22, 23), (22, 24), (21, 25), (25, 26), (23, 27), (6, 28), (11, 13), (12, 13), (13, 14), (24, 25), (25, 26), (16, 27), (17, 18), (21, 22), (24, 25), (25, 26), (24, 27), (26, 27), (25, 29), (24, 28), (25, 26), (27, 30), (19, 32), (26, 28), (31, 32), (31, 33), (32, 34), (30, 35), (32, 33), (23, 36), (25, 26), (0, 29), (10, 12), (11, 12), (14, 15), (13, 16), (17, 18), (23, 25), (25, 26), (10, 29), (11, 14), (12, 13), (12, 14), (13, 14), (18, 19), (19, 26), (23, 25), (24, 25), (15, 26), (19, 20), (25, 26), (17, 28), (20, 22), (23, 28), (26, 28), (9, 30), (8, 9), (7, 8), (20, 21), (17, 22), (20, 21), (23, 27), (25, 26), (27, 28), (25, 29), (24, 30), (25, 27), (27, 28), (29, 30), (16, 31), (23, 25), (20, 27), (22, 24), (25, 27), (26, 27), (30, 32), (31, 32), (31, 34), (29, 34), (31, 32), (32, 33), (1, 37), (2, 3), (6, 8), (7, 8), (7, 9), (9, 10), (10, 12), (9, 13), (10, 11), (9, 14), (11, 13), (13, 14), (17, 18), (22, 24), (23, 24), (24, 25), (22, 26), (25, 26), (24, 26), (25, 26), (24, 31), (25, 27), (26, 28), (18, 28), (17, 18), (16, 17), (11, 16), (3, 11), (6, 7), (7, 8), (5, 9), (4, 8), (5, 7), (6, 8), (7, 8), (9, 10), (10, 11), (16, 17), (16, 18), (1, 19), (2, 3), (8, 10), (16, 17), (14, 18), (15, 17), (18, 19), (4, 20), (10, 11), (11, 15), (17, 18), (17, 19), (24, 25), (19, 29), (15, 27), (16, 17), (17, 19), (17, 20), (18, 21), (19, 20), (22, 23), (26, 27), (26, 28), (22, 30), (25, 26), (20, 27), (18, 20), (19, 20), (25, 26), (23, 27), (25, 26), (28, 29), (25, 31), (29, 31), (34, 35), (35, 36), (16, 37), (17, 18), (19, 22), (22, 23), (19, 24), (20, 22), (20, 23), (22, 23), (20, 25), (25, 26), (26, 27), (26, 28), (27, 28), (30, 31), (31, 32), (33, 34), (26, 35), (27, 29), (29, 30), (28, 33), (29, 31), (29, 32), (32, 33), (33, 34), (34, 35), (24, 36), (25, 26), (26, 27), (22, 31), (23, 25), (24, 25), (23, 28), (32, 33), (29, 34), (32, 34), (33, 34), (32, 35), (25, 37), (26, 27), (13, 29), (12, 13), (15, 17), (5, 17), (3, 5), (1, 3), (7, 10), (7, 11), (9, 12), (10, 11), (12, 13), (12, 15), (9, 17), (15, 17), (12, 17), (13, 14), (14, 15), (13, 16), (15, 16), (13, 17), (14, 15), (16, 17), (27, 28), (16, 29), (8, 21), (11, 15), (14, 17), (20, 23), (22, 23), (23, 24), (23, 27), (24, 25), (24, 27), (12, 29), (16, 17), (16, 18), (21, 23), (21, 25), (23, 24), (24, 25), (27, 29), (28, 29), (8, 30), (9, 14), (10, 11), (11, 12), (15, 22), (17, 19), (18, 20), (22, 23), (15, 26), (17, 19), (18, 19), (21, 23), (22, 23), (22, 31), (23, 25), (29, 31), (30, 31), (27, 32), (30, 31), (15, 33), (19, 21), (20, 21), (20, 22), (21, 25), (26, 30), (27, 28), (28, 29), (29, 30), (0, 32), (1, 2), (8, 9), (17, 18), (28, 30), (29, 31), (32, 33), (33, 34), (24, 35), (17, 26), (24, 25), (24, 28), (27, 28), (28, 29), (31, 32), (33, 35), (29, 35), (27, 29), (25, 27), (24, 25), (21, 24), (26, 27), (29, 32), (27, 32), (29, 30), (29, 33), (28, 34), (33, 34), (22, 35), (23, 29), (29, 30), (30, 31), (23, 32), (26, 31), (28, 29), (25, 31), (28, 30), (29, 30), (26, 31), (29, 32), (30, 31), (27, 36), (17, 30), (18, 19), (19, 21), (21, 22), (25, 31), (26, 27), (27, 28), (28, 31), (27, 32), (26, 33), (28, 29), (29, 30), (13, 34), (14, 15), (16, 17), (19, 20), (0, 28), (13, 14), (1, 19), (14, 16), (14, 18), (16, 18), (17, 18), (8, 21), (10, 12), (11, 12), (15, 17), (17, 21), (19, 22), (20, 21), (18, 23), (19, 21), (20, 21), (21, 23), (23, 24), (5, 26), (7, 9), (8, 9), (9, 11), (10, 11), (9, 12), (11, 12), (11, 14), (12, 13), (13, 14), (9, 15), (15, 16), (14, 18), (17, 18), (18, 19), (19, 24), (20, 23), (22, 23), (23, 24), (21, 26), (23, 25), (25, 27), (26, 28), (27, 29), (28, 29), (28, 30), (32, 33), (33, 34), (16, 36), (4, 20), (5, 6), (7, 8), (7, 9), (7, 11), (10, 11), (14, 16), (7, 18), (14, 15), (16, 17), (12, 18), (13, 14), (13, 16), (15, 16), (8, 17), (12, 13), (10, 14), (11, 13), (14, 15), (14, 18), (14, 17), (18, 19), (6, 20), (8, 11), (10, 11), (10, 12), (14, 15), (13, 19), (14, 16), (15, 16), (15, 17), (20, 23), (10, 25), (21, 23), (12, 26), (16, 17), (14, 20), (23, 24), (15, 27), (18, 19), (23, 25), (24, 25), (20, 26), (22, 23), (24, 25), (15, 27), (16, 17), (19, 20), (16, 23), (17, 18), (20, 22), (21, 22), (23, 25), (24, 26), (26, 27), (27, 30), (28, 29), (24, 30), (25, 26), (27, 28), (28, 30), (29, 30), (20, 33), (22, 23), (23, 24), (24, 25), (29, 31), (21, 32), (22, 23), (23, 24), (26, 27), (27, 28), (28, 29), (28, 30), (30, 31), (31, 32), (32, 33), (17, 34), (18, 19), (18, 20), (20, 21), (21, 22), (22, 23), (4, 24), (9, 10), (8, 14), (9, 10), (10, 11), (9, 12), (12, 13), (21, 23), (24, 25), (25, 26), (26, 27), (27, 28), (28, 29), (29, 30), (29, 31), (29, 32), (24, 33), (25, 26), (30, 31), (31, 32), (33, 35), (34, 36), (36, 37), (19, 38), (20, 21), (19, 22), (24, 25), (26, 27), (30, 32), (28, 33), (29, 30), (29, 31), (29, 32), (29, 31), (30, 31), (32, 33), (33, 34), (26, 35), (28, 30), (22, 33), (25, 26), (25, 27), (28, 29), (33, 34), (28, 36), (28, 30), (32, 33), (32, 34), (30, 35), (33, 34), (21, 37), (22, 23), (24, 25), (22, 27), (23, 24), (23, 28), (25, 28), (26, 27), (15, 29), (18, 21), (17, 22), (18, 23), (26, 28), (17, 30), (24, 26), (25, 26), (27, 28), (28, 29), (30, 31), (30, 32), (22, 33), (24, 26), (25, 26), (25, 30), (26, 27), (26, 30), (27, 30), (28, 29), (28, 30), (29, 30), (29, 33), (30, 32), (31, 32), (31, 33), (30, 35), (29, 32), (30, 32), (31, 32), (34, 36), (23, 37), (11, 25), (10, 11), (8, 10), (9, 12), (10, 12), (14, 15), (15, 16), (16, 17), (11, 18), (13, 14), (16, 17), (18, 19), (19, 20), (19, 21), (21, 22), (21, 23), (2, 24), (14, 21), (15, 16), (17, 18), (21, 22), (24, 25), (23, 25), (24, 25), (24, 26), (22, 26), (24, 25), (25, 26), (29, 30), (27, 30), (25, 27), (26, 27), (27, 28), (28, 30), (26, 30), (22, 31), (29, 31), (30, 31), (30, 34), (32, 35), (25, 34), (26, 29), (27, 28), (29, 31), (30, 31), (32, 33), (26, 35), (12, 36), (16, 17), (18, 20), (18, 21), (19, 21), (19, 21), (5, 26), (7, 8), (7, 9), (8, 9), (8, 10), (14, 15), (21, 22), (11, 23), (12, 14), (13, 14), (13, 15), (15, 16), (16, 17), (18, 19), (21, 22), (18, 24), (23, 24), (22, 26), (25, 26), (25, 27), (26, 28), (28, 29), (22, 31), (26, 27), (28, 29), (30, 31), (28, 32), (29, 30), (32, 33), (31, 34), (32, 33), (34, 35), (35, 36), (32, 37), (34, 35), (11, 38), (8, 11), (10, 11), (11, 12), (13, 15), (15, 17), (16, 17), (24, 27), (25, 26), (0, 28), (8, 9), (12, 13), (4, 14), (5, 9), (7, 8), (6, 10), (10, 13), (11, 13), (11, 14), (13, 19), (14, 15), (17, 20), (9, 21), (11, 13), (12, 13), (11, 14), (12, 13), (15, 18), (16, 17), (16, 18), (17, 19), (21, 22), (22, 23), (23, 24), (16, 28), (17, 22), (18, 20), (20, 21), (19, 22), (25, 27), (26, 27), (26, 28), (28, 29), (29, 30), (22, 31), (24, 26), (25, 27), (26, 27), (26, 30), (29, 30), (31, 32), (30, 34), (31, 32), (32, 34), (32, 35), (34, 36), (14, 37), (19, 20), (21, 22), (23, 28), (27, 28), (25, 29), (20, 28), (25, 26), (27, 28), (22, 30), (23, 24), (24, 25), (25, 26), (26, 27), (27, 30), (28, 29), (29, 30), (30, 31), (5, 32), (8, 10), (8, 11), (7, 12), (12, 15), (13, 15), (14, 15), (6, 16), (10, 14), (11, 14), (12, 14), (13, 15), (14, 17), (15, 18), (17, 19), (18, 20), (19, 21), (21, 22), (19, 23), (20, 22), (20, 25), (24, 25), (22, 27), (23, 24), (25, 26), (25, 27), (27, 28), (27, 31), (29, 31), (30, 31), (31, 32), (26, 33), (27, 30), (28, 29), (28, 30), (31, 32), (21, 38), (22, 23), (23, 26), (25, 26), (25, 27), (28, 29), (4, 31), (6, 8), (9, 14), (13, 14), (10, 15), (11, 16), (13, 15), (14, 15), (14, 16), (15, 17), (24, 25), (26, 27), (30, 31), (22, 32), (24, 26), (30, 31), (26, 32), (28, 32), (29, 32), (30, 32), (31, 32), (12, 33), (13, 14), (17, 19), (19, 20), (6, 21), (7, 8), (11, 12), (8, 13), (10, 12), (11, 12), (11, 13), (14, 16), (15, 17), (17, 19), (21, 22), (22, 23), (23, 24), (24, 25), (19, 26), (16, 23), (18, 20), (19, 20), (20, 23), (21, 27), (22, 23), (22, 24), (25, 26), (9, 28), (13, 14), (10, 16), (11, 12), (25, 27), (26, 27), (31, 32), (28, 36), (28, 31), (30, 31), (31, 34), (32, 34), (26, 35), (27, 28), (31, 32), (29, 36), (25, 31), (26, 28), (29, 30), (29, 31), (30, 32), (26, 33), (28, 29), (31, 34), (34, 35), (34, 36), (36, 37), (35, 38), (34, 35), (30, 34), (28, 30), (27, 28), (25, 27), (24, 25), (26, 27), (14, 29), (18, 19), (8, 22), (19, 20), (20, 21), (21, 22), (10, 23), (5, 21), (7, 9), (8, 9), (10, 11), (15, 16), (16, 17), (17, 18), (18, 19), (14, 21), (20, 22), (21, 22), (22, 24), (23, 25), (24, 25), (25, 26), (26, 27), (20, 28), (21, 23), (22, 23), (24, 27), (24, 26), (25, 26), (28, 29), (34, 36), (35, 36), (22, 37), (24, 25), (25, 26), (26, 27), (26, 28), (32, 33), (32, 34), (31, 35), (32, 36), (36, 37), (28, 38), (25, 30), (26, 29), (27, 28), (26, 30), (20, 33), (23, 24), (21, 29), (22, 27), (24, 26), (25, 26), (22, 27), (24, 26), (25, 28), (28, 29), (27, 30), (28, 31), (29, 30), (26, 33), (30, 33), (31, 32), (30, 34), (28, 32), (29, 35), (30, 32), (31, 32), (31, 33), (34, 36), (34, 38), (36, 37), (35, 38), (30, 39), (19, 30), (18, 19), (17, 18), (15, 17), (16, 17), (23, 24), (17, 28), (21, 22), (24, 28), (27, 28), (27, 29), (21, 30), (26, 28), (27, 28), (16, 31), (21, 22), (12, 25), (13, 14), (14, 15), (15, 16), (20, 24), (21, 22), (22, 25), (29, 30), (31, 32), (32, 33), (33, 34), (31, 35), (32, 33), (13, 34), (14, 15), (16, 17), (20, 23), (22, 23), (14, 25), (15, 20), (19, 20), (19, 21), (20, 26), (21, 22), (23, 27), (23, 28), (24, 25), (24, 29), (27, 28), (29, 30), (30, 31), (30, 32), (31, 33), (33, 34), (34, 35), (12, 36), (14, 15), (17, 18), (18, 19), (17, 21), (18, 19), (20, 22), (23, 24), (25, 26), (31, 32), (33, 34), (33, 37), (28, 35), (30, 33), (30, 32), (29, 34), (31, 32), (33, 34), (30, 35), (31, 32), (32, 33), (33, 35), (33, 38), (35, 36), (16, 39), (19, 20), (19, 21), (19, 22), (21, 24), (23, 24), (21, 25), (24, 25), (19, 31), (20, 21), (25, 26), (23, 27), (25, 26), (26, 27), (26, 28), (19, 29), (20, 21), (28, 31), (24, 31), (25, 26), (25, 29), (29, 30), (1, 32), (7, 8), (12, 14), (3, 16), (5, 7), (5, 7), (9, 10), (5, 14), (9, 10), (6, 14), (9, 12), (10, 11), (11, 12), (13, 14), (15, 16), (9, 16), (5, 9), (4, 5), (3, 4), (0, 3), (1, 2), (2, 3), (3, 4), (4, 5), (8, 9), (13, 14), (14, 15), (8, 16), (9, 10), (11, 14), (12, 13), (13, 15), (14, 15), (8, 17), (9, 18), (14, 15), (14, 16), (18, 19), (19, 20), (16, 24), (17, 18), (0, 19), (10, 11), (12, 13), (12, 14), (14, 15), (14, 17), (5, 18), (6, 7), (6, 8), (8, 9), (9, 10), (10, 11), (11, 12), (13, 14), (17, 19), (18, 19), (17, 20), (20, 21), (24, 25), (16, 26), (20, 22), (22, 23), (23, 24), (24, 25), (25, 26), (28, 29), (11, 31), (14, 16), (12, 16), (14, 15), (14, 16), (15, 17), (14, 18), (16, 17), (18, 19), (19, 20), (20, 22), (21, 22), (27, 29), (28, 30), (18, 33), (23, 26), (24, 25), (24, 26), (26, 27), (27, 28), (28, 29), (29, 30), (30, 32), (31, 32), (31, 34), (32, 33), (26, 35), (30, 31), (33, 36), (30, 37), (31, 32), (31, 34), (20, 38), (13, 24), (17, 18), (15, 21), (19, 20), (22, 23), (27, 28), (27, 32), (36, 37), (17, 39), (18, 21), (19, 20), (20, 21), (21, 22), (22, 23), (22, 24), (23, 25), (25, 27), (26, 27), (27, 28), (23, 29), (25, 28), (26, 31), (28, 29), (32, 33), (31, 34), (4, 35), (5, 7), (6, 7), (5, 10), (6, 7), (5, 10), (9, 10), (4, 11), (6, 7), (10, 11), (17, 19), (17, 19), (17, 20), (19, 20), (19, 21), (22, 23), (20, 26), (18, 22), (17, 18), (18, 21), (19, 20), (19, 21), (20, 21), (21, 22), (19, 23), (18, 24), (19, 20), (21, 22), (20, 25), (21, 26), (25, 26), (21, 29), (24, 30), (25, 26), (27, 28), (25, 29), (26, 30), (27, 28), (28, 32), (31, 35), (32, 34), (33, 35), (29, 36), (22, 39), (23, 24), (9, 28), (11, 12), (10, 19), (12, 13), (18, 19), (8, 20), (9, 10), (12, 15), (14, 15), (17, 19), (16, 23), (19, 22), (20, 21), (18, 22), (20, 21), (18, 23), (19, 21), (19, 24), (21, 25), (12, 26), (14, 15), (15, 16), (19, 20), (21, 25), (24, 26), (26, 27), (22, 28), (23, 25), (26, 27), (22, 29), (20, 22), (18, 20), (17, 18), (15, 17), (16, 18), (17, 18), (12, 28), (14, 16), (20, 21), (22, 24), (25, 26), (26, 28), (27, 28), (28, 29), (25, 30), (27, 28), (26, 31), (27, 28), (28, 30), (25, 32), (28, 29), (31, 34), (33, 34), (32, 36), (32, 34), (20, 32), (17, 20), (16, 17), (14, 16), (4, 17), (7, 8), (8, 9), (9, 10), (10, 11), (11, 12), (0, 15), (6, 8), (7, 8), (8, 9), (9, 10), (10, 11), (11, 12), (12, 15), (0, 17), (2, 6), (4, 6), (3, 7), (6, 7), (2, 8), (3, 4), (5, 7), (6, 9), (11, 13), (14, 17), (22, 24), (23, 26), (12, 26), (8, 12), (7, 8), (5, 7), (4, 5), (3, 4), (1, 3), (8, 10), (4, 11), (7, 9), (10, 11), (5, 13), (9, 10), (14, 15), (15, 16), (3, 24), (0, 7), (2, 4), (10, 11), (18, 19), (17, 20), (18, 20), (19, 20), (18, 24), (8, 19), (10, 11), (11, 12), (12, 13), (16, 18), (17, 18), (22, 25), (23, 24), (23, 25), (22, 27), (25, 26), (20, 31), (22, 23), (26, 27), (26, 31), (30, 32), (35, 37), (20, 39), (21, 22), (25, 26), (25, 27), (24, 28), (26, 27), (29, 30), (23, 33), (24, 25), (27, 28), (27, 29), (28, 29), (31, 33), (28, 35), (19, 35), (20, 21), (28, 29), (20, 30), (25, 27), (28, 35), (30, 31), (32, 33), (32, 36), (33, 34), (35, 37), (36, 37), (28, 38), (25, 33), (26, 27), (27, 29), (26, 29), (19, 30), (24, 26), (25, 26), (22, 27), (30, 31), (31, 32), (26, 36), (27, 30), (29, 31), (30, 34), (33, 34), (17, 39), (8, 21), (4, 8), (11, 12), (12, 13), (13, 17), (14, 15), (14, 17), (10, 18), (12, 14), (13, 14), (16, 17), (16, 18), (15, 19), (17, 18), (15, 19), (17, 18), (18, 19), (12, 20), (14, 17), (16, 17), (18, 20), (19, 20), (10, 21), (15, 17), (20, 21), (20, 23), (18, 24), (13, 19), (10, 13), (11, 12), (13, 14), (16, 19), (18, 19), (19, 20), (16, 21), (17, 19), (16, 20), (22, 25), (23, 26), (24, 25), (26, 27), (27, 28), (16, 30), (27, 30), (28, 33), (29, 30), (29, 32), (30, 31), (29, 33), (30, 32), (27, 34), (28, 29), (22, 28), (18, 22), (16, 18), (14, 16), (21, 22), (33, 35), (32, 36), (33, 35), (34, 36), (35, 36), (22, 37), (20, 22), (19, 20), (22, 23), (24, 25), (23, 26), (22, 27), (23, 29), (26, 27), (26, 28), (27, 28), (27, 29), (28, 30), (26, 31), (27, 28), (27, 29), (22, 32), (23, 24), (24, 25), (30, 31), (31, 32), (23, 33), (27, 28), (22, 30), (26, 27), (27, 30), (31, 34), (24, 36), (29, 30), (30, 31), (28, 32), (29, 30), (29, 33), (32, 33), (31, 36), (32, 33), (30, 38), (33, 34), (12, 35), (11, 12), (22, 23), (17, 24), (21, 24), (7, 25), (20, 22), (16, 24), (20, 22), (23, 24), (18, 25), (19, 20), (20, 22), (21, 23), (22, 23), (22, 24), (19, 26), (23, 24), (26, 27), (29, 30), (29, 31), (27, 32), (28, 30), (29, 30), (31, 32), (33, 34), (34, 35), (29, 37), (32, 33), (31, 34), (32, 34), (33, 34), (36, 37), (20, 38), (22, 26), (23, 24), (23, 28), (12, 29), (15, 16), (16, 17), (17, 18), (18, 19), (19, 20), (20, 21), (21, 22), (22, 23), (21, 24), (22, 23), (25, 26), (24, 27), (25, 26), (26, 27), (25, 34), (28, 29), (29, 30), (27, 31), (28, 30), (31, 32), (28, 33), (30, 32), (29, 34), (22, 35), (25, 26), (31, 32), (32, 33), (33, 34), (33, 36), (35, 36), (35, 37), (36, 37), (23, 39), (25, 27), (26, 27), (27, 28), (28, 29), (15, 33), (15, 19), (22, 23), (18, 29), (20, 21), (21, 24), (22, 23), (23, 24), (17, 29), (20, 23), (0, 26), (2, 4), (2, 6), (2, 4), (6, 7), (2, 8), (3, 4), (1, 7), (2, 3), (9, 12), (11, 12), (14, 16), (15, 17), (16, 18), (17, 27), (18, 19), (23, 24), (25, 26), (28, 29), (30, 31), (30, 32), (32, 33), (8, 34), (10, 11), (10, 12), (10, 12), (10, 17), (16, 17), (16, 19), (21, 25), (24, 25), (26, 29), (27, 28), (8, 35), (19, 21), (9, 26), (12, 14), (17, 19), (18, 19), (18, 20), (21, 22), (24, 26), (29, 30), (22, 31), (24, 26), (28, 29), (30, 32), (28, 33), (31, 32), (11, 36), (13, 14), (15, 16), (16, 17), (20, 23), (22, 23), (26, 28), (12, 29), (13, 15), (14, 15), (15, 16), (16, 18), (20, 21), (20, 22), (21, 22), (32, 33), (20, 37), (23, 27), (25, 28), (4, 29), (6, 7), (7, 8), (8, 9), (9, 12), (15, 16), (17, 18), (20, 21), (10, 26), (15, 17), (19, 20), (18, 22), (19, 20), (20, 21), (17, 23), (18, 19), (19, 20), (20, 21), (21, 22), (21, 23), (22, 25), (24, 26), (27, 28), (4, 30), (7, 9), (11, 13), (20, 21), (21, 22), (16, 30), (18, 19), (17, 22), (20, 22), (21, 22), (21, 24), (18, 22), (19, 20), (21, 22), (23, 24), (17, 26), (18, 19), (20, 23), (21, 22), (20, 23), (18, 26), (22, 25), (22, 31), (20, 32), (15, 21), (14, 15), (17, 19), (18, 21), (26, 27), (21, 28), (10, 28), (11, 12), (13, 14), (14, 15), (16, 18), (16, 18), (17, 20), (19, 20), (16, 22), (20, 21), (20, 22), (23, 25), (24, 25), (25, 26), (26, 27), (24, 33), (28, 29), (30, 34), (33, 34), (7, 35), (7, 16), (11, 14), (12, 14), (13, 14), (13, 15), (13, 16), (15, 17), (16, 17), (24, 25), (26, 31), (27, 28), (19, 30), (21, 23), (22, 24), (21, 25), (20, 31), (23, 24), (25, 26), (22, 28), (23, 25), (26, 28), (33, 34), (23, 36), (28, 29), (30, 31), (28, 32), (31, 32), (15, 35), (17, 19), (19, 20), (20, 21), (22, 23), (25, 26), (28, 29), (29, 30), (32, 36), (36, 39), (37, 39), (30, 40), (29, 30), (21, 32), (22, 23), (16, 27), (18, 19), (29, 30), (31, 32), (23, 34), (15, 25), (19, 24), (23, 24), (20, 26), (21, 22), (26, 27), (29, 31), (19, 30), (18, 19), (20, 21), (20, 22), (21, 22), (23, 30), (25, 26), (24, 29), (29, 31), (26, 35), (30, 31), (31, 32), (36, 37), (21, 38), (26, 27), (11, 31), (9, 17), (10, 12), (12, 14), (13, 14), (16, 17), (21, 23), (22, 23), (25, 26), (15, 33), (22, 24), (23, 24), (28, 29), (32, 33), (30, 34), (28, 30), (29, 33), (30, 33), (31, 32), (31, 33), (32, 34), (33, 35), (34, 36), (34, 37), (20, 39), (21, 22), (27, 29), (26, 31), (27, 28), (27, 29), (29, 30), (1, 32), (8, 10), (10, 14), (11, 13), (14, 15), (2, 16), (8, 11), (10, 11), (13, 15), (14, 17), (6, 18), (8, 14), (11, 12), (12, 13), (17, 19), (18, 19), (1, 20), (2, 4), (4, 8), (6, 8), (7, 8), (3, 9), (8, 10), (9, 11), (12, 13), (14, 15), (10, 16), (13, 16), (15, 16), (10, 17), (15, 18), (16, 17), (18, 19), (10, 21), (11, 12), (11, 13), (12, 13), (14, 15), (20, 22), (18, 22), (20, 21), (14, 23), (17, 22), (19, 20), (14, 24), (17, 18), (15, 20), (16, 17), (16, 18), (19, 20), (20, 21), (20, 23), (22, 23), (21, 25), (23, 26), (24, 25), (24, 27), (27, 28), (16, 33), (17, 19), (18, 19), (17, 23), (28, 29), (31, 34), (32, 35), (28, 36), (33, 36), (20, 37), (19, 29), (21, 23), (22, 23), (21, 24), (25, 27), (26, 29), (27, 29), (28, 29), (26, 30), (29, 31), (30, 31), (30, 32), (10, 33), (11, 14), (12, 14), (13, 14), (14, 18), (17, 18), (21, 23), (22, 23), (16, 24), (21, 22), (19, 25), (20, 21), (24, 27), (28, 30), (26, 31), (27, 28), (29, 30), (32, 33), (24, 34), (25, 26), (11, 28), (14, 15), (18, 20), (23, 25), (24, 25), (26, 27), (24, 29), (33, 35), (32, 36), (24, 37), (26, 27), (32, 33), (35, 36), (36, 38), (15, 39), (17, 21), (18, 19), (20, 21), (19, 23), (22, 24), (19, 25), (20, 23), (22, 25), (23, 25), (24, 26), (31, 34), (33, 34), (30, 35), (32, 34), (33, 34), (17, 37), (19, 20), (20, 21), (21, 22), (24, 25), (31, 32), (33, 35), (36, 38), (37, 38), (21, 39), (12, 24), (11, 12), (16, 18), (17, 18), (18, 21), (19, 21), (20, 21), (19, 22), (21, 23), (22, 23), (23, 24), (23, 26), (25, 26), (21, 32), (22, 24), (23, 24), (22, 28), (24, 29), (27, 30), (25, 33), (18, 34), (19, 20), (26, 30), (27, 28), (28, 29), (27, 30), (31, 32), (32, 33), (33, 34), (32, 35), (33, 35), (34, 39), (36, 37), (36, 39), (37, 39), (8, 40), (9, 10), (9, 11), (11, 12), (11, 14), (13, 16), (14, 15), (14, 16), (6, 17), (8, 9), (12, 13), (13, 14), (17, 18), (18, 19), (19, 20), (20, 21), (20, 22), (22, 23), (23, 24), (22, 27), (25, 27), (27, 28), (28, 30), (25, 30), (27, 28), (27, 30), (28, 30), (29, 30), (0, 32), (6, 8), (7, 8), (12, 17), (13, 14), (16, 17), (16, 19), (13, 19), (8, 13), (2, 13), (4, 8), (5, 6), (6, 7), (7, 8), (5, 9), (8, 10), (10, 12), (11, 13), (10, 17), (14, 15), (15, 16), (11, 17), (13, 15), (16, 19), (17, 19), (18, 19), (9, 20), (12, 14), (13, 14), (15, 16), (12, 19), (16, 19), (19, 21), (20, 21), (20, 22), (21, 23), (23, 24), (24, 25), (24, 26), (25, 27), (26, 29), (27, 29), (28, 29), (24, 34), (25, 27), (25, 27), (28, 31), (2, 32), (1, 2), (5, 8), (5, 7), (6, 8), (2, 10), (3, 5), (7, 8), (6, 9), (7, 8), (4, 10), (9, 11), (8, 12), (9, 10), (11, 13), (10, 14), (13, 17), (16, 17), (18, 20), (19, 21), (22, 23), (22, 24), (23, 25), (6, 27), (8, 9), (9, 10), (12, 13), (15, 21), (18, 19), (18, 20), (15, 22), (16, 19), (17, 20), (17, 24), (18, 26), (22, 23), (19, 24), (22, 24), (22, 24), (24, 25), (33, 34), (25, 36), (18, 26), (16, 18), (24, 26), (30, 31), (32, 33), (34, 36), (34, 36), (32, 38), (33, 34), (34, 35), (35, 36), (29, 39), (27, 31), (26, 27), (20, 26), (22, 24), (23, 24), (25, 26), (27, 30), (34, 35), (3, 39), (6, 7), (7, 8), (11, 12), (13, 15), (12, 16), (13, 14), (1, 17), (5, 6), (8, 10), (9, 12), (11, 12), (10, 13), (11, 12), (13, 14), (7, 16), (8, 13), (10, 11), (12, 13), (19, 21), (22, 23), (22, 24), (11, 26), (12, 13), (13, 14), (14, 15), (15, 16), (14, 18), (16, 17), (17, 18), (20, 21), (22, 23), (15, 24), (17, 18), (17, 23), (21, 22), (21, 23), (23, 24), (24, 25), (25, 26), (14, 29), (15, 17), (22, 23), (27, 28), (23, 30), (33, 34), (15, 35), (20, 22), (21, 22), (23, 27), (22, 30), (25, 26), (29, 30), (21, 30), (20, 21), (19, 20), (16, 19), (17, 19), (18, 19), (25, 30), (27, 28), (27, 30), (29, 30), (28, 31), (29, 32), (31, 32), (28, 33), (29, 30), (33, 34), (19, 36), (21, 22), (27, 29), (28, 29), (35, 37), (37, 39), (32, 39), (33, 34), (34, 35), (37, 38), (19, 39), (28, 29), (31, 34), (33, 34), (34, 35), (26, 37), (27, 28), (34, 35), (37, 38), (4, 40), (10, 11), (15, 17), (5, 19), (10, 11), (16, 17), (20, 21), (23, 25), (23, 25), (16, 26), (16, 21), (21, 22), (7, 28), (9, 10), (5, 14), (6, 9), (7, 9), (8, 9), (12, 14), (12, 15), (13, 14), (13, 16), (16, 18), (17, 18), (13, 19), (15, 17), (21, 23), (22, 23), (18, 25), (16, 20), (17, 19), (18, 19), (18, 20), (19, 20), (19, 21), (21, 22), (22, 23), (23, 24), (24, 26), (26, 27), (24, 28), (26, 29), (20, 31), (21, 22), (16, 24), (20, 21), (20, 22), (20, 24), (21, 22), (24, 25), (24, 28), (25, 26), (26, 27), (2, 29), (3, 4), (1, 5), (2, 4), (3, 4), (3, 6), (4, 7), (5, 6), (7, 8), (0, 9), (4, 5), (12, 13), (6, 14), (8, 9), (13, 14), (11, 14), (10, 11), (7, 10), (6, 7), (9, 10), (13, 14), (12, 14), (13, 14), (16, 17), (25, 27), (29, 30), (30, 31), (31, 33), (32, 33), (29, 35), (30, 35), (32, 33), (30, 36), (31, 32), (33, 34), (35, 36), (20, 39), (24, 25), (25, 26), (21, 27), (24, 25), (29, 31), (31, 32), (28, 37), (30, 31), (8, 32), (12, 15), (13, 16), (8, 20), (9, 10), (11, 18), (16, 18), (17, 18), (18, 19), (12, 20), (14, 15), (13, 15), (14, 19), (20, 21), (21, 22), (8, 23), (9, 11), (11, 12), (16, 18), (17, 18), (15, 19), (18, 20), (23, 24), (24, 25), (24, 26), (26, 28), (26, 29), (28, 30), (29, 30), (29, 31), (13, 33), (17, 18), (17, 19), (16, 20), (18, 20), (30, 31), (32, 33), (32, 34), (35, 37), (36, 37), (24, 38), (25, 26), (25, 27), (26, 28), (27, 29), (29, 30), (15, 31), (15, 17), (18, 20), (19, 20), (20, 21), (21, 26), (22, 23), (19, 29), (26, 27), (28, 29), (36, 37), (24, 40), (20, 27), (23, 25), (21, 25), (23, 24), (22, 25), (10, 29), (11, 12), (16, 17), (20, 21), (27, 29), (28, 29), (25, 30), (26, 28), (29, 32), (27, 34), (28, 31), (29, 32), (28, 33), (29, 34), (30, 31), (31, 35), (34, 35), (33, 36), (37, 38), (28, 40), (30, 32), (32, 33), (34, 37), (35, 36), (35, 37), (38, 39), (29, 41), (15, 34), (12, 16), (14, 16), (15, 16), (17, 18), (2, 19), (2, 10), (4, 6), (5, 8), (7, 9), (7, 10), (9, 11), (7, 12), (11, 13), (18, 19), (20, 21), (18, 25), (18, 22), (20, 22), (32, 33), (22, 35), (9, 28), (15, 17), (16, 17), (12, 19), (19, 21), (22, 23), (24, 25), (29, 30), (30, 35), (32, 34), (33, 34), (31, 35), (32, 33), (33, 34), (34, 35), (15, 36), (2, 19), (11, 12), (15, 17), (16, 17), (16, 18), (14, 17), (15, 17), (16, 17), (20, 21), (20, 23), (12, 24), (20, 21), (23, 24), (32, 36), (24, 37), (26, 27), (18, 29), (20, 21), (23, 24), (25, 26), (27, 29), (34, 35), (16, 37), (18, 19), (19, 20), (20, 23), (21, 22), (29, 30), (23, 31), (24, 25), (27, 28), (33, 34), (34, 35), (36, 37), (33, 39), (29, 35), (31, 34), (32, 34), (25, 35), (28, 30), (29, 30), (31, 32), (34, 36), (36, 38), (37, 38), (24, 40), (25, 26), (28, 34), (29, 33), (31, 33), (32, 33), (15, 37), (18, 26), (19, 26), (20, 21), (21, 22), (22, 23), (23, 24), (24, 25), (24, 26), (21, 34), (27, 28), (30, 32), (32, 33), (36, 38), (23, 41), (26, 28), (25, 29), (26, 27), (25, 28), (27, 28), (30, 33), (31, 32), (32, 33), (33, 36), (34, 35), (29, 37), (32, 34), (33, 34), (34, 35), (16, 38), (18, 20), (19, 20), (21, 22), (21, 23), (22, 24), (23, 25), (23, 26), (25, 28), (26, 28), (27, 28), (25, 31), (29, 30), (27, 31), (28, 31), (29, 30), (30, 32), (33, 36), (34, 37), (35, 40), (26, 40), (25, 26), (27, 28), (27, 29), (30, 31), (32, 33), (33, 34), (34, 35), (36, 37), (37, 38), (38, 39), (18, 41), (19, 21), (20, 21), (21, 26), (23, 25), (24, 25), (24, 26), (24, 27), (28, 30), (29, 30), (25, 31), (30, 31), (29, 32), (14, 29), (13, 14), (12, 13), (8, 12), (5, 8), (0, 5), (2, 4), (4, 5), (1, 11), (6, 13), (8, 13), (9, 10), (10, 11), (10, 12), (17, 18), (24, 25), (19, 29), (21, 22), (20, 23), (6, 27), (7, 9), (11, 12), (12, 13), (13, 14), (18, 19), (18, 20), (19, 21), (17, 25), (18, 19), (21, 23), (23, 24), (24, 25), (20, 27), (23, 26), (23, 27), (25, 27), (26, 27), (26, 29), (27, 28), (27, 29), (25, 30), (22, 32), (23, 25), (24, 25), (23, 27), (23, 28), (25, 26), (26, 29), (28, 29), (28, 30), (23, 31), (28, 29), (26, 30), (27, 32), (30, 32), (8, 33), (21, 22), (23, 24), (33, 34), (25, 36), (26, 27), (26, 28), (27, 29), (28, 29), (31, 32), (32, 33), (28, 34), (32, 34), (33, 34), (35, 39), (36, 38), (37, 39), (38, 39), (3, 40), (4, 7), (6, 7), (9, 13), (10, 13), (16, 21), (17, 19), (18, 19), (17, 21), (20, 22), (20, 23), (23, 24), (21, 25), (22, 26), (25, 28), (27, 28), (30, 31), (29, 33), (30, 31), (30, 34), (29, 32), (26, 29), (24, 26), (22, 24), (17, 22), (14, 17), (10, 14), (7, 10), (2, 7), (6, 7), (7, 8), (8, 9), (9, 10), (12, 14), (13, 14), (9, 15), (12, 13), (11, 17), (12, 13), (15, 17), (16, 17), (15, 18), (17, 19), (19, 20), (20, 21), (21, 22), (22, 23), (23, 24), (23, 25), (25, 26), (25, 27), (3, 28), (4, 5), (4, 13), (12, 13), (15, 16), (16, 17), (14, 18), (15, 16), (18, 19), (19, 20), (20, 21), (21, 22), (22, 23), (23, 24), (21, 25), (27, 28), (27, 29), (25, 31), (29, 30), (25, 31), (28, 29), (33, 34), (7, 39), (8, 9), (10, 12), (11, 12), (16, 18), (17, 18), (19, 21), (20, 22), (21, 22), (23, 25), (24, 25), (25, 26), (11, 27), (6, 11), (4, 6), (2, 4), (1, 2), (3, 4), (5, 9), (7, 8), (7, 9), (15, 16), (14, 16), (15, 16), (9, 17), (10, 11), (11, 12), (12, 13), (13, 14), (13, 15), (14, 16), (15, 16), (11, 17), (12, 13), (13, 15), (14, 15), (16, 17), (15, 18), (9, 19), (11, 14), (13, 14), (12, 15), (10, 16), (12, 13), (17, 20), (18, 21), (20, 22), (23, 25), (20, 25), (18, 20), (17, 18), (20, 24), (22, 24), (23, 24), (23, 25), (22, 26), (25, 26), (26, 27), (26, 28), (28, 29), (25, 30), (27, 29), (12, 31), (15, 17), (16, 17), (15, 18), (15, 18), (16, 17), (20, 23), (21, 24), (22, 23), (23, 24), (24, 25), (25, 26), (26, 27), (26, 28), (28, 29), (27, 30), (22, 32), (27, 29), (24, 33), (32, 34), (34, 35), (22, 38), (15, 28), (17, 18), (25, 27), (26, 28), (28, 29), (34, 37), (35, 36), (36, 37), (37, 38), (38, 39), (19, 40), (23, 24), (25, 28), (15, 30), (16, 17), (16, 28), (17, 18), (19, 20), (19, 21), (24, 27), (26, 27), (25, 29), (26, 27), (26, 28), (23, 30), (24, 25), (27, 28), (7, 31), (8, 11), (9, 11), (11, 12), (11, 13), (13, 14), (13, 15), (15, 16), (16, 17), (16, 18), (17, 19), (18, 20), (20, 21), (21, 22), (22, 23), (21, 32), (13, 23), (14, 15), (17, 18), (21, 22), (31, 32), (19, 34), (20, 21), (20, 22), (12, 23), (15, 16), (15, 17), (16, 17), (18, 19), (23, 28), (24, 29), (25, 29), (27, 28), (28, 29), (24, 30), (28, 30), (27, 31), (30, 32), (31, 34), (35, 36), (22, 38), (28, 31), (27, 30), (28, 29), (29, 32), (30, 31), (30, 33), (31, 32), (32, 33), (30, 34), (32, 33), (33, 34), (33, 35), (34, 35), (35, 36), (6, 40), (12, 13), (13, 14), (13, 16), (15, 16), (13, 17), (16, 18), (18, 21), (21, 23), (8, 26), (12, 13), (11, 15), (16, 17), (2, 18), (13, 16), (19, 20), (24, 25), (25, 26), (14, 27), (15, 16), (16, 17), (20, 21), (23, 25), (17, 25), (18, 19), (19, 20), (22, 24), (23, 24), (18, 25), (20, 28), (22, 23), (23, 24), (22, 26), (25, 26), (25, 28), (17, 30), (23, 24), (29, 30), (7, 31), (10, 14), (11, 12), (12, 14), (14, 15), (15, 16), (16, 17), (17, 18), (20, 21), (6, 22), (6, 8), (8, 9), (9, 10), (10, 11), (11, 13), (12, 13), (14, 15), (13, 16), (14, 15), (23, 25), (28, 31), (26, 32), (24, 30), (28, 30), (28, 31), (29, 30), (30, 32), (28, 33), (33, 34), (30, 36), (33, 34), (34, 39), (33, 40), (34, 35), (33, 42), (34, 36), (35, 36), (10, 37), (4, 10), (9, 10), (12, 13), (13, 14), (14, 15), (15, 17), (16, 18), (17, 19), (2, 21), (4, 5), (9, 10), (12, 13), (13, 14), (13, 15), (16, 18), (16, 24), (18, 20), (19, 20), (19, 24), (18, 22), (19, 20), (25, 26), (21, 28), (26, 27), (18, 28), (25, 26), (23, 27), (26, 27), (26, 28), (25, 29), (28, 29), (27, 30), (29, 30), (29, 31), (29, 33), (31, 33), (31, 34), (24, 35), (25, 26), (27, 29), (28, 30), (32, 33), (34, 35), (38, 39), (33, 40), (37, 40), (38, 39), (38, 40), (27, 42), (25, 27), (26, 27), (19, 28), (21, 25), (24, 25), (24, 26), (25, 27), (26, 28), (26, 29), (28, 31), (29, 30), (35, 37), (37, 40), (33, 39), (37, 38), (22, 41), (25, 26), (27, 30), (28, 29), (28, 30), (29, 31), (31, 32), (24, 33), (29, 31), (28, 32), (30, 31), (31, 32), (18, 35), (20, 21), (23, 24), (22, 25), (23, 24), (24, 25), (25, 26), (26, 27), (27, 28), (28, 30), (29, 31), (30, 31), (31, 32), (32, 33), (32, 34), (33, 34), (30, 36), (31, 32), (31, 33), (30, 34), (22, 37), (23, 24), (27, 32), (33, 34), (33, 39), (34, 35), (35, 38), (36, 39), (38, 39), (31, 40), (30, 31), (29, 30), (28, 29), (33, 34), (37, 39), (38, 39), (37, 40), (29, 41), (30, 31), (30, 32), (30, 33), (33, 35), (34, 35), (32, 37), (33, 34), (33, 37), (33, 38), (36, 38), (35, 39), (37, 38), (34, 41), (35, 36), (38, 39), (39, 41), (40, 41), (32, 42), (33, 34), (36, 37), (23, 39), (25, 27), (6, 28), (14, 15), (16, 17), (16, 18), (18, 19), (18, 20), (15, 26), (13, 19), (14, 15), (17, 18), (22, 24), (23, 24), (23, 26), (25, 26), (22, 27), (23, 24), (9, 30), (16, 17), (19, 20), (18, 24), (19, 20), (26, 27), (4, 29), (9, 10), (10, 11), (11, 12), (5, 13), (10, 12), (11, 12), (10, 14), (12, 14), (10, 15), (13, 14), (14, 15), (4, 17), (9, 11), (16, 17), (8, 18), (9, 13), (10, 12), (11, 12), (10, 14), (13, 14), (16, 18), (17, 18), (8, 19), (9, 10), (12, 15), (13, 14), (15, 16), (16, 17), (17, 18), (16, 19), (17, 18), (12, 26), (13, 17), (14, 15), (16, 17), (14, 19), (20, 22), (21, 22), (21, 25), (14, 25), (18, 22), (15, 22), (17, 18), (16, 19), (16, 23), (19, 23), (18, 25), (19, 21), (20, 21), (23, 25), (16, 26), (17, 18), (23, 24), (20, 27), (24, 25), (24, 27), (26, 27), (14, 28), (16, 17), (25, 26), (23, 27), (24, 29), (28, 30), (27, 29), (22, 27), (21, 22), (23, 24), (27, 29), (28, 29), (15, 31), (16, 17), (16, 20), (16, 20), (19, 20), (30, 31), (24, 32), (27, 28), (29, 33), (29, 32), (30, 32), (27, 34), (28, 30), (28, 32), (21, 35), (30, 34), (31, 33), (30, 36), (33, 35), (34, 35), (18, 37), (23, 24), (23, 28), (25, 26), (25, 28), (26, 27), (27, 28), (28, 31), (30, 31), (33, 34), (33, 35), (31, 38), (36, 37), (32, 38), (22, 33), (21, 22), (20, 21), (22, 23), (31, 32), (24, 33), (25, 29), (26, 30), (29, 31), (21, 33), (22, 23), (23, 25), (25, 26), (26, 27), (28, 29), (31, 33), (33, 34), (32, 40), (34, 35), (35, 36), (36, 37), (37, 40), (25, 39), (23, 25), (21, 23), (18, 21), (17, 18), (16, 17), (14, 16), (13, 14), (12, 13), (0, 15), (1, 7), (2, 5), (4, 5), (3, 6), (5, 7), (8, 13), (9, 12), (10, 12), (10, 13), (12, 13), (9, 14), (10, 15), (10, 14), (12, 15), (13, 14), (8, 16), (11, 12), (14, 17), (17, 18), (18, 19), (15, 20), (16, 18), (1, 19), (2, 6), (4, 6), (5, 6), (9, 10), (3, 11), (7, 10), (12, 14), (13, 14), (8, 15), (11, 12), (9, 13), (11, 12), (10, 15), (11, 12), (10, 16), (12, 13), (12, 17), (13, 16), (32, 33), (35, 38), (36, 38), (37, 38), (38, 39), (38, 41), (12, 42), (16, 18), (15, 19), (16, 17), (17, 20), (21, 22), (21, 23), (22, 24), (23, 25), (18, 26), (19, 20), (22, 24), (23, 24), (22, 25), (24, 25), (26, 29), (28, 29), (30, 31), (22, 32), (18, 24), (22, 23), (27, 28), (30, 33), (32, 36), (33, 35), (33, 35), (33, 36), (34, 35), (27, 38), (13, 31), (13, 15), (18, 19), (14, 20), (17, 18), (19, 20), (15, 20), (18, 20), (19, 20), (26, 27), (25, 28), (26, 27), (28, 29), (29, 30), (29, 31), (25, 32), (28, 29), (31, 33), (33, 34), (34, 35), (36, 37), (36, 38), (27, 39), (29, 30), (31, 32), (33, 34), (7, 35), (8, 9), (11, 13), (10, 17), (11, 12), (10, 15), (12, 16), (24, 25), (23, 25), (24, 25), (33, 34), (35, 37), (27, 40), (24, 27), (23, 24), (22, 23), (23, 25), (1, 28), (2, 4), (2, 5), (0, 8), (1, 3), (2, 3), (7, 8), (9, 11), (10, 12), (11, 13), (12, 13), (17, 19), (15, 24), (16, 17), (18, 24), (23, 24), (21, 28), (23, 26), (25, 26), (24, 28), (26, 28), (23, 31), (25, 26), (27, 28), (24, 30), (26, 27), (25, 30), (26, 27), (27, 28), (27, 31), (6, 33), (7, 9), (8, 10), (20, 21), (22, 24), (28, 29), (21, 30), (23, 24), (20, 34), (23, 24), (21, 26), (23, 24), (24, 27), (25, 27), (26, 27), (28, 32), (33, 34), (22, 35), (25, 26), (24, 27), (29, 31), (29, 36), (30, 31), (29, 32), (28, 34), (29, 30), (29, 31), (30, 36), (33, 35), (28, 37), (29, 31), (31, 32), (2, 33), (11, 12), (12, 13), (10, 14), (11, 13), (12, 13), (14, 15), (15, 16), (16, 20), (17, 18), (17, 20), (17, 21), (20, 21), (14, 22), (20, 21), (21, 22), (4, 23), (7, 10), (8, 10), (6, 12), (7, 8), (8, 9), (9, 13), (11, 13), (12, 13), (20, 21), (23, 24), (23, 25), (25, 26), (26, 27), (27, 28), (27, 29), (27, 30), (30, 32), (31, 33), (34, 35), (35, 36), (23, 38), (11, 28), (12, 14), (13, 14), (13, 15), (14, 15), (16, 17), (19, 23), (22, 23), (20, 24), (25, 26), (24, 29), (24, 26), (16, 30), (16, 18), (19, 20), (24, 25), (22, 26), (23, 25), (25, 31), (29, 31), (30, 31), (30, 33), (32, 33), (33, 34), (24, 35), (25, 26), (28, 30), (7, 31), (9, 12), (12, 14), (12, 14), (17, 18), (20, 23), (22, 23), (21, 23), (22, 23), (23, 25), (24, 26), (25, 27), (26, 27), (25, 30), (27, 30), (28, 29), (28, 30), (29, 30), (29, 31), (30, 33), (31, 32), (31, 33), (32, 33), (32, 34), (18, 35), (7, 21), (5, 7), (9, 10), (11, 12), (15, 19), (16, 19), (17, 20), (18, 20), (19, 20), (18, 21), (19, 22), (21, 23), (23, 24), (24, 25), (25, 26), (25, 27), (26, 28), (27, 29), (24, 31), (27, 28), (30, 31), (27, 32), (27, 33), (32, 34), (16, 39), (10, 19), (16, 17), (16, 18), (21, 22), (21, 24), (22, 23), (12, 24), (6, 16), (12, 13), (14, 17), (21, 22), (7, 25), (8, 9), (9, 10), (10, 11), (10, 12), (12, 13), (13, 14), (14, 15), (14, 16), (15, 17), (16, 18), (18, 19), (12, 20), (15, 16), (8, 17), (11, 12), (10, 13), (11, 13), (12, 13), (19, 21), (21, 23), (21, 23), (18, 24), (20, 21), (19, 22), (19, 23), (21, 23), (20, 25), (18, 26), (13, 21), (7, 14), (9, 10), (8, 12), (9, 12), (11, 14), (12, 13), (11, 14), (18, 19), (20, 21), (22, 24), (23, 24), (25, 27), (13, 28), (15, 16), (15, 17), (16, 18), (17, 18), (19, 21), (25, 26), (27, 28), (13, 29), (11, 16), (12, 13), (16, 17), (18, 19), (6, 20), (17, 18), (18, 19), (19, 21), (20, 21), (17, 22), (21, 23), (23, 24), (29, 30), (28, 31), (29, 30), (29, 31), (23, 32), (25, 26), (26, 28), (28, 29), (30, 33), (31, 33), (32, 33), (19, 34), (20, 22), (22, 27), (28, 30), (26, 30), (27, 29), (28, 30), (30, 31), (31, 32), (32, 33), (26, 35), (30, 32), (31, 32), (31, 33), (30, 35), (31, 32), (29, 36), (0, 37), (1, 2), (2, 3), (3, 4), (4, 5), (5, 6), (5, 7), (6, 8), (14, 15), (10, 16), (16, 17), (15, 18), (16, 18), (17, 18), (18, 19), (20, 22), (28, 29), (24, 32), (19, 29), (26, 28), (26, 30), (27, 28), (27, 29), (28, 29), (8, 32), (10, 11), (11, 12), (12, 15), (13, 14), (12, 15), (15, 16), (15, 17), (16, 19), (10, 20), (16, 17), (19, 20), (18, 21), (19, 20), (19, 22), (20, 25), (23, 25), (21, 26), (24, 25), (25, 26), (23, 28), (24, 25), (24, 28), (26, 27), (27, 28), (25, 29), (29, 30), (32, 33), (1, 36), (2, 3), (13, 15), (14, 15), (7, 16), (11, 12), (13, 14), (24, 27), (27, 28), (15, 32), (14, 17), (15, 16), (25, 29), (26, 27), (27, 29), (28, 29), (30, 32), (22, 38), (25, 26), (23, 28), (25, 26), (27, 28), (37, 39), (37, 40), (37, 41), (39, 42), (11, 43), (13, 14), (15, 19), (17, 18), (18, 20), (11, 21), (14, 16), (15, 16), (15, 17), (2, 21), (3, 4), (15, 18), (17, 18), (19, 20), (2, 25), (10, 11), (10, 12), (17, 18), (19, 20), (20, 21), (21, 23), (22, 23), (21, 24), (4, 23), (7, 22), (10, 11), (8, 12), (9, 11), (10, 11), (9, 13), (10, 14), (13, 14), (12, 14), (13, 14), (8, 15), (10, 11), (12, 14), (9, 16), (10, 12), (11, 12), (13, 14), (14, 15), (13, 16), (15, 16), (10, 17), (16, 18), (16, 19), (18, 20), (19, 21), (20, 22), (20, 25), (21, 22), (21, 23), (15, 24), (17, 18), (21, 22), (21, 23), (24, 25), (27, 28), (26, 29), (28, 29), (16, 32), (17, 19), (18, 19), (21, 25), (24, 25), (23, 25), (24, 25), (20, 27), (24, 26), (25, 26), (23, 33), (24, 26), (25, 26), (26, 27), (25, 28), (25, 27), (24, 29), (25, 26), (29, 31), (30, 31), (23, 32), (24, 25), (29, 30), (30, 32), (33, 34), (31, 35), (32, 33), (30, 34), (31, 32), (33, 36), (5, 37), (6, 7), (6, 9), (7, 9), (10, 11), (11, 12), (14, 16), (15, 17), (2, 18), (3, 6), (4, 6), (5, 6), (6, 7), (14, 15), (24, 25), (21, 27), (23, 26), (24, 25), (24, 26), (25, 26), (6, 29), (8, 9), (10, 21), (16, 17), (15, 18), (11, 22), (12, 14), (15, 18), (16, 17), (17, 18), (17, 19), (18, 19), (11, 23), (13, 16), (13, 16), (16, 17), (20, 22), (13, 23), (19, 21), (20, 24), (23, 24), (23, 25), (25, 27), (22, 27), (18, 22), (16, 18), (17, 18), (17, 23), (20, 23), (21, 22), (17, 23), (19, 20), (19, 24), (23, 25), (20, 26), (21, 22), (22, 23), (23, 24), (20, 25), (22, 24), (25, 26), (26, 27), (26, 28), (21, 29), (23, 24), (24, 27), (26, 28), (27, 29), (15, 30), (16, 17), (18, 23), (19, 20), (20, 21), (24, 28), (27, 28), (23, 31), (27, 28), (27, 29), (19, 32), (21, 22), (0, 24), (2, 3), (1, 5), (4, 5), (3, 6), (4, 7), (5, 6), (5, 7), (7, 8), (8, 9), (12, 13), (11, 17), (18, 19), (23, 26), (27, 28), (26, 29), (22, 29), (23, 24), (25, 27), (28, 29), (29, 30), (14, 33), (5, 17), (7, 9), (12, 13), (13, 15), (14, 15), (15, 16), (16, 17), (12, 18), (14, 15), (15, 22), (10, 17), (11, 16), (11, 16), (14, 16), (14, 17), (16, 17), (18, 19), (19, 20), (8, 21), (12, 13), (6, 20), (9, 14), (16, 17), (15, 20), (18, 19), (15, 21), (16, 22), (18, 19), (20, 21), (22, 23), (22, 25), (24, 25), (31, 34), (7, 35), (8, 10), (7, 11), (10, 11), (19, 20), (18, 22), (19, 20), (19, 24), (19, 22), (21, 22), (5, 25), (7, 9), (10, 12), (10, 16), (11, 12), (11, 14), (15, 16), (14, 17), (15, 18), (16, 19), (18, 21), (19, 21), (20, 25), (20, 23), (21, 23), (1, 27), (3, 7), (5, 6), (5, 9), (3, 14), (16, 18), (17, 18), (19, 21), (8, 22), (10, 14), (14, 15), (15, 16), (18, 20), (19, 20), (4, 22), (6, 7), (8, 9), (12, 13), (13, 15), (14, 15), (19, 21), (20, 21), (21, 22), (20, 23), (0, 24), (7, 10), (8, 10), (13, 15), (13, 15), (22, 23), (22, 24), (23, 24), (22, 25), (17, 29), (20, 21), (25, 26), (26, 27), (18, 30), (23, 24), (2, 29), (3, 4), (11, 12), (12, 13), (17, 18), (14, 19), (15, 16), (17, 19), (18, 19), (23, 24), (21, 27), (23, 24), (23, 26), (24, 26), (20, 27), (21, 22), (21, 28), (22, 23), (26, 27), (28, 29), (16, 31), (18, 20), (14, 21), (16, 17), (16, 28), (19, 20), (21, 24), (22, 24), (22, 25), (23, 26), (26, 27), (25, 28), (26, 27), (26, 29), (28, 30), (25, 31), (26, 28), (23, 32), (25, 28), (26, 28), (27, 28), (1, 33), (3, 6), (5, 6), (8, 10), (7, 12), (8, 9), (13, 16), (15, 16), (13, 18), (14, 16), (16, 18), (17, 19), (10, 19), (9, 10), (4, 9), (1, 4), (4, 5), (3, 8), (4, 6), (5, 6), (6, 8), (3, 9), (7, 8), (14, 19), (18, 19), (5, 21), (8, 9), (2, 22), (6, 7), (8, 11), (7, 16), (8, 13), (9, 10), (9, 11), (11, 12), (12, 13), (13, 14), (21, 22), (21, 23), (22, 23), (8, 26), (15, 16), (18, 23), (20, 21), (22, 23), (5, 27), (3, 7), (5, 6), (5, 7), (3, 8), (6, 7), (3, 9), (12, 13), (11, 14), (13, 14), (3, 15), (16, 17), (12, 18), (15, 16), (2, 18), (11, 13), (12, 13), (13, 14), (19, 20), (21, 23), (4, 25), (7, 14), (12, 13), (11, 15), (12, 13), (10, 18), (13, 14), (12, 15), (11, 12), (13, 14), (12, 15), (13, 14), (14, 19), (17, 18), (19, 20), (22, 23), (12, 24), (13, 16), (15, 17), (18, 19), (18, 20), (18, 26), (22, 23), (21, 27), (23, 26), (24, 25), (25, 26), (27, 29), (28, 29), (0, 30), (1, 3), (2, 3), (3, 4), (3, 5), (5, 6), (6, 7), (7, 8), (8, 9), (13, 14), (7, 15), (9, 10), (12, 14), (13, 14), (9, 15), (12, 15), (13, 15), (14, 15), (16, 17), (20, 21), (24, 25), (18, 27), (8, 28), (9, 10), (9, 12), (10, 13), (12, 14), (8, 20), (12, 17), (13, 14), (15, 17), (16, 17), (15, 20), (16, 19), (14, 20), (15, 16), (18, 19), (13, 21), (16, 19), (17, 22), (18, 20), (19, 20), (22, 23), (23, 24), (23, 25), (24, 26), (26, 27), (25, 28), (26, 27), (24, 29), (20, 30), (26, 27), (29, 34), (18, 35), (21, 22), (22, 23), (13, 36), (14, 15), (17, 18), (20, 21), (32, 37), (32, 38), (34, 39), (36, 40), (33, 41), (40, 42), (9, 43), (10, 13), (10, 14), (12, 14), (13, 14), (11, 15), (14, 16), (15, 18), (16, 18), (16, 19), (16, 20), (12, 44), (13, 15), (15, 16), (16, 17), (17, 18), (18, 19), (16, 21), (12, 22), (16, 17), (18, 19), (22, 23), (24, 25), (14, 26), (15, 16), (16, 18), (17, 18), (22, 23), (25, 28), (3, 29), (7, 8), (16, 20), (17, 19), (18, 19), (18, 20), (7, 30), (9, 10), (9, 12), (11, 12), (9, 13), (10, 14), (11, 12), (14, 15), (16, 17), (17, 19), (18, 19), (1, 23), (11, 15), (12, 13), (13, 16), (15, 17), (15, 18), (2, 19), (5, 7), (6, 7), (12, 13), (11, 15), (14, 15), (13, 16), (14, 15), (3, 23), (14, 16), (16, 18), (15, 24), (14, 17), (15, 16), (15, 17), (17, 19), (17, 20), (7, 21), (10, 17), (21, 22), (18, 23), (19, 24), (12, 25), (16, 17), (13, 18), (14, 17), (15, 17), (15, 18), (17, 19), (15, 20), (17, 18), (18, 19), (25, 26), (20, 27), (18, 30), (24, 25), (25, 31), (4, 32), (11, 12), (11, 13), (13, 14), (1, 17), (2, 4), (3, 4), (3, 5), (2, 13), (9, 10), (5, 13), (13, 15), (0, 19), (1, 5), (2, 3), (3, 5), (4, 6), (5, 6), (4, 7), (9, 10), (9, 11), (11, 12), (15, 16), (18, 19), (18, 20), (11, 21), (12, 18), (16, 17), (13, 19), (1, 22), (3, 6), (5, 7), (9, 11), (10, 11), (20, 21), (13, 24), (14, 15), (16, 21), (18, 19), (18, 21), (20, 21), (19, 22), (19, 23), (23, 24), (16, 25), (17, 18), (8, 20), (20, 21), (21, 22), (22, 23), (19, 26), (12, 27), (21, 24), (23, 24), (22, 25), (26, 28), (27, 29), (2, 30), (3, 4), (5, 6), (15, 19), (17, 18), (18, 19), (9, 20), (12, 14), (13, 14), (15, 16), (17, 19), (16, 21), (21, 24), (11, 25), (21, 22), (22, 24), (23, 24), (23, 25), (24, 26), (12, 31), (14, 15), (5, 16), (6, 10), (7, 11), (9, 12), (11, 12), (8, 13), (9, 14), (11, 12), (11, 15), (12, 16), (13, 14), (11, 17), (10, 18), (14, 15), (8, 19), (4, 11), (8, 9), (9, 10), (10, 11), (5, 12), (6, 13), (10, 11), (7, 12), (16, 18), (15, 18), (19, 20), (19, 21), (19, 22), (1, 23), (2, 3), (0, 5), (5, 8), (6, 9), (11, 13), (14, 16), (15, 16), (12, 17), (13, 14), (7, 18), (8, 11), (9, 12), (10, 13), (12, 14), (1, 16), (2, 17), (3, 6), (4, 7), (5, 8), (6, 9), (7, 10), (8, 11), (9, 12), (10, 14)]
