results/potlll/svpchallengedim40seed3dim15delta1.txt: 121.572 sec
b: [[-15075370, 39494632, -42848311, -21577934, 21923454, -52621433, 33262503, 15961748, 13213094, 1279908, 51197930, -4974163, -2653714, 34221964, 17844989],
 [45597591, -26848412, -5986357, 22449242, 31136657, -13008410, 42071323, 49760586, 41169463, -859705, -44939928, 11750894, -60032548, 13881070, 13886380],
 [-57944834, 68694695, 26828036, 3067045, 34628807, 15003324, 4539936, -26534948, -54441563, 60583681, 10617610, 16300539, -5825042, -7619955, 13567393],
 [-73121243, 44140287, 25318648, 27614679, 42034388, -31205797, -17677208, -25080627, 2473037, 25679018, 8119247, -47466534, 7814679, -41283159, -48083400],
 [18908366, 14302684, 67151672, -8019451, 31801682, -58528672, 37514094, 17260866, 73903569, 23618953, -10266890, -17229258, 8084260, 41153647, -13772415],
 [-19272160, 39061159, 3602393, 7514077, -1286531, -8397987, 45577301, 67336994, -88869734, -10698334, 10855454, 6155933, -8930384, -23469673, 49980370],
 [68231088, 46388710, 33756395, 54352671, -6174901, 49374522, 40820607, -29552331, 45107272, 43291665, -21003830, 34714081, -8210787, 14108277, 46050766],
 [37787488, 2269850, 90121052, -8142914, 87469, -50096406, -2105491, 48331758, 5833472, 4411486, -5243228, 44593068, -42940436, -34229425, -47466327],
 [-15809096, -53477672, -15567828, -33897464, -35567859, 82073483, -1739596, 2556306, 24745824, -20308546, -16571528, -26501290, -59031897, 34413858, 35420639],
 [-63452358, 24355872, -22657182, 32342892, 50971863, 57518437, -25216717, 7446654, -48610271, 25868663, 4293548, 574301, 51700342, 33928198, -43515938],
 [35919935, 26110187, -34469670, 79617010, 25414601, 19556234, -9112607, -18837512, -50134803, 15558579, -41786994, 18017893, -27704198, 75886207, 26442284],
 [39435733, 21802648, -17255524, -5621239, 12602791, 23693702, 54993441, 53023155, 9322022, -93029183, 140341, 61755402, -15212399, -30971216, -14355438],
 [-46672979, -40607017, -42639627, 19467006, 7387428, -2588736, 56648054, 5129678, -24536063, 7119586, 3681869, 48273528, -44936669, 59829279, -33310420],
 [32888278, -7442284, 26721702, -4793384, 52188786, -17080555, -13096439, -20801089, 27880700, -51403740, 84185437, -4081476, 69376465, -46694541, -8196098],
 [43554228, 28232026, -81242016, -9356869, -17385510, 43246147, 37625368, -42736733, -37392981, 53292932, 20806324, 671498, 36146333, 17459865, -44554823]], shape=[15, 15], strides=[15, 1], layout=Cc (0x5), const ndim=2
v_norms: [13018325281815501, 23917310022574892190242547015374/1446480586868389, 357591397269248748313573282748881885371293161763/23917310022574892190242547015374, 4760800027655160368599530067492976405101172988708329615133134916/357591397269248748313573282748881885371293161763, 44969278371129161919859667677831532332429422762061455518048950884221623861640330/3570600020741370276449647550619732303825879741531247211349851187, 1631565440165975829577415561862130434436323481697180475068655945894267526300814944706906191177679/134907835113387485759579003033494596997288268286184366554146852652664871584920990, 75249251614143043936613981053627215031663458010456055151009285506612282144934007127079993529226471929518733418467/6526261760663903318309662247448521737745293926788721900274623783577070105203259778827624764710716, 859090092372877546133284609317526060485924204866832358307664279918670856961765121428158137305905068448418319481377646726803456736/75249251614143043936613981053627215031663458010456055151009285506612282144934007127079993529226471929518733418467, 2026485884027645373049806176573850909774742107443688023957257658924802170895084788818059195776356180829550498549089138618818907094352027744961565/214772523093219386533321152329381515121481051216708089576916069979667714240441280357039534326476267112104579870344411681700864184, 12313210953831585176794002206169515728113398952727932389030607210188125289941433189733307969643915209178076053322977258509760348772719756022365058317904727343961/1350990589351763582033204117715900606516494738295792015971505105949868113930056525878706130517570787219700332366059425745879271396234685163307710, 217130655268808511853798854613715847134971715113647772135807047773846552926150183541969472014594275049997220862817373431255991113137126957614991338576848434265251444759088961265/24626421907663170353588004412339031456226797905455864778061214420376250579882866379466615939287830418356152106645954517019520697545439512044730116635809454687922, 5095044288389415211806969521039689462456240008614437373401001531937752418298088216378830989122137790172174219165388901340416472000092024456270874099382610492282521052094808049501394530249384981/651391965806425535561396563841147541404915145340943316407421143321539658778450550625908416043782825149991662588452120293767973339411380872844974015730545302795754334277266883795, 46980987703558859267964414853213409772730557359113645847595726937116860298296848287369111609744951874812608589562134783997743518999871283849142514911057255158640718417574473039104334070267659715472656926226319/5095044288389415211806969521039689462456240008614437373401001531937752418298088216378830989122137790172174219165388901340416472000092024456270874099382610492282521052094808049501394530249384981, 397497532417661697813835061484459527486199638283374455600240375847876169718244450426941676981472006794004653162174271752497741152637656350832365190019055186893238693056686658501107008778315562546058533542700576684261713223260/46980987703558859267964414853213409772730557359113645847595726937116860298296848287369111609744951874812608589562134783997743518999871283849142514911057255158640718417574473039104334070267659715472656926226319, 3555822303820348596126553004628936474041015535377025692352552146379066324338315123754919151117534890525948044022890187454352924360155754362269122969205393295793750186796242258607490889162196269041214588937709727697784976369467234839970239849/397497532417661697813835061484459527486199638283374455600240375847876169718244450426941676981472006794004653162174271752497741152637656350832365190019055186893238693056686658501107008778315562546058533542700576684261713223260], shape=[15], strides=[1], layout=CFcf (0xf), const ndim=1
Mu { arr: [216959493924914/4339441760605167, 1885563430017298/13018325281815501, -30660541440265393160050767833045/71751930067724676570727641046122, 1165980775205105/13018325281815501, -15055636752168579766135830855683/35875965033862338285363820523061, 163165832620138699299467770547501506550222318566/357591397269248748313573282748881885371293161763, 1527948959799187/4339441760605167, 5085534594352777724222159894199/11958655011287446095121273507687, 29427736908025261392857457286834722940273942912/1072774191807746244940719848246645656113879485289, 509384706536643184146145404652190875998694752465232537205313631/1190200006913790092149882516873244101275293247177082403783283729, 1323641712738322/4339441760605167, 40884065065598313182901979061/3416758574653556027177506716482, 501784220291538000745262656784992548422618943029/1072774191807746244940719848246645656113879485289, -134715263764958381676433125952608620677951367150334676302738817/396733335637930030716627505624414700425097749059027467927761243, -17157239600588970323596881916999884820081078335748655266480321229059615997049293/44969278371129161919859667677831532332429422762061455518048950884221623861640330, -2933403983505941/13018325281815501, 15063597652130481694100012135951/35875965033862338285363820523061, 449766696468507214597282149754820324771315556404/1072774191807746244940719848246645656113879485289, -656362203379334660169941813341679258036098250733708696806821493/1586933342551720122866510022497658801700390996236109871711044972, 20846673359518514373431147499705229200793264389429566997423755608278119374984309/44969278371129161919859667677831532332429422762061455518048950884221623861640330, -501042842807395528249503390438909897748824386802331096515063407697730014147289834270482937767727/1631565440165975829577415561862130434436323481697180475068655945894267526300814944706906191177679, -3138367036063388/13018325281815501, 14118536441641083371743335336290/35875965033862338285363820523061, 146480875092820631187758592907964089547223152782/1072774191807746244940719848246645656113879485289, 1142382907969588004153086058310177815171128870796711322006928415/4760800027655160368599530067492976405101172988708329615133134916, 22093105825091371891766208472448528316033781349900878472942232030693426431025989/44969278371129161919859667677831532332429422762061455518048950884221623861640330, 679867418029248776133236241384269858526272997220368928951539151834893193282536933224801024391383/1631565440165975829577415561862130434436323481697180475068655945894267526300814944706906191177679, -20908941949793425151243784843612688884239766155405582628900127960996465713249540175838783051764293099463785420179/75249251614143043936613981053627215031663458010456055151009285506612282144934007127079993529226471929518733418467, -4040101311825866/13018325281815501, 17839435279998012867331797798175/71751930067724676570727641046122, -260938863561724885552781380720544966487098904191/1072774191807746244940719848246645656113879485289, -345672953915088409429139130777709288032171531600546574198847469/793466671275860061433255011248829400850195498118054935855522486, -5551968259946064365996338202457961471973175430566505649308745623482338596642592/22484639185564580959929833838915766166214711381030727759024475442110811930820165, -506245080451480595066839990961752955064472768041781252893183953816535431924210481262901181320258/1631565440165975829577415561862130434436323481697180475068655945894267526300814944706906191177679, -17992183647971307202787269330119666022155658576931881246624798972529746232330867271149165252285331814602357026314/75249251614143043936613981053627215031663458010456055151009285506612282144934007127079993529226471929518733418467, -209785622675010212308155234083121902061274825640134714313737434591333479082342724890039901900524772018709638163185476669018570181/429545046186438773066642304658763030242962102433416179153832139959335428480882560714079068652952534224209159740688823363401728368, -582577881639731/13018325281815501, -17259177353804760043970804673577/35875965033862338285363820523061, 499463831864353566460345615528520905306081666550/1072774191807746244940719848246645656113879485289, 652999229457271944324603132008326181912992838631692934636604541/4760800027655160368599530067492976405101172988708329615133134916, -5716022540969056363204923142039696198324537354089286466499282292778375303709823/22484639185564580959929833838915766166214711381030727759024475442110811930820165, -240806234758448121544531958150428993432962180730793152309163999393038284222186832244271852332412/1631565440165975829577415561862130434436323481697180475068655945894267526300814944706906191177679, -182546375814776579045031075616556324411006631081687587668635621208018658723964643118988111705560076564807616241/1030811665947164985433068233611331712762513123430904865082318979542634001985397357905205390811321533281078539979, -394543089992297189776739363789938141547540988777850152352010505540288255010887266182298993067480437495519961174232492178705772601/859090092372877546133284609317526060485924204866832358307664279918670856961765121428158137305905068448418319481377646726803456736, -489735289499417700402120638958745511363819845250878749973939012356733105813986773833445707882475709752559760557267642376078407943634976766028917/1350990589351763582033204117715900606516494738295792015971505105949868113930056525878706130517570787219700332366059425745879271396234685163307710, -556184004836434/13018325281815501, 22870952042972626687706424533069/71751930067724676570727641046122, 154512546259992579557088037930640481626681595353/357591397269248748313573282748881885371293161763, -472240467336534486207775161211552481181432921211739438000416406/1190200006913790092149882516873244101275293247177082403783283729, -6337905327956717783986517917354226354247797222108935858075174161809408260488267/22484639185564580959929833838915766166214711381030727759024475442110811930820165, -459774336994316705963901052065744154438666772767226016477175485002176668318324068382188214030058/1631565440165975829577415561862130434436323481697180475068655945894267526300814944706906191177679, 23610639081118456039602399381550072825922143814699781177264452313787839344092168088942490118663130670943708783760/75249251614143043936613981053627215031663458010456055151009285506612282144934007127079993529226471929518733418467, -140131484146142488253264061403746119762243862305286744690989613105555142165077693501599713666509181811962933411014799703676618289/429545046186438773066642304658763030242962102433416179153832139959335428480882560714079068652952534224209159740688823363401728368, -202596777915556137170801818537969130593428953009092606084424856938443971934963165114353946880162711545695064763602597116769240672528816227455843/405297176805529074609961235314770181954948421488737604791451531784960434179016957763611839155271236165910099709817827723763781418870405548992313, 3954444525154842991157723126842536622963766144812392190313166762317687858768397130021138620789892911294341624007241774552338994092867403462294973806960246798685/12313210953831585176794002206169515728113398952727932389030607210188125289941433189733307969643915209178076053322977258509760348772719756022365058317904727343961, 1260714541540415/13018325281815501, 16555615758426614704634862281650/35875965033862338285363820523061, -255478982765368473352139789672285729372024168234/1072774191807746244940719848246645656113879485289, -671758966725661130431924264217852064285464801638232769589325911/2380400013827580184299765033746488202550586494354164807566567458, -13641804634802743765005623571124337597044475153325918792555527728260037055203183/44969278371129161919859667677831532332429422762061455518048950884221623861640330, 674375234530013539642627669256231412227917911925769450438614026932495209226993527291385833903569/1631565440165975829577415561862130434436323481697180475068655945894267526300814944706906191177679, 16121281833110068091028103935726493952557473886531509187399217058033261878725849228140047354190894917433435661186/75249251614143043936613981053627215031663458010456055151009285506612282144934007127079993529226471929518733418467, 197624848821701180303977003777457633243638246064721934816096378312196886559701663343969611530792885341414425692717270561777648861/429545046186438773066642304658763030242962102433416179153832139959335428480882560714079068652952534224209159740688823363401728368, -50336528841599487163765247592839354775651922561355549264701150538970159608616631090834760718102553828639548248031010391042898402807174714849749/2026485884027645373049806176573850909774742107443688023957257658924802170895084788818059195776356180829550498549089138618818907094352027744961565, 4926416489168292146562533830969344247531079850039715910873025662951721787697960793205914618610495973887238834951496418120098001319895205156169763143480591208128/12313210953831585176794002206169515728113398952727932389030607210188125289941433189733307969643915209178076053322977258509760348772719756022365058317904727343961, -99692548218449964068791584582956363529514323062734252613796390107792247781590645488929963797464989165845993935897154620498572230628270264891832646234515037115000999020327653764/217130655268808511853798854613715847134971715113647772135807047773846552926150183541969472014594275049997220862817373431255991113137126957614991338576848434265251444759088961265, 3976746295940699/13018325281815501, 2981103942527238562318050698957/10250275723960668081532520149446, 186174231093560530341593724513447015761325780163/1072774191807746244940719848246645656113879485289, -302898075694898897822345943501670006391761911976090948741571937/1586933342551720122866510022497658801700390996236109871711044972, -2177295832484035689329621987435502829995558973897728589632093038949031420601767/6424182624447023131408523953975933190347060394580207931149850126317374837377190, -398839294838112493431337495240916043619559733587104098013720410625841874841204506456793576054253/1631565440165975829577415561862130434436323481697180475068655945894267526300814944706906191177679, -33768306577705300309807024364746375533907166880364098142514589103350801134886419125847672523777550866894581314909/75249251614143043936613981053627215031663458010456055151009285506612282144934007127079993529226471929518733418467, -457939712678819186027336515849781034917262670018596537270067269403751906915439273942585797468378340808212144789336435483209655/5804662786303226663062733846740040949229217600451569988565299188639667952444358928568636062877736948975799455955254369775699032, -63000568675767788238738720373401126056861680044339967669303695135324640625682398116288665280688894884500639100743562970300443167489335007933506/2026485884027645373049806176573850909774742107443688023957257658924802170895084788818059195776356180829550498549089138618818907094352027744961565, 1646559643429802185845339131210961392751568813220171311664694402140581199032480734380150708331968866075784718625945287341663473021750903058473903813669649261609/4104403651277195058931334068723171909371132984242644129676869070062708429980477729911102656547971736392692017774325752836586782924239918674121686105968242447987, 30746732126557182811009048081237210932135567960078482660775297629713444710163803561648829556843284828048494352735723580535762182157641946296607014563270693548189091651957297143/217130655268808511853798854613715847134971715113647772135807047773846552926150183541969472014594275049997220862817373431255991113137126957614991338576848434265251444759088961265, 370295939992624565633622015116511322952204019207182395102622336567512331598882602467801444890073219289077725465561632127962809839908318931658727062798108668874187442409819223273901600625019173/5095044288389415211806969521039689462456240008614437373401001531937752418298088216378830989122137790172174219165388901340416472000092024456270874099382610492282521052094808049501394530249384981, 716238253016726/4339441760605167, -8650677427176939980186988646669/23917310022574892190242547015374, -155518628651409051018390295707814965626557722933/357591397269248748313573282748881885371293161763, 1446711020625657627074691134100094641161298326700857349904156757/4760800027655160368599530067492976405101172988708329615133134916, 11409292847806639940072126649748716620926275868562748170716176464172199120534629/44969278371129161919859667677831532332429422762061455518048950884221623861640330, 174373660102532206956893931947459004173454022698414794491174247675988349243403088663662586602773/1631565440165975829577415561862130434436323481697180475068655945894267526300814944706906191177679, 21416977749569633482091198094097496635722292851308497097371495773317168091811012201349050025334254288740291477947/75249251614143043936613981053627215031663458010456055151009285506612282144934007127079993529226471929518733418467, 260990269219009849996563153442925238113799912681523319781958173085718222826472970078236084116767575993683857082828802639341887229/859090092372877546133284609317526060485924204866832358307664279918670856961765121428158137305905068448418319481377646726803456736, -1377305281074090460781106057713401039793810731903480202843790131845408189715395596543292656247719478467918038655477557261895341200197129863839397/4052971768055290746099612353147701819549484214887376047914515317849604341790169577636118391552712361659100997098178277237637814188704055489923130, 84667207044854305563491884361866841080106489849729384185885839854812581669835625432294012950453287299720863518640312576298234528344499700521982278404756563823/1368134550425731686310444689574390636457044328080881376558956356687569476660159243303700885515990578797564005924775250945528927641413306224707228701989414149329, -105588983558403146279381616151935656221790015812486280728536145579056475753333162929594206823772551613494554763987378101885182701781729883243493009446659206896126866558892073144/217130655268808511853798854613715847134971715113647772135807047773846552926150183541969472014594275049997220862817373431255991113137126957614991338576848434265251444759088961265, 1594557320357743966500712611325065796869414782943902591490274367592377084437212155239734802652971031298708573116854541426852806613336141506946164203525401254788502372971000826303001031709153766/5095044288389415211806969521039689462456240008614437373401001531937752418298088216378830989122137790172174219165388901340416472000092024456270874099382610492282521052094808049501394530249384981, -16444750828009227993930229119207008393327818962088866043435696216011302401153251582712193583982383269107129200938302932845040884229064229559284325962470659320045845807466975535291282969258232920661237989065467/46980987703558859267964414853213409772730557359113645847595726937116860298296848287369111609744951874812608589562134783997743518999871283849142514911057255158640718417574473039104334070267659715472656926226319, 266275657142518/1446480586868389, -7697881170387577431361173746185/23917310022574892190242547015374, 34872901351680631486187980465475870203701496351/1072774191807746244940719848246645656113879485289, -979816469187793467415876122381066513501071868973166242950331523/2380400013827580184299765033746488202550586494354164807566567458, -10417452909078661588320590619213315526251445203072783014343608725788675178025737/44969278371129161919859667677831532332429422762061455518048950884221623861640330, -735031875572317463319985731265247543878370617017293646383247806210458373636274196314662262848989/1631565440165975829577415561862130434436323481697180475068655945894267526300814944706906191177679, 27148364123906470413695356151324247064681698148122115534811920336442646940246517956912566343830926899365878166314/75249251614143043936613981053627215031663458010456055151009285506612282144934007127079993529226471929518733418467, -87676577409301805211465161141290999177613119842004000348029324095758209071269396370300650260965677586412226708947995196305678001/859090092372877546133284609317526060485924204866832358307664279918670856961765121428158137305905068448418319481377646726803456736, -1843759558528250558530726311406451114387659131761421060912916761439999762909274090377153408042218831021995041038380950746097960077031682656964743/4052971768055290746099612353147701819549484214887376047914515317849604341790169577636118391552712361659100997098178277237637814188704055489923130, 1195405545860193428383076105252425470519830150234602808740665594576519871178359339697094455305250630996662077446959834134367507162313507294284610027910733450711/4104403651277195058931334068723171909371132984242644129676869070062708429980477729911102656547971736392692017774325752836586782924239918674121686105968242447987, -6953641130329409001960684522795329496497686265162508641868538780360339665931971374088146621420128241208153816704711118813379980114787465229926053950081235067786255361890627170/43426131053761702370759770922743169426994343022729554427161409554769310585230036708393894402918855009999444172563474686251198222627425391522998267715369686853050288951817792253, -865602245101971999656163320356441234133189519451991277268248440300224433080354479741628518742681302137312235637123234988037759280686135475307824318572379901980535446200003914866896324310490340/5095044288389415211806969521039689462456240008614437373401001531937752418298088216378830989122137790172174219165388901340416472000092024456270874099382610492282521052094808049501394530249384981, 11833548405904222532993834670501803569946069691262340914630212661494975629178873221888219214548234783403848981543112287352056580279804784742687225155271578068406385114491103839725356839967111590157193606313708/46980987703558859267964414853213409772730557359113645847595726937116860298296848287369111609744951874812608589562134783997743518999871283849142514911057255158640718417574473039104334070267659715472656926226319, -148503741927376843482464822976913797842164251084729006071980097938516468146375880389000259722166315126207982021293829328242992988707563775934178041450631009413965150707485457803673790513528716337266036366789142422977207158663/397497532417661697813835061484459527486199638283374455600240375847876169718244450426941676981472006794004653162174271752497741152637656350832365190019055186893238693056686658501107008778315562546058533542700576684261713223260] }
(hist.len, cnt): (1650, 6481)
[(0, 1), (0, 1), (0, 1), (0, 1), (0, 1), (0, 1), (0, 1), (0, 1), (0, 1), (0, 1), (0, 1), (0, 1), (0, 1), (0, 1), (0, 1), (0, 1), (0, 1), (0, 1), (0, 1), (0, 1), (0, 1), (0, 1), (0, 1), (0, 1), (0, 1), (0, 1), (0, 1), (0, 1), (0, 1), (0, 1), (0, 1), (0, 1), (0, 1), (0, 1), (0, 1), (0, 1), (0, 1), (0, 1), (0, 1), (0, 1), (0, 1), (0, 1), (0, 1), (0, 1), (0, 1), (0, 1), (0, 1), (0, 1), (0, 1), (0, 1), (0, 1), (0, 1), (0, 1), (0, 1), (0, 1), (0, 1), (0, 1), (0, 1), (0, 1), (0, 1), (0, 1), (0, 1), (0, 1), (0, 1), (0, 1), (0, 1), (0, 1), (0, 1), (0, 1), (0, 1), (0, 1), (0, 1), (0, 1), (0, 1), (0, 1), (0, 1), (0, 1), (0, 2), (0, 2), (0, 1), (0, 2), (0, 2), (0, 1), (1, 2), (0, 2), (0, 2), (0, 2), (0, 2), (0, 1), (0, 2), (1, 2), (0, 2), (0, 2), (0, 2), (0, 2), (0, 2), (1, 2), (0, 2), (0, 1), (0, 2), (0, 2), (0, 2), (0, 2), (0, 2), (0, 2), (0, 2), (0, 2), (0, 2), (0, 2), (0, 1), (0, 2), (0, 2), (1, 2), (0, 2), (0, 2), (0, 2), (0, 2), (0, 2), (0, 2), (0, 2), (0, 2), (0, 2), (0, 2), (0, 1), (0, 1), (0, 2), (0, 2), (0, 2), (0, 2), (0, 2), (0, 2), (0, 2), (0, 2), (1, 2), (0, 2), (0, 2), (0, 2), (2, 3), (0, 3), (0, 3), (1, 2), (0, 3), (0, 2), (0, 3), (0, 3), (0, 3), (1, 2), (0, 3), (0, 3), (0, 3), (0, 3), (0, 3), (1, 2), (1, 3), (0, 2), (0, 3), (0, 3), (0, 3), (0, 2), (1, 3), (0, 3), (0, 3), (0, 3), (0, 3), (0, 3), (0, 2), (0, 2), (1, 2), (0, 3), (1, 3), (0, 3), (0, 3), (0, 3), (0, 3), (0, 3), (1, 3), (0, 3), (0, 3), (1, 3), (0, 3), (0, 3), (0, 2), (0, 2), (1, 2), (0, 3), (1, 2), (0, 3), (0, 2), (0, 3), (0, 3), (1, 2), (0, 3), (0, 2), (0, 3), (0, 3), (1, 2), (0, 3), (0, 3), (1, 3), (1, 3), (0, 3), (1, 3), (0, 3), (0, 4), (0, 4), (2, 3), (0, 4), (0, 3), (2, 3), (1, 4), (1, 4), (2, 3), (0, 4), (1, 4), (0, 4), (0, 4), (0, 2), (0, 3), (0, 3), (0, 4), (1, 2), (2, 3), (0, 4), (2, 3), (0, 4), (2, 3), (0, 4), (2, 3), (1, 3), (2, 3), (0, 4), (2, 3), (1, 4), (0, 4), (1, 2), (1, 3), (0, 4), (1, 2), (0, 4), (1, 2), (0, 4), (1, 2), (0, 4), (2, 3), (0, 4), (0, 4), (0, 4), (0, 4), (1, 2), (0, 4), (1, 2), (1, 3), (2, 3), (0, 4), (0, 2), (0, 4), (0, 4), (1, 2), (0, 4), (1, 3), (0, 4), (1, 3), (0, 4), (2, 3), (0, 4), (2, 3), (1, 4), (0, 3), (0, 4), (2, 3), (0, 4), (1, 5), (0, 5), (2, 3), (0, 5), (1, 2), (1, 3), (2, 5), (1, 5), (2, 4), (3, 4), (1, 5), (1, 3), (3, 4), (0, 5), (0, 4), (1, 2), (1, 3), (0, 5), (0, 5), (2, 3), (0, 4), (3, 4), (0, 5), (1, 3), (0, 5), (0, 2), (1, 3), (0, 5), (2, 3), (1, 5), (3, 4), (0, 5), (1, 2), (0, 5), (0, 5), (0, 5), (3, 4), (0, 5), (2, 4), (2, 4), (0, 5), (0, 4), (1, 2), (2, 3), (0, 5), (1, 4), (0, 5), (1, 2), (1, 4), (3, 4), (0, 5), (1, 2), (0, 4), (2, 3), (0, 5), (0, 5), (0, 5), (2, 3), (0, 4), (1, 2), (0, 5), (0, 5), (3, 4), (2, 5), (0, 5), (1, 2), (1, 3), (2, 3), (1, 4), (0, 4), (0, 5), (1, 5), (3, 4), (0, 6), (0, 3), (0, 4), (0, 6), (1, 2), (3, 4), (0, 6), (2, 4), (2, 5), (0, 6), (2, 4), (3, 4), (0, 6), (1, 6), (2, 3), (2, 6), (4, 5), (1, 6), (3, 4), (0, 6), (1, 5), (1, 6), (3, 4), (2, 6), (3, 4), (1, 6), (1, 4), (3, 5), (2, 4), (3, 4), (1, 6), (0, 4), (0, 5), (0, 6), (3, 4), (0, 5), (0, 2), (1, 2), (0, 3), (1, 2), (2, 3), (4, 5), (0, 6), (3, 4), (0, 5), (0, 6), (2, 3), (0, 4), (3, 4), (2, 5), (4, 5), (0, 6), (1, 2), (3, 5), (4, 5), (1, 6), (2, 4), (3, 5), (0, 6), (2, 4), (3, 4), (3, 5), (1, 6), (4, 5), (0, 6), (1, 5), (0, 3), (4, 5), (2, 6), (2, 5), (4, 5), (0, 6), (0, 5), (2, 3), (0, 6), (1, 2), (1, 4), (2, 5), (4, 5), (2, 6), (2, 6), (1, 7), (2, 4), (4, 5), (5, 6), (2, 7), (1, 4), (1, 5), (2, 3), (3, 4), (1, 6), (3, 4), (1, 5), (3, 4), (1, 7), (2, 4), (5, 6), (2, 7), (4, 6), (2, 7), (0, 4), (0, 5), (1, 6), (2, 3), (2, 4), (3, 4), (2, 5), (4, 5), (0, 7), (0, 1), (3, 4), (2, 5), (4, 5), (2, 6), (3, 5), (2, 6), (2, 6), (3, 4), (5, 6), (0, 7), (0, 3), (4, 5), (0, 6), (1, 2), (3, 4), (1, 5), (2, 4), (3, 6), (0, 7), (0, 4), (0, 2), (3, 5), (0, 7), (1, 6), (0, 7), (1, 3), (2, 3), (0, 7), (2, 3), (0, 6), (2, 6), (0, 7), (4, 5), (5, 6), (0, 7), (0, 3), (2, 4), (5, 6), (0, 7), (1, 3), (2, 4), (5, 6), (0, 7), (1, 2), (1, 5), (2, 4), (0, 7), (1, 2), (3, 5), (0, 6), (1, 3), (2, 3), (4, 5), (0, 7), (1, 3), (4, 5), (0, 7), (3, 4), (4, 5), (2, 6), (0, 7), (1, 2), (1, 4), (2, 6), (0, 7), (3, 5), (3, 5), (0, 6), (2, 4), (2, 6), (3, 4), (4, 5), (1, 7), (5, 6), (0, 7), (1, 3), (1, 5), (0, 7), (0, 2), (3, 4), (4, 5), (3, 7), (2, 8), (5, 6), (1, 8), (3, 4), (3, 5), (0, 6), (4, 5), (2, 7), (3, 4), (4, 7), (0, 8), (1, 3), (3, 4), (2, 6), (3, 4), (1, 7), (5, 6), (0, 8), (2, 6), (2, 4), (0, 8), (0, 6), (5, 6), (5, 7), (1, 8), (0, 6), (0, 8), (1, 2), (2, 5), (4, 7), (6, 7), (0, 8), (1, 3), (1, 4), (2, 5), (0, 6), (2, 3), (1, 4), (5, 6), (2, 7), (4, 7), (0, 8), (2, 6), (4, 5), (3, 7), (6, 7), (0, 8), (1, 2), (3, 4), (4, 5), (0, 8), (1, 3), (5, 6), (0, 7), (1, 2), (1, 5), (2, 3), (3, 5), (1, 8), (2, 3), (4, 5), (6, 7), (0, 8), (1, 6), (1, 7), (3, 6), (3, 7), (4, 5), (0, 8), (1, 2), (1, 3), (0, 5), (4, 7), (5, 6), (1, 8), (5, 7), (0, 8), (2, 3), (3, 7), (4, 5), (5, 6), (0, 8), (1, 2), (5, 6), (4, 7), (5, 7), (6, 7), (1, 8), (2, 3), (1, 4), (1, 5), (4, 5), (0, 6), (0, 2), (2, 7), (4, 5), (0, 8), (1, 2), (2, 4), (2, 8), (0, 7), (0, 2), (3, 4), (0, 5), (1, 7), (3, 4), (6, 7), (0, 8), (2, 3), (2, 5), (6, 7), (3, 8), (0, 9), (3, 4), (1, 8), (5, 7), (0, 9), (2, 4), (7, 8), (2, 9), (3, 7), (0, 8), (1, 2), (3, 4), (0, 9), (0, 2), (2, 6), (3, 5), (0, 7), (1, 2), (4, 5), (3, 7), (4, 5), (0, 8), (1, 2), (3, 5), (1, 6), (2, 3), (0, 7), (2, 3), (6, 7), (0, 9), (1, 2), (2, 5), (2, 7), (0, 8), (2, 3), (2, 7), (5, 7), (0, 9), (0, 2), (3, 6), (4, 5), (0, 8), (3, 5), (5, 6), (1, 7), (2, 3), (3, 4), (2, 5), (6, 7), (1, 8), (2, 3), (1, 4), (3, 4), (2, 5), (0, 8), (5, 6), (0, 9), (1, 2), (3, 6), (5, 6), (2, 7), (3, 5), (4, 5), (0, 9), (3, 4), (6, 8), (7, 8), (0, 9), (0, 6), (1, 9), (2, 5), (4, 5), (4, 6), (3, 7), (4, 6), (1, 7), (0, 8), (3, 4), (3, 5), (2, 7), (5, 6), (5, 7), (1, 8), (5, 6), (7, 8), (1, 9), (2, 3), (4, 6), (6, 7), (4, 8), (5, 6), (2, 9), (0, 9), (1, 2), (1, 4), (4, 5), (6, 7), (4, 8), (5, 6), (2, 7), (3, 4), (1, 8), (6, 7), (0, 9), (1, 6), (3, 5), (4, 5), (0, 7), (2, 4), (5, 6), (5, 7), (6, 7), (1, 9), (4, 5), (3, 6), (5, 6), (1, 8), (2, 3), (4, 6), (0, 10), (3, 4), (1, 5), (4, 5), (7, 8), (0, 10), (2, 6), (4, 6), (5, 6), (2, 7), (0, 10), (1, 4), (3, 4), (1, 5), (0, 6), (5, 6), (6, 7), (2, 8), (7, 8), (0, 9), (1, 2), (2, 3), (5, 8), (6, 8), (5, 9), (6, 7), (1, 10), (3, 5), (2, 6), (0, 9), (3, 6), (4, 7), (4, 9), (3, 10), (2, 5), (3, 4), (4, 5), (3, 6), (2, 8), (5, 7), (6, 8), (0, 10), (1, 4), (3, 5), (4, 8), (2, 9), (5, 6), (0, 10), (2, 4), (3, 4), (4, 7), (5, 6), (6, 7), (1, 8), (2, 3), (0, 9), (2, 4), (2, 6), (7, 8), (1, 10), (5, 6), (7, 8), (8, 9), (0, 10), (2, 3), (3, 7), (6, 7), (5, 8), (6, 7), (2, 9), (3, 4), (3, 5), (4, 5), (3, 6), (5, 6), (4, 8), (5, 6), (6, 7), (0, 10), (1, 2), (4, 7), (6, 7), (0, 9), (1, 4), (4, 5), (6, 8), (0, 10), (3, 6), (4, 5), (5, 6), (3, 7), (5, 8), (6, 8), (0, 10), (1, 2), (1, 3), (4, 5), (5, 6), (2, 7), (5, 6), (5, 7), (6, 9), (2, 10), (5, 7), (6, 7), (1, 8), (3, 4), (3, 5), (6, 8), (1, 10), (2, 3), (4, 5), (4, 6), (0, 7), (1, 8), (3, 4), (2, 8), (3, 4), (3, 5), (5, 6), (7, 8), (0, 10), (1, 5), (2, 3), (3, 6), (5, 9), (6, 9), (7, 8), (0, 10), (2, 5), (4, 5), (2, 6), (7, 8), (8, 9), (2, 10), (3, 4), (6, 7), (5, 8), (2, 9), (6, 7), (9, 10), (0, 11), (2, 6), (5, 6), (7, 10), (8, 9), (0, 11), (1, 4), (3, 6), (7, 8), (0, 9), (0, 3), (5, 7), (7, 8), (3, 10), (0, 10), (2, 4), (4, 5), (5, 6), (8, 9), (2, 10), (7, 8), (1, 11), (2, 3), (3, 4), (5, 7), (5, 9), (6, 7), (6, 9), (7, 8), (0, 10), (3, 5), (1, 6), (5, 7), (3, 8), (5, 8), (7, 8), (7, 9), (3, 10), (4, 5), (1, 6), (3, 6), (4, 5), (5, 6), (0, 10), (2, 3), (5, 6), (4, 9), (5, 6), (5, 8), (7, 8), (5, 10), (7, 8), (2, 11), (4, 5), (1, 8), (6, 7), (6, 8), (3, 9), (5, 10), (7, 8), (4, 11), (5, 6), (2, 8), (4, 5), (0, 10), (1, 2), (2, 3), (2, 5), (4, 6), (5, 6), (8, 9), (7, 10), (9, 10), (1, 11), (4, 7), (8, 9), (5, 10), (7, 8), (0, 11), (1, 2), (2, 3), (0, 5), (7, 8), (6, 9), (6, 9), (0, 10), (1, 2), (6, 7), (2, 11), (0, 5), (1, 8), (4, 6), (0, 9), (1, 2), (5, 6), (3, 9), (5, 6), (5, 7), (6, 7), (6, 8), (7, 9), (8, 9), (2, 10), (4, 5), (4, 8), (3, 9), (1, 10), (3, 4), (4, 5), (6, 7), (8, 9), (5, 11), (8, 9), (3, 10), (4, 6), (2, 7), (3, 4), (4, 8), (5, 7), (1, 12), (3, 5), (4, 6), (3, 8), (4, 5), (5, 8), (6, 10), (0, 11), (1, 2), (2, 4), (3, 5), (5, 6), (2, 8), (6, 7), (5, 8), (6, 7), (6, 8), (7, 8), (8, 9), (6, 10), (8, 9), (9, 10), (1, 12), (4, 5), (7, 9), (8, 9), (7, 10), (0, 11), (1, 2), (8, 10), (1, 12), (5, 7), (6, 9), (6, 10), (7, 8), (8, 9), (8, 11), (1, 12), (2, 3), (4, 5), (2, 6), (0, 4), (1, 3), (6, 8), (5, 12), (1, 6), (2, 3), (5, 6), (1, 8), (6, 7), (2, 10), (6, 7), (7, 8), (6, 9), (7, 8), (8, 9), (0, 11), (3, 5), (6, 8), (7, 8), (1, 12), (2, 3), (2, 4), (4, 6), (3, 10), (1, 7), (4, 5), (7, 8), (9, 10), (9, 11), (0, 12), (1, 2), (4, 6), (3, 8), (4, 5), (6, 7), (7, 8), (1, 9), (2, 3), (5, 6), (7, 8), (6, 10), (1, 12), (3, 6), (4, 5), (2, 7), (3, 4), (9, 10), (0, 11), (1, 2), (1, 3), (4, 5), (4, 6), (5, 6), (4, 7), (0, 12), (1, 4), (3, 6), (4, 6), (4, 6), (6, 7), (8, 10), (10, 11), (0, 12), (5, 6), (0, 12), (1, 3), (5, 6), (3, 10), (5, 6), (6, 7), (7, 8), (8, 9), (9, 10), (1, 12), (2, 3), (8, 10), (5, 11), (7, 8), (9, 10), (0, 12), (3, 4), (2, 5), (4, 5), (4, 6), (4, 8), (5, 6), (6, 7), (3, 11), (5, 7), (0, 11), (2, 3), (4, 5), (5, 8), (6, 8), (7, 8), (9, 11), (0, 12), (1, 4), (3, 4), (3, 5), (3, 6), (5, 6), (0, 7), (3, 8), (5, 10), (4, 7), (5, 6), (9, 10), (4, 11), (5, 6), (5, 9), (5, 11), (6, 9), (8, 9), (7, 11), (8, 9), (9, 10), (10, 11), (0, 12), (3, 5), (9, 10), (8, 11), (9, 10), (8, 11), (2, 13), (6, 7), (7, 8), (6, 10), (8, 9), (9, 10), (8, 11), (1, 10), (8, 9), (9, 10), (10, 12), (0, 13), (3, 4), (4, 6), (1, 7), (3, 4), (4, 5), (1, 8), (4, 6), (3, 8), (8, 9), (2, 12), (3, 4), (2, 5), (4, 5), (6, 8), (7, 8), (4, 9), (5, 9), (9, 10), (5, 12), (6, 7), (5, 13), (0, 11), (3, 4), (8, 10), (9, 10), (1, 11), (3, 4), (4, 6), (5, 6), (2, 12), (3, 6), (5, 6), (5, 7), (6, 7), (1, 12), (3, 5), (5, 6), (6, 7), (8, 9), (0, 13), (1, 2), (5, 7), (1, 8), (2, 3), (3, 4), (4, 7), (6, 9), (9, 10), (9, 11), (11, 12), (0, 13), (1, 3), (3, 4), (6, 7), (5, 8), (4, 9), (6, 10), (7, 9), (8, 9), (5, 11), (1, 12), (2, 3), (3, 4), (4, 5), (4, 7), (5, 6), (0, 13), (2, 3), (4, 5), (1, 10), (2, 5), (3, 5), (4, 5), (7, 10), (9, 10), (10, 11), (4, 12), (5, 6), (3, 7), (6, 7), (1, 9), (2, 3), (1, 6), (2, 3), (5, 6), (4, 6), (5, 6), (6, 7), (4, 8), (5, 6), (3, 7), (4, 5), (6, 8), (0, 13), (3, 4), (4, 5), (2, 6), (3, 5), (4, 5), (6, 7), (4, 8), (8, 10), (0, 13), (3, 4), (7, 8), (3, 9), (5, 11), (7, 9), (8, 9), (8, 10), (4, 11), (0, 12), (1, 4), (6, 7), (0, 8), (3, 4), (3, 6), (5, 6), (8, 9), (2, 10), (6, 7), (0, 12), (1, 2), (4, 7), (5, 7), (9, 10), (3, 11), (9, 10), (5, 11), (4, 11), (10, 11), (1, 12), (2, 3), (0, 5), (6, 7), (1, 8), (2, 4), (3, 4), (0, 13), (2, 3), (4, 6), (2, 9), (8, 9), (5, 12), (11, 12), (4, 13), (6, 7), (7, 8), (6, 9), (8, 10), (4, 10), (8, 9), (7, 10), (0, 13), (4, 5), (4, 6), (3, 7), (2, 4), (3, 4), (5, 8), (5, 7), (8, 9), (5, 10), (7, 8), (3, 9), (1, 12), (4, 5), (4, 6), (6, 7), (6, 8), (8, 9), (1, 10), (2, 5), (8, 9), (7, 10), (8, 10), (9, 10), (7, 11), (8, 9), (10, 12), (3, 13), (3, 5), (3, 6), (4, 5), (7, 10), (5, 12), (9, 12), (11, 12), (1, 13), (1, 6), (5, 6), (5, 8), (4, 7), (5, 6), (5, 7), (7, 8), (2, 9), (6, 7), (6, 8), (9, 10), (12, 13), (4, 14), (4, 6), (1, 7), (2, 5), (5, 8), (6, 9), (7, 8), (4, 10), (5, 7), (6, 7), (6, 9), (7, 9), (10, 11), (7, 13), (8, 9), (10, 11), (9, 12), (0, 13), (3, 4), (11, 12), (0, 14), (1, 4), (2, 4), (5, 6), (0, 7), (2, 4), (4, 5), (5, 6), (6, 7), (2, 8), (3, 4), (3, 6), (4, 5), (7, 9), (5, 10), (7, 8), (9, 10), (10, 11), (1, 12), (2, 4), (3, 4), (6, 7), (5, 8), (12, 13), (3, 14), (1, 7), (6, 9), (7, 9), (9, 10), (9, 11), (10, 11), (12, 13), (1, 14), (2, 5), (4, 5), (4, 8), (6, 7), (7, 9), (5, 10), (10, 12), (11, 12), (1, 14), (2, 3), (3, 9), (5, 7), (6, 7), (5, 8), (7, 9), (7, 10), (4, 11), (7, 8), (9, 10), (6, 12), (6, 11), (7, 11), (9, 11), (10, 11), (0, 13), (2, 3), (4, 5), (1, 6), (4, 5), (6, 8), (2, 10), (1, 4), (2, 7), (6, 9), (10, 13), (11, 12), (1, 14), (3, 4), (4, 5), (1, 6), (2, 3), (1, 8), (5, 8), (8, 9), (5, 10), (6, 7), (10, 12), (1, 14), (2, 3), (3, 4), (4, 5), (4, 6), (4, 7), (5, 6), (8, 9), (9, 10), (7, 12), (8, 9), (9, 10), (0, 11), (5, 12), (8, 10), (2, 13), (3, 4), (2, 5), (5, 6), (5, 7), (6, 7), (8, 9), (2, 11), (9, 12), (5, 14), (6, 8), (8, 10), (4, 11), (0, 7), (3, 4), (4, 7), (5, 6), (5, 8), (6, 7), (6, 10), (3, 12), (2, 10), (6, 7), (7, 8), (6, 11), (10, 12), (9, 11), (10, 11), (1, 13), (2, 7), (8, 9), (4, 11), (6, 7), (0, 8), (3, 7), (5, 6), (4, 11), (5, 6), (5, 7), (8, 10), (5, 12), (5, 9), (7, 9), (8, 9), (5, 10), (6, 7), (9, 10), (9, 11), (10, 11), (10, 12), (1, 13), (2, 4), (3, 4), (1, 5), (5, 6), (7, 8), (6, 9), (9, 10), (11, 12), (9, 13), (1, 14), (2, 3), (2, 6), (5, 7), (3, 8), (6, 9), (8, 10), (7, 11), (4, 12), (7, 8), (7, 9), (10, 11), (9, 13), (10, 13), (12, 13), (2, 14), (4, 5), (4, 6), (6, 7), (7, 8), (8, 9), (7, 10), (6, 11), (2, 12), (3, 4), (3, 5), (8, 9), (6, 10), (7, 9), (8, 10), (7, 11), (11, 12), (0, 13), (1, 2), (0, 7), (4, 5), (7, 8), (9, 10), (3, 14), (2, 5), (3, 4), (3, 5), (4, 5), (2, 6), (0, 7), (1, 2), (1, 3), (6, 8), (9, 10), (4, 12), (5, 7), (6, 9), (10, 11), (1, 13), (2, 6), (3, 4), (4, 6), (1, 7), (6, 7), (8, 9), (0, 10), (6, 8), (3, 11), (4, 10), (5, 8), (6, 8), (3, 14), (8, 9), (8, 10), (7, 12)]
