results/potlll/svpchallengedim40seed0dim15delta1.txt: 126.051 sec
b: [[10487525, -55966197, -3659784, -54035535, 23290482, -44164635, 36885786, 27233921, 18465572, 24877146, -14166440, -43119232, 4887683, 9125371, 11905183],
 [-1740650, 62483264, -27899134, -15981560, 25733963, 58091229, 43362226, 14534191, -10320901, -13737560, -1552187, 65571075, -13987145, -15601289, -2917621],
 [19024994, 65511804, 5930240, -8822073, -26554781, 30969428, 13880595, -10514250, 20104340, 24762000, 52537056, -12616622, -16457332, 45961838, -41504786],
 [51790451, -77979674, 14739476, 17089041, 5790206, -23840314, 8739759, 38102341, -6835356, -28572285, 41127831, -863979, -2015025, -69274066, 22655442],
 [15795431, 6387411, 5047163, -34571544, -53703878, -74873597, -18808781, -27992149, 38120201, 27136616, -27415978, -795787, -60897714, 28809954, 8619891],
 [53856051, -78039823, 38546029, -17831962, 7846939, -2984447, -25847441, 9844987, 75365919, 4161350, 3684187, 3006725, -49710145, -11284424, 49423248],
 [25426736, 30837000, 64057518, 45910516, 31435232, -7541750, -28556884, -27811929, 17593547, 46415124, 47116398, -6701189, -31834021, -7955015, 38532054],
 [59645282, 39940759, -22373563, 22367635, 35252943, 3245999, 20745750, -58776845, -12174756, -7918063, -41855463, 23620293, -4064375, -32183417, 53407943],
 [-24940538, 35074373, -3420803, -19723416, -12231147, -48419914, 69884786, 20275884, 28405704, 53717872, -27866737, -2204164, 11471754, -75514284, 30156244],
 [-2070342, -43842861, 80779576, -24014952, -29980614, 9848248, -49598828, 15550736, 44758890, 37058139, -14290543, 2125303, 44580564, -20634609, -28905494],
 [23330920, -5109994, -12342624, 14513948, -56217355, 6426459, -8815838, -50773205, -45656601, -17994649, 18161526, -1879333, -36675641, -28187985, 89995521],
 [-4265562, 12664160, -10997567, -42961894, 38426890, 9088393, -85689224, 8673488, 22597234, 33567795, 64450557, 1352118, -2585112, 36889195, -10332964],
 [9055343, -2576681, 30918374, 46994095, -22060583, -55150820, -14562060, 64460778, -3493344, -12742838, -22422271, 36290450, 29298096, 38387500, 8639989],
 [23259919, -53427318, -23709442, 20229020, -19190713, 86085453, 23080388, 50413835, -2710710, 58427694, -43335730, -14172521, 31158232, 4712552, 40311539],
 [78890477, 120648685, 52864342, -2159912, -17720037, 22285437, 20912759, 56861053, 16645518, -39918209, -19242315, -18452793, -12635699, -45683858, -26675040]], shape=[15, 15], strides=[15, 1], layout=Cc (0x5), const ndim=2
v_norms: [14039346803474444, 188976499059877244069655752374435/14039346803474444, 2506765757835135912434338990793703935037188036834/188976499059877244069655752374435, 17756448513227027280064253068441834221984766253028661376449791106/1253382878917567956217169495396851967518594018417, 118357569725635079785288147107122369780264885923267202103676443245782753200432118/8878224256613513640032126534220917110992383126514330688224895553, 657228905657705648614356061028791768295340901602796884492922721441844935808265066963814821286120/59178784862817539892644073553561184890132442961633601051838221622891376600216059, 28962457156988447615703326157018535371734123615492557443499006269023268352183720297414064812481260646468528210189/2628915622630822594457424244115167073181363606411187537971690885767379743233060267855259285144480, 289653934090490061100620298540551092230790893682940575563339925310603656413751798764219066870306328210215937632604331851227136675/28962457156988447615703326157018535371734123615492557443499006269023268352183720297414064812481260646468528210189, 121764834529880764983654734509839915918337384933150049277463803123577978683349520270439064514488334251842850098870727513687241526250828612084528/11586157363619602444024811941622043689231635747317623022533597012424146256550071950568762674812253128408637505304173274049085467, 24816847429451576130239449763123740246620482019874408904572707208866274784602723456420606656100234107065255061370302486673663044784366587766043667895551705628533/3044120863247019124591368362745997897958434623328751231936595078089449467083738006760976612862208356296071252471768187842181038156270715302113200, 431183019169280915174301843759357577988051218997805163323713956719602424833498980537829295805265340417822726674124436290061101411411500760436878570526789609612292210873451950035/49633694858903152260478899526247480493240964039748817809145414417732549569205446912841213312200468214130510122740604973347326089568733175532087335791103411257066, 3800820814404597900711763182479565133092737733339961299765250868740999084663001078575120955165637235013166267034569303228911861614197047725489217291490668621916218779410477230031173028404176769/431183019169280915174301843759357577988051218997805163323713956719602424833498980537829295805265340417822726674124436290061101411411500760436878570526789609612292210873451950035, 35756865981121442824515724602507823734227803588648793860860979928490347134932731573740357537607250018680132528580756556541785053444292780871100111783249541859611284349167836061018664671751642626767142775206026/3800820814404597900711763182479565133092737733339961299765250868740999084663001078575120955165637235013166267034569303228911861614197047725489217291490668621916218779410477230031173028404176769, 316870382010027839406817336306033461573367064220952562021011291415633715392928644160258983330527839985928332864094750821673550459949843068174429934855210438873786948078844830724434272355050390048009727356066041338460713827009/35756865981121442824515724602507823734227803588648793860860979928490347134932731573740357537607250018680132528580756556541785053444292780871100111783249541859611284349167836061018664671751642626767142775206026, 4479162007073151170053182782743010606980316030715060474323054884337061641018044345714802639116581702744224211114079778384050910591371708226269714637437377066499267496599054455079188695195638785002287791358960525877967803096509204846118949649/316870382010027839406817336306033461573367064220952562021011291415633715392928644160258983330527839985928332864094750821673550459949843068174429934855210438873786948078844830724434272355050390048009727356066041338460713827009], shape=[15], strides=[1], layout=CFcf (0xf), const ndim=1
Mu { arr: [-6103662699592453/14039346803474444, -4140633565665997/14039346803474444, 27772007741070529932959138756867/188976499059877244069655752374435, 2361572739134161/7019673401737222, -35255912419842333154494040884382/188976499059877244069655752374435, -600979644367695513888026754901329954541946008277/1253382878917567956217169495396851967518594018417, 4127227041088497/14039346803474444, -67037864813809112216685538163647/188976499059877244069655752374435, 386460099927597439508243509297782527788886084988/1253382878917567956217169495396851967518594018417, -2577032493633931473634131034094236315078154231811908442436834137/8878224256613513640032126534220917110992383126514330688224895553, 6939987334453017/14039346803474444, -50664187271189957132314073514231/188976499059877244069655752374435, -352623366662518310701040156999418168420302385707/2506765757835135912434338990793703935037188036834, 8795877987541408916601684636150450292877061574788221484958330927/17756448513227027280064253068441834221984766253028661376449791106, 28758681407597655329644113330653657636934382555667126928804703632885280018445342/59178784862817539892644073553561184890132442961633601051838221622891376600216059, -3588379398393441/14039346803474444, -60999027159165946966191079727497/188976499059877244069655752374435, 663052020689458250501100885938988678176760852221/2506765757835135912434338990793703935037188036834, 2354963430525094579693812539653328424779544824747003078903703136/8878224256613513640032126534220917110992383126514330688224895553, 7700610164969716541546260376645291021687821356728324211903587627481707109819028/59178784862817539892644073553561184890132442961633601051838221622891376600216059, 591086613411694971838760113019591714681255311079359500475399212967451204351252682310830471478297/1314457811315411297228712122057583536590681803205593768985845442883689871616530133927629642572240, -3419424994541539/14039346803474444, 64080274024056799101575566874753/188976499059877244069655752374435, -449234391522468346295955229707723078765536539487/1253382878917567956217169495396851967518594018417, -104671851629458684316550792646445189585630877552344337460816120/8878224256613513640032126534220917110992383126514330688224895553, 16434157034019074856662386031875640362266655531383986454350375252109911757594569/59178784862817539892644073553561184890132442961633601051838221622891376600216059, 8119652296193443099676513187705857932546373732843526607433811166873590367490001188600240850777/131445781131541129722871212205758353659068180320559376898584544288368987161653013392762964257224, 13959849350938539585181398109882769800019659316311704522045943607562550683825965220141082412270678705428459703490/28962457156988447615703326157018535371734123615492557443499006269023268352183720297414064812481260646468528210189, 5913945831211275/14039346803474444, 73166591641519679686685133889591/188976499059877244069655752374435, -360708469577205634145128186454271323853835398563/2506765757835135912434338990793703935037188036834, -540106754103943769227373532526130773721232708363752989616186243/8878224256613513640032126534220917110992383126514330688224895553, 17914271187598596593593806215352408879329994381921558364026774885600097591279184/59178784862817539892644073553561184890132442961633601051838221622891376600216059, -558682818843411862063273227866854662028362968836809903840328254835450271128307528513594476173523/1314457811315411297228712122057583536590681803205593768985845442883689871616530133927629642572240, 14093648178813487084589906609807253914023900339789323274787403903987260613638184675874565232820433683945457065649/28962457156988447615703326157018535371734123615492557443499006269023268352183720297414064812481260646468528210189, -5088061063502214622357507466732111527860783345412583039182095316699072314231222983256397319132470515260548909229028069865606837/57930786818098012220124059708110218446158178736588115112667985062120731282750359752843813374061265642043187526520866370245427335, 609878719173573/3509836700868611, -18801636778249439535683070178560/37795299811975448813931150474887, 54710131053355724781122332265290641627229736955/2506765757835135912434338990793703935037188036834, 402217507672594388966114235458586519643808550248237561277706242/8878224256613513640032126534220917110992383126514330688224895553, -10268146785236499683140161521664663214100699515916279718525638066032897509292673/118357569725635079785288147107122369780264885923267202103676443245782753200432118, 636233971331518164555569474234459359878480298764037410030453563856864509455496623032024746735821/1314457811315411297228712122057583536590681803205593768985845442883689871616530133927629642572240, -5167831097538751303258440992599282967444661303832461352974786413846600450706260116011865087150664078258994819503/28962457156988447615703326157018535371734123615492557443499006269023268352183720297414064812481260646468528210189, -131061657539012871218755453507643938407328708121185086954783554412650348182046262325947197059542527816710669090755905747523479367/289653934090490061100620298540551092230790893682940575563339925310603656413751798764219066870306328210215937632604331851227136675, 297956894458631333619851271985750864938158434251657729436254818610957135390807510409758436537410899458889667718518364039792519912091502148243719/608824172649403824918273672549199579591686924665750246387319015617889893416747601352195322572441671259214250494353637568436207631254143060422640, -4341562265620799/14039346803474444, -43120893502986266154826855624923/188976499059877244069655752374435, -686121921532466242489766735294476395666793350431/2506765757835135912434338990793703935037188036834, 4975351030894590501791081763572539894184274068614365294812989639/17756448513227027280064253068441834221984766253028661376449791106, 25867538777171700270226641012311596499193537240853758278215336114102537769344899/59178784862817539892644073553561184890132442961633601051838221622891376600216059, -19624933453556396077781734027054531141999501188671692922853322124021596298636889305966438438921/328614452828852824307178030514395884147670450801398442246461360720922467904132533481907410643060, 4193500589013707959306844361868265234742906841890408485920699007734549451029762739756588660327131029178871185532/28962457156988447615703326157018535371734123615492557443499006269023268352183720297414064812481260646468528210189, 138111844601336129890620816135978906248937404597102650840089223235921467250606686181681952557954091693981237489004286451960758943/289653934090490061100620298540551092230790893682940575563339925310603656413751798764219066870306328210215937632604331851227136675, -16464106673040241927788811108661400858100387951472844402334227542202855703080510248875601778561952875769357528348243226866718659542441948207201/608824172649403824918273672549199579591686924665750246387319015617889893416747601352195322572441671259214250494353637568436207631254143060422640, -11775313912270897087364972141071929941415978130508080711446520462766522903497502573750453622391866262043814749856141697095820727041652340678378693555919706200507/24816847429451576130239449763123740246620482019874408904572707208866274784602723456420606656100234107065255061370302486673663044784366587766043667895551705628533, -85176842882511/3509836700868611, -23076719790685013086128437958152/188976499059877244069655752374435, 1134841790975186260703053317875107264561351295461/2506765757835135912434338990793703935037188036834, -1351566480152026715919388951489659212140494375301981839320495969/17756448513227027280064253068441834221984766253028661376449791106, -6410515114559525977659649072126218341343292449302301592844541301211930277167741/59178784862817539892644073553561184890132442961633601051838221622891376600216059, 35455723148817952388412518460245631751323351122993568477162628621621433841022951347751711504268/82153613207213206076794507628598971036917612700349610561615340180230616976033133370476852660765, 3777406218710457845168763966849535686339900243780145689756279517869470740052845894069305662514974048239739748496/28962457156988447615703326157018535371734123615492557443499006269023268352183720297414064812481260646468528210189, -123830526942070362121220866259939386738865847449523200485948753349510866898402119147776490912796963096138610801095026605924407648/289653934090490061100620298540551092230790893682940575563339925310603656413751798764219066870306328210215937632604331851227136675, -138739549963652077745584456231189629241441043681476861876132683337363376779468338231910859821372870966711796769195805941623991272508031680675477/304412086324701912459136836274599789795843462332875123193659507808944946708373800676097661286220835629607125247176818784218103815627071530211320, 3223162304649556890348467664419292618326858701948844926458244710353290093018706696815107849034148909954745245210927872793014008689073237915895936782837467678882/24816847429451576130239449763123740246620482019874408904572707208866274784602723456420606656100234107065255061370302486673663044784366587766043667895551705628533, -9689905662604783986829493984730054162337425316540451426862903949300168494916621424193900895238916762799731528798786676122974826285110124065956301414285184969791164546521824564/431183019169280915174301843759357577988051218997805163323713956719602424833498980537829295805265340417822726674124436290061101411411500760436878570526789609612292210873451950035, -152676754921479/7019673401737222, -10663095598557408216727701366514/37795299811975448813931150474887, -540440127992271461438694415081883815471075501215/2506765757835135912434338990793703935037188036834, 237835177481795043238610650810869373636412310314288796300253126/8878224256613513640032126534220917110992383126514330688224895553, 7454185630891507521347803304807820328398437651525773234960512105053218369915420/59178784862817539892644073553561184890132442961633601051838221622891376600216059, -234445269101531131862040925997745020879269772655365222550661709281715630566743274842054027922639/1314457811315411297228712122057583536590681803205593768985845442883689871616530133927629642572240, -523563162240716517443121495897962821627162447640516203859909912160192168025812173834489126154910832869245772763/28962457156988447615703326157018535371734123615492557443499006269023268352183720297414064812481260646468528210189, -94421989459460041419876469284072512334000230359364662240531924147726682016644629601757677641225367954626143367137843368377416166/289653934090490061100620298540551092230790893682940575563339925310603656413751798764219066870306328210215937632604331851227136675, -57322704412070462585391933231386678485479001568099497394136299510245982744439223275151470814992318687687929501075946692313212283418022892663753/608824172649403824918273672549199579591686924665750246387319015617889893416747601352195322572441671259214250494353637568436207631254143060422640, 1650497830261899497654861566873845513525794959426651037095208978699033221235997147677455466195563710772312783613251592285633808276417734561755118169365191886063/8272282476483858710079816587707913415540160673291469634857569069622091594867574485473535552033411369021751687123434162224554348261455529255347889298517235209511, -25337959306849023297273765957086795034291953543521514478984059165350993089982500108728700011063500969293780560607455008356931004637204606323730302848913318458870588432556100561/61597574167040130739185977679908225426864459856829309046244850959943203547642711505404185115037905773974675239160633755723014487344500108633839795789541372801756030124778850005, -1226752438632012542103551150809530499498575713774517902983785084960182143069398320166498020466328394617380348238893170943810500144416170044216949139469556293705377663167905667734012204348079763/3800820814404597900711763182479565133092737733339961299765250868740999084663001078575120955165637235013166267034569303228911861614197047725489217291490668621916218779410477230031173028404176769, 876712922249698/3509836700868611, 34548407336086510155986793704716/188976499059877244069655752374435, -228003956373273913211260905993810679992857323659/1253382878917567956217169495396851967518594018417, 691468993682734636576118760572985472671667011883715122321080953/17756448513227027280064253068441834221984766253028661376449791106, -53620546416512591246178518664997807677420830486595348777910765149604253411749867/118357569725635079785288147107122369780264885923267202103676443245782753200432118, 605411667036043947549075809126809868253941493076278134316591903332712422172949225489654258102289/1314457811315411297228712122057583536590681803205593768985845442883689871616530133927629642572240, -8018891827500952477799470727213844576821764412599393670013867449466846036964414392611186111259809016081713147627/28962457156988447615703326157018535371734123615492557443499006269023268352183720297414064812481260646468528210189, 13159289245358199899082545756577676723367006197692541859690600844920200405939664787017331638043960498241231367714161784984973711/57930786818098012220124059708110218446158178736588115112667985062120731282750359752843813374061265642043187526520866370245427335, 50862274962410084623109099452594816641416122629715177876225367984974764796955492681517001635353077985920119620499041870635555688246904816857635/121764834529880764983654734509839915918337384933150049277463803123577978683349520270439064514488334251842850098870727513687241526250828612084528, -934179018762902179721469191831929255779247553629657049418203964422918309998509682761161187329054680456603910058692550405329684055510710641006082905824087734515/24816847429451576130239449763123740246620482019874408904572707208866274784602723456420606656100234107065255061370302486673663044784366587766043667895551705628533, 200667909449741319721577485364848753325826367490898596587470451253816615299769778237046621775053915235123349038246081790461039992615833354361877018229281920406459706740375809108/431183019169280915174301843759357577988051218997805163323713956719602424833498980537829295805265340417822726674124436290061101411411500760436878570526789609612292210873451950035, -843547675624396539845872196423029545324196195239237974144693956502819236169388310160924915450425763307593655369505129188448009711741914142235818543121573733646648010442139605057223546621060338/3800820814404597900711763182479565133092737733339961299765250868740999084663001078575120955165637235013166267034569303228911861614197047725489217291490668621916218779410477230031173028404176769, 16798638404953364504420762137232217827883851425728155557396531401004729654331184006382041544484988639441768624963014141896023639421638207509099050680554735768366560018551094064871070556446728252172852946761867/35756865981121442824515724602507823734227803588648793860860979928490347134932731573740357537607250018680132528580756556541785053444292780871100111783249541859611284349167836061018664671751642626767142775206026, -5492275126247367/14039346803474444, 88569615935793131880410833609109/188976499059877244069655752374435, 550582121626057152827840233198702413186152456824/1253382878917567956217169495396851967518594018417, 7258501796389332929771852870258387545771487202987502214724964521/17756448513227027280064253068441834221984766253028661376449791106, 24060235928294595617739402705365717618017666930670035484806823656150348493361323/118357569725635079785288147107122369780264885923267202103676443245782753200432118, -171519319499057272023250612178724025344374305877452022161079231760878484144227111102079197333539/1314457811315411297228712122057583536590681803205593768985845442883689871616530133927629642572240, 3572525039417877991812750846124348148003391470200673647914312535411276772469206993670929141043795965127787910897/28962457156988447615703326157018535371734123615492557443499006269023268352183720297414064812481260646468528210189, 16069895889506839981052209442138947867634535866577648735528954970116248346656162919954964230307277794347863018932010385203114972/57930786818098012220124059708110218446158178736588115112667985062120731282750359752843813374061265642043187526520866370245427335, 6505084918443660377243384716581528408701002308073972784939008735800325849181885247743557805433131368164660238965384018771066965742341310800677/15220604316235095622956841813729989489792173116643756159682975390447247335418690033804883064311041781480356262358840939210905190781353576510566, 4117884308279813189278896587319366329740113292898908269311884025808281962111080698368882505500939428869839785915329732094548765504962523647721327648795356494320/8272282476483858710079816587707913415540160673291469634857569069622091594867574485473535552033411369021751687123434162224554348261455529255347889298517235209511, -34029320014682475253820069932428942390191351913150428732490328481674026261891760168077553442603805849547623702779628322879560027989225645438849540779101149180705328529594840083/86236603833856183034860368751871515597610243799561032664742791343920484966699796107565859161053068083564545334824887258012220282282300152087375714105357921922458442174690390007, -1237298849371778779379167727025416234495406769899404618144416529805457442034677502413904712561495974457359523975408450930656181385726536938956774958260070336842678581931781045310308585130511520/3800820814404597900711763182479565133092737733339961299765250868740999084663001078575120955165637235013166267034569303228911861614197047725489217291490668621916218779410477230031173028404176769, 10203660371039195898783687383563984935484926067343003094154688099883003648777436406429182982408345794022081949098234095830595748529826498342315261660529678383117581826989060357430645006556766765808621924322053/35756865981121442824515724602507823734227803588648793860860979928490347134932731573740357537607250018680132528580756556541785053444292780871100111783249541859611284349167836061018664671751642626767142775206026, -92912600412291118300468047751549763235700230356155895211644371151089801301372706415128011991176939352549239083164812597460224916552044394559597208581720362166023735733370128199722351309068905638299278113844447571951153632879/316870382010027839406817336306033461573367064220952562021011291415633715392928644160258983330527839985928332864094750821673550459949843068174429934855210438873786948078844830724434272355050390048009727356066041338460713827009] }
(hist.len, cnt): (1611, 6240)
[(0, 1), (0, 1), (0, 1), (0, 1), (0, 1), (0, 1), (0, 1), (0, 1), (0, 1), (0, 1), (0, 1), (0, 1), (0, 1), (0, 1), (0, 1), (0, 1), (0, 1), (0, 1), (0, 1), (0, 1), (0, 1), (0, 1), (0, 1), (0, 1), (0, 1), (0, 1), (0, 1), (0, 1), (0, 1), (0, 1), (0, 1), (0, 1), (0, 1), (0, 1), (0, 1), (0, 1), (0, 1), (0, 1), (0, 1), (0, 1), (0, 1), (0, 1), (0, 1), (0, 1), (0, 1), (0, 1), (0, 1), (0, 1), (0, 1), (0, 1), (0, 1), (0, 1), (0, 1), (0, 1), (0, 1), (0, 1), (0, 1), (0, 1), (0, 1), (0, 1), (0, 1), (0, 1), (0, 1), (0, 1), (0, 1), (0, 1), (0, 1), (0, 1), (0, 1), (0, 1), (0, 1), (0, 1), (0, 1), (0, 1), (0, 1), (0, 1), (0, 1), (0, 1), (0, 1), (0, 1), (0, 1), (0, 1), (0, 1), (0, 1), (0, 1), (0, 1), (0, 1), (0, 1), (0, 2), (0, 2), (0, 2), (0, 1), (0, 2), (1, 2), (0, 2), (1, 2), (0, 2), (0, 1), (0, 2), (0, 1), (0, 2), (1, 2), (0, 2), (0, 2), (0, 2), (0, 1), (0, 2), (1, 2), (0, 2), (0, 1), (0, 2), (0, 2), (0, 1), (0, 2), (0, 2), (0, 2), (0, 2), (0, 1), (0, 2), (0, 2), (0, 2), (0, 2), (0, 2), (0, 2), (0, 1), (0, 2), (1, 2), (0, 2), (0, 2), (0, 2), (1, 2), (0, 2), (0, 2), (0, 2), (1, 2), (0, 2), (0, 2), (0, 2), (0, 2), (0, 2), (0, 2), (0, 2), (1, 2), (0, 2), (0, 2), (0, 2), (0, 1), (0, 2), (1, 3), (0, 3), (1, 3), (0, 2), (1, 2), (0, 3), (0, 2), (0, 3), (1, 3), (0, 3), (1, 3), (0, 3), (0, 3), (1, 2), (0, 3), (0, 2), (1, 2), (0, 3), (0, 3), (1, 2), (0, 3), (1, 3), (1, 3), (0, 3), (1, 2), (0, 3), (2, 3), (1, 3), (0, 2), (1, 2), (0, 3), (0, 3), (0, 2), (0, 3), (0, 3), (0, 3), (0, 3), (1, 3), (0, 3), (1, 3), (1, 3), (0, 3), (1, 2), (0, 3), (1, 2), (0, 3), (0, 3), (1, 2), (1, 3), (0, 2), (0, 3), (0, 3), (1, 2), (0, 3), (1, 2), (0, 3), (0, 2), (0, 3), (0, 3), (1, 2), (0, 3), (0, 2), (1, 2), (0, 4), (1, 2), (0, 4), (0, 4), (0, 3), (1, 4), (0, 4), (0, 3), (0, 2), (0, 4), (1, 2), (0, 4), (2, 3), (1, 4), (0, 4), (1, 2), (2, 3), (0, 4), (2, 4), (0, 3), (0, 4), (1, 2), (0, 4), (1, 4), (0, 3), (1, 4), (0, 4), (1, 4), (1, 4), (0, 4), (1, 3), (1, 4), (1, 4), (2, 3), (0, 4), (2, 3), (0, 4), (1, 4), (0, 3), (1, 3), (0, 4), (1, 3), (0, 4), (0, 3), (0, 2), (1, 2), (0, 4), (2, 3), (0, 4), (1, 2), (0, 3), (1, 4), (0, 4), (1, 2), (1, 3), (0, 4), (1, 3), (0, 4), (0, 4), (1, 5), (1, 4), (1, 5), (2, 4), (0, 5), (0, 5), (1, 2), (2, 3), (0, 5), (2, 3), (2, 4), (0, 5), (2, 4), (3, 4), (0, 5), (0, 4), (1, 5), (0, 5), (1, 2), (0, 4), (0, 1), (2, 4), (0, 4), (2, 5), (0, 5), (1, 5), (3, 4), (0, 5), (0, 5), (2, 5), (0, 4), (2, 4), (1, 5), (0, 4), (2, 3), (0, 5), (0, 4), (0, 5), (3, 4), (1, 5), (0, 5), (1, 3), (2, 4), (0, 5), (0, 4), (2, 3), (4, 6), (0, 6), (1, 3), (0, 4), (2, 4), (3, 4), (2, 6), (2, 5), (0, 6), (3, 4), (1, 5), (3, 5), (0, 6), (1, 4), (0, 5), (0, 4), (3, 5), (2, 6), (1, 5), (0, 6), (2, 3), (0, 4), (0, 5), (2, 3), (4, 5), (0, 6), (1, 2), (3, 4), (0, 6), (0, 4), (0, 5), (2, 3), (0, 4), (1, 2), (3, 4), (1, 6), (4, 5), (0, 6), (1, 3), (3, 5), (4, 6), (0, 6), (2, 4), (0, 6), (1, 2), (0, 4), (2, 3), (4, 5), (0, 6), (1, 2), (2, 5), (0, 5), (1, 2), (1, 3), (2, 3), (4, 5), (0, 6), (0, 6), (2, 3), (0, 5), (0, 2), (1, 3), (0, 4), (1, 6), (1, 4), (2, 3), (0, 5), (3, 4), (0, 6), (1, 2), (1, 3), (0, 4), (2, 3), (3, 4), (0, 6), (3, 5), (0, 6), (1, 5), (4, 5), (0, 6), (2, 3), (4, 6), (0, 7), (3, 4), (0, 6), (1, 2), (3, 6), (0, 7), (2, 3), (4, 5), (0, 6), (2, 3), (0, 4), (1, 2), (4, 6), (0, 7), (0, 2), (3, 7), (1, 7), (2, 3), (3, 5), (1, 6), (2, 5), (0, 7), (1, 4), (4, 5), (1, 6), (2, 5), (3, 4), (3, 6), (4, 5), (0, 7), (1, 3), (2, 3), (4, 5), (4, 6), (5, 6), (0, 7), (1, 2), (3, 6), (0, 7), (1, 5), (0, 7), (2, 3), (3, 5), (4, 5), (0, 6), (2, 5), (4, 5), (4, 6), (0, 7), (0, 2), (3, 6), (0, 7), (1, 2), (3, 5), (0, 7), (0, 6), (1, 3), (4, 5), (4, 6), (3, 7), (3, 5), (4, 5), (3, 6), (1, 7), (2, 3), (2, 4), (1, 7), (3, 4), (4, 6), (0, 7), (2, 4), (0, 7), (1, 2), (1, 7), (2, 4), (2, 6), (0, 7), (1, 2), (3, 5), (1, 7), (2, 4), (2, 4), (2, 5), (2, 4), (1, 6), (2, 3), (0, 7), (1, 4), (2, 5), (1, 7), (3, 5), (3, 6), (0, 7), (2, 5), (4, 7), (6, 7), (0, 8), (4, 7), (0, 8), (3, 5), (3, 6), (0, 7), (3, 4), (4, 5), (0, 8), (1, 2), (1, 5), (4, 5), (6, 7), (1, 8), (3, 5), (0, 6), (4, 5), (6, 7), (0, 8), (2, 3), (2, 7), (4, 5), (6, 7), (1, 8), (2, 5), (4, 5), (1, 7), (4, 5), (3, 6), (3, 7), (6, 7), (1, 8), (3, 6), (4, 5), (4, 7), (5, 6), (5, 7), (6, 7), (0, 8), (1, 4), (0, 6), (3, 4), (2, 4), (3, 4), (0, 8), (1, 2), (0, 6), (0, 6), (1, 2), (3, 6), (3, 7), (3, 5), (3, 6), (3, 5), (0, 7), (1, 2), (3, 4), (2, 5), (3, 5), (2, 6), (4, 5), (5, 6), (0, 8), (2, 3), (2, 4), (4, 5), (6, 7), (0, 8), (2, 5), (1, 6), (3, 4), (3, 5), (4, 5), (0, 8), (2, 3), (1, 6), (2, 3), (5, 6), (3, 7), (6, 7), (0, 8), (1, 3), (3, 4), (3, 7), (5, 6), (4, 8), (5, 6), (6, 7), (1, 8), (3, 4), (3, 5), (4, 6), (0, 7), (1, 3), (4, 5), (3, 7), (0, 8), (2, 4), (5, 6), (2, 7), (1, 8), (2, 3), (0, 4), (0, 5), (1, 3), (3, 8), (5, 6), (7, 8), (0, 9), (1, 2), (1, 5), (4, 7), (4, 6), (0, 8), (1, 2), (3, 5), (1, 8), (3, 4), (6, 7), (3, 9), (4, 5), (5, 6), (6, 7), (1, 9), (2, 3), (3, 4), (4, 5), (3, 7), (0, 9), (1, 2), (4, 5), (1, 7), (3, 4), (2, 6), (3, 5), (4, 8), (4, 6), (5, 6), (7, 8), (1, 9), (3, 5), (3, 6), (3, 5), (5, 6), (6, 7), (1, 8), (3, 5), (3, 6), (5, 7), (0, 9), (2, 3), (0, 9), (3, 5), (4, 5), (1, 6), (1, 8), (5, 6), (2, 9), (4, 5), (3, 6), (4, 5), (3, 7), (5, 6), (7, 8), (1, 9), (2, 6), (5, 7), (6, 7), (1, 8), (5, 6), (0, 9), (1, 2), (1, 8), (3, 5), (4, 5), (6, 7), (7, 8), (1, 9), (2, 3), (2, 4), (5, 8), (7, 8), (1, 9), (3, 4), (1, 5), (0, 9), (2, 3), (2, 4), (3, 4), (6, 7), (0, 9), (1, 2), (1, 4), (2, 3), (2, 4), (3, 4), (0, 7), (0, 2), (3, 5), (4, 5), (3, 6), (4, 5), (3, 7), (2, 9), (1, 4), (5, 7), (6, 7), (0, 8), (0, 9), (1, 3), (2, 3), (2, 4), (4, 5), (1, 6), (5, 6), (7, 8), (2, 9), (4, 5), (5, 7), (7, 8), (4, 9), (3, 6), (1, 6), (3, 7), (1, 6), (3, 4), (5, 6), (0, 8), (2, 3), (3, 7), (3, 5), (7, 8), (3, 10), (8, 9), (1, 10), (4, 5), (1, 6), (5, 6), (6, 8), (0, 9), (1, 4), (3, 4), (1, 8), (3, 5), (4, 5), (4, 6), (1, 8), (4, 8), (3, 9), (4, 5), (4, 9), (7, 8), (0, 10), (5, 6), (7, 8), (6, 9), (2, 10), (4, 5), (3, 9), (2, 10), (3, 4), (5, 6), (7, 8), (3, 10), (4, 5), (5, 6), (6, 7), (7, 8), (3, 9), (6, 7), (4, 9), (5, 6), (5, 8), (6, 7), (0, 10), (1, 3), (2, 3), (2, 4), (3, 4), (0, 6), (1, 6), (3, 7), (4, 5), (6, 7), (1, 9), (2, 6), (4, 9), (1, 10), (3, 4), (0, 5), (5, 6), (6, 7), (4, 8), (6, 7), (5, 8), (1, 10), (3, 7), (4, 5), (3, 8), (0, 9), (6, 7), (5, 9), (2, 10), (5, 6), (3, 7), (5, 6), (1, 7), (2, 10), (2, 4), (5, 6), (1, 7), (5, 7), (6, 7), (7, 9), (0, 10), (2, 3), (4, 5), (4, 6), (5, 7), (6, 7), (2, 8), (3, 6), (7, 8), (0, 10), (0, 2), (0, 4), (4, 5), (1, 6), (5, 7), (6, 7), (3, 8), (5, 6), (0, 7), (1, 2), (3, 8), (6, 7), (8, 9), (7, 9), (8, 9), (0, 10), (1, 2), (2, 4), (1, 6), (4, 6), (4, 7), (7, 8), (2, 9), (1, 2), (0, 3), (4, 7), (3, 8), (5, 6), (0, 9), (1, 6), (6, 7), (7, 8), (4, 10), (4, 6), (3, 8), (1, 10), (2, 3), (4, 5), (1, 8), (2, 4), (5, 6), (6, 10), (1, 11), (3, 4), (3, 7), (4, 8), (5, 6), (2, 10), (0, 11), (1, 3), (4, 6), (5, 6), (6, 8), (7, 10), (0, 11), (2, 3), (3, 4), (5, 8), (6, 7), (3, 10), (6, 8), (0, 9), (2, 4), (2, 5), (8, 9), (0, 10), (2, 9), (4, 9), (5, 6), (6, 7), (7, 8), (8, 9), (2, 10), (5, 7), (4, 7), (6, 9), (5, 10), (7, 8), (0, 9), (3, 4), (3, 5), (4, 5), (3, 10), (4, 6), (5, 6), (5, 8), (0, 11), (2, 3), (0, 5), (3, 5), (4, 5), (3, 6), (7, 8), (0, 9), (1, 4), (4, 5), (2, 10), (3, 4), (4, 5), (7, 9), (8, 10), (4, 11), (5, 7), (1, 8), (5, 6), (2, 6), (3, 6), (3, 7), (5, 6), (5, 7), (6, 8), (3, 9), (6, 7), (2, 10), (3, 5), (3, 5), (5, 8), (8, 10), (9, 10), (0, 11), (2, 3), (4, 5), (1, 6), (3, 4), (6, 7), (6, 9), (5, 9), (0, 11), (2, 3), (4, 5), (6, 7), (0, 8), (2, 3), (3, 4), (3, 5), (5, 6), (7, 8), (5, 10), (6, 7), (8, 9), (0, 11), (2, 3), (6, 8), (2, 9), (4, 5), (1, 11), (3, 4), (1, 6), (4, 8), (6, 7), (6, 8), (2, 9), (8, 9), (6, 10), (8, 9), (1, 11), (2, 3), (4, 5), (5, 6), (1, 7), (2, 3), (4, 7), (5, 7), (6, 7), (5, 9), (3, 6), (5, 6), (7, 8), (0, 9), (5, 6), (6, 7), (0, 10), (0, 2), (3, 5), (4, 5), (0, 9), (1, 2), (3, 4), (5, 6), (6, 7), (7, 8), (5, 9), (7, 8), (0, 11), (7, 8), (4, 9), (1, 9), (3, 8), (4, 8), (0, 10), (3, 4), (4, 6), (7, 9), (0, 11), (2, 3), (5, 7), (6, 7), (1, 8), (3, 6), (3, 9), (5, 7), (6, 7), (5, 9), (9, 10), (1, 11), (2, 3), (3, 4), (0, 12), (2, 5), (4, 6), (3, 6), (4, 5), (7, 8), (2, 9), (0, 10), (0, 11), (4, 5), (0, 8), (0, 2), (2, 3), (7, 8), (0, 12), (2, 3), (5, 6), (1, 8), (5, 6), (4, 11), (10, 11), (0, 12), (4, 5), (2, 8), (4, 8), (5, 9), (8, 9), (0, 10), (2, 3), (4, 5), (4, 6), (3, 7), (3, 8), (5, 9), (7, 8), (4, 12), (3, 7), (4, 5), (5, 6), (8, 9), (8, 10), (0, 12), (6, 7), (5, 9), (6, 8), (8, 9), (1, 10), (4, 5), (4, 10), (7, 9), (8, 9), (1, 11), (3, 4), (3, 5), (6, 9), (5, 10), (7, 9), (8, 9), (0, 11), (1, 2), (2, 4), (1, 5), (0, 6), (5, 7), (6, 7), (2, 8), (3, 4), (1, 5), (4, 5), (0, 6), (1, 2), (7, 8), (1, 11), (8, 10), (9, 10), (1, 12), (2, 3), (5, 6), (5, 10), (8, 9), (4, 11), (5, 6), (6, 9), (0, 12), (1, 2), (1, 3), (2, 5), (6, 7), (6, 8), (0, 9), (2, 3), (5, 6), (7, 8), (9, 10), (7, 11), (1, 12), (2, 3), (2, 5), (5, 6), (0, 7), (2, 3), (7, 8), (0, 10), (0, 2), (3, 5), (4, 8), (8, 9), (3, 10), (4, 7), (8, 9), (6, 12), (4, 7), (5, 7), (6, 10), (0, 12), (2, 3), (1, 5), (2, 3), (6, 7), (2, 8), (1, 6), (4, 7), (7, 8), (7, 9), (0, 12), (1, 2), (3, 4), (5, 8), (7, 8), (8, 9), (9, 10), (2, 12), (3, 4), (3, 5), (6, 7), (1, 8), (9, 10), (9, 11), (0, 12), (1, 2), (4, 5), (4, 7), (6, 8), (7, 8), (0, 9), (4, 6), (5, 6), (2, 7), (3, 4), (6, 8), (10, 11), (1, 13), (2, 3), (2, 4), (3, 4), (4, 5), (5, 7), (9, 10), (2, 13), (4, 5), (5, 6), (3, 7), (4, 6), (5, 6), (2, 9), (5, 9), (3, 13), (4, 5), (6, 7), (7, 8), (8, 10), (9, 10), (7, 11), (11, 12), (0, 13), (1, 2), (3, 4), (5, 6), (7, 10), (8, 9), (10, 11), (5, 11), (8, 11), (10, 11), (11, 12), (1, 13), (0, 5), (4, 5), (4, 8), (4, 7), (6, 7), (9, 11), (6, 12), (7, 9), (9, 10), (10, 12), (3, 13), (2, 4), (3, 4), (7, 8), (0, 9), (1, 3), (2, 3), (3, 5), (4, 5), (5, 6), (6, 7), (3, 8), (8, 9), (11, 12), (0, 13), (3, 4), (3, 5), (4, 5), (4, 8), (4, 6), (4, 9), (1, 10), (2, 3), (1, 7), (2, 3), (3, 5), (5, 6), (6, 7), (10, 11), (9, 12), (5, 13), (7, 8), (6, 11), (0, 12), (3, 4), (2, 6), (3, 4), (6, 7), (7, 8), (8, 11), (9, 10), (9, 11), (0, 13), (6, 7), (0, 10), (4, 12), (6, 7), (7, 8), (6, 12), (7, 11), (0, 13), (2, 4), (6, 7), (5, 8), (6, 7), (7, 9), (0, 10), (1, 2), (1, 3), (4, 5), (5, 6), (8, 9), (9, 10), (3, 13), (4, 5), (4, 7), (5, 6), (7, 8), (6, 9), (8, 9), (5, 11), (6, 9), (1, 11), (2, 3), (6, 7), (2, 13), (3, 4), (6, 8), (5, 8), (6, 7), (7, 8), (6, 9), (2, 10), (5, 6), (5, 7), (2, 11), (3, 4), (4, 5), (6, 7), (6, 8), (10, 11), (2, 12), (2, 4), (3, 4), (5, 8), (7, 8), (8, 9), (8, 10), (8, 11), (10, 11), (0, 12), (2, 5), (3, 5), (0, 13), (1, 2), (3, 4), (5, 7), (6, 7), (0, 9), (2, 5), (3, 5), (3, 6), (6, 7), (7, 8), (5, 9), (1, 10), (5, 7), (5, 7), (7, 8), (10, 11), (2, 12), (8, 9), (9, 10), (7, 11), (8, 10), (9, 10), (9, 11), (3, 13), (4, 7), (5, 8), (8, 10), (4, 11), (7, 8), (8, 9), (9, 10), (8, 11), (1, 12), (2, 4), (3, 4), (7, 8), (2, 10), (6, 8), (7, 8), (9, 10), (0, 11), (1, 3), (2, 4), (3, 4), (2, 7), (5, 8), (6, 8), (7, 8), (8, 9), (3, 10), (0, 12), (1, 2), (2, 3), (4, 10), (6, 8), (6, 8), (6, 9), (8, 10), (10, 11), (4, 12), (1, 6), (2, 4), (2, 4), (2, 5), (3, 6), (9, 10), (6, 13), (7, 11), (2, 14), (5, 6), (4, 7), (6, 7), (6, 8), (9, 12), (11, 12), (10, 12), (11, 12), (4, 13), (5, 6), (8, 10), (11, 12), (2, 14), (1, 2), (0, 3), (5, 6), (7, 11), (9, 12), (2, 11), (1, 2), (3, 4), (8, 9), (10, 11), (1, 12), (4, 5), (7, 10), (8, 9), (8, 11), (9, 10), (9, 12), (10, 12), (0, 13), (2, 3), (3, 6), (4, 5), (8, 10), (3, 10), (6, 9), (7, 12), (8, 10), (8, 10), (1, 14), (2, 4), (3, 5), (9, 10), (3, 11), (2, 7), (3, 5), (6, 7), (10, 12), (0, 13), (7, 8), (7, 9), (7, 11), (8, 10), (9, 10), (11, 12), (10, 12), (11, 12), (6, 13), (5, 6), (3, 5), (4, 5), (8, 10), (3, 14), (1, 8), (3, 4), (4, 6), (5, 7), (8, 10), (0, 11), (2, 3), (0, 12), (1, 2), (2, 3), (4, 5), (6, 9), (8, 9), (10, 11), (7, 14), (9, 10), (9, 11), (4, 9), (8, 9), (10, 11), (12, 13), (2, 14), (3, 5), (4, 5), (4, 7), (7, 8), (1, 9), (8, 9), (2, 10), (3, 4), (4, 5), (8, 9), (4, 12), (5, 6), (9, 11), (10, 11), (0, 13), (4, 6), (5, 6), (6, 8), (7, 8), (7, 9), (9, 10), (4, 11), (4, 8), (5, 8), (7, 8), (8, 9), (0, 14), (4, 5), (4, 8), (6, 7), (9, 10), (11, 12), (1, 14), (3, 4), (4, 5), (5, 7), (6, 7), (6, 8), (6, 9), (9, 11), (10, 11), (9, 13), (1, 14), (1, 3), (0, 5), (4, 6), (6, 8), (7, 8), (8, 9), (5, 10), (10, 12), (4, 13), (5, 6), (5, 8), (6, 7), (6, 8), (7, 8), (2, 9), (3, 5), (3, 6), (5, 8), (6, 8), (8, 10), (9, 10), (10, 11), (1, 13), (4, 8), (5, 6), (5, 9), (6, 7), (4, 10), (0, 14), (2, 3), (4, 6), (0, 8), (1, 10), (2, 4), (3, 4), (1, 6), (6, 10), (8, 12), (9, 11), (11, 12), (8, 13), (9, 11), (7, 14), (8, 9), (8, 10), (9, 10), (10, 11), (9, 11), (6, 9), (4, 6), (3, 4), (0, 3), (2, 3), (9, 11), (10, 11), (1, 12), (6, 7), (6, 11), (7, 9), (8, 9), (9, 10), (10, 11), (11, 12), (0, 13), (2, 7), (4, 7), (3, 10), (4, 6), (5, 9), (7, 10), (5, 13), (6, 8), (7, 8), (8, 9), (3, 11), (4, 5), (5, 6), (9, 12), (11, 12), (2, 13), (6, 7), (2, 9), (3, 4), (3, 5), (10, 11), (9, 13), (10, 11)]
