results/potlll/svpchallengedim40seed1dim15delta0.98999995.txt: 107.967 sec
b: [[-12003801, 20597107, 33891312, 21579372, 4925482, 298076, -6742438, 20387810, -15406432, -43422435, 6647930, -73956810, 12498150, -25154287, -22362880],
 [17041308, 11932974, -20128724, 23607371, 15416690, -11935642, 43605322, 25931572, 66618491, -6254573, -21315734, -72931431, -17893224, -1665546, 12918498],
 [25609557, 1709213, -34292386, 35264628, 21881547, 9501446, -7872922, -34281145, -87288527, 20404849, -20530328, 17371542, -48639287, -7086679, -6883199],
 [-34904964, 20180158, -11702545, -49810165, 22016623, -843785, 15065120, 75350350, 45646080, -436008, 6399803, 8548046, -34746120, -50089663, 14512186],
 [-1453106, -27153767, 22841672, -35454681, 57724514, -12855622, 55868646, 76370437, 52024801, 15963731, 12648560, 16465159, 8977616, 13461570, -40423582],
 [-69305611, 998221, 665626, 700330, 47121507, 27691297, -36292799, 56962182, 6168898, 29443331, -15383840, -18502872, 28862507, -1911803, -53536799],
 [87280348, -29191421, -6416891, 46444611, -5612139, 25054982, -4479221, -642392, 7038241, -36191770, 44106728, -24456853, -31529823, 43599144, -8540498],
 [-1394478, 10963238, 38825516, 18848817, 78987098, -34418282, -6233408, -63751016, -15018403, 30942671, -620012, -13607260, -16108098, -32620287, -36615240],
 [18878134, 77111663, 85721007, -10550254, 39012358, 34857070, 7397279, 14511932, -44441067, -1180532, 30517896, 5904228, -35432003, -13439965, -10307919],
 [-60544430, 37042301, 73843702, -19806612, 14806801, -709196, 36379808, 32068209, -36035388, -57247317, 29186057, 34503231, -31783486, 28911394, -29379520],
 [-3266028, 24993557, 25093485, 18069120, -19284770, 7149896, 28327959, -42872353, 21709668, -48709411, 38941537, 65134235, 52695480, 8574243, -46415559],
 [-8231787, -42354933, 243388, -24772625, -53081320, 38977969, -34158171, -19860712, 8119506, 67420554, 33113214, -42134348, 26492665, 12967425, -40017131],
 [-30701643, 10272267, 46696128, 30305676, -11683362, 85142803, -7732416, -95543236, -51234920, 687478, -40413359, -37073467, 8360355, -20029403, 11114191],
 [43607562, 2142806, -6504855, 29232833, -72953138, -57147290, -36884387, -81102439, -17403676, -37580195, -34777767, -83909662, -69489383, 40227942, -34963139],
 [-8827898, -19167976, 32764109, 32834386, 6144715, 15232087, -28677219, 9166763, 26104819, 94779511, -55206722, 31707915, -84308225, -32648471, 7837863]], shape=[15, 15], strides=[15, 1], layout=Cc (0x5), const ndim=2
v_norms: [11593805905982940, 157287472937558356349475447626879/11593805905982940, 2255327819493200218773295331357551840336380229567/157287472937558356349475447626879, 30055699652392605928324080296757442938883790797758887723510363460/2255327819493200218773295331357551840336380229567, 368143684690050495144171870960885252152936522969157661809500119709035931529879377/30055699652392605928324080296757442938883790797758887723510363460, 4220253628000097459710815142735307415668719454387896049676702573324981244414995830722562115712852/368143684690050495144171870960885252152936522969157661809500119709035931529879377, 43463257111776364733709825191871333630096127152139759136035452507762655941110177420071488627247306663266938650767/4220253628000097459710815142735307415668719454387896049676702573324981244414995830722562115712852, 454974945214612197549279720646024644884339069147262865466265914586726205225774421896268356674038529782696476278729188572471230509/43463257111776364733709825191871333630096127152139759136035452507762655941110177420071488627247306663266938650767, 4866346467908664924885027177351363519166671552225452684957690864634535488817978303522431256937175068014469195491001512519226097785567224918113640/454974945214612197549279720646024644884339069147262865466265914586726205225774421896268356674038529782696476278729188572471230509, 42231626225318898530806312453430424205539052153946125744357074822783163389722425640838965548913937361594894982996342097998437355030037678349003535292347425721771/4866346467908664924885027177351363519166671552225452684957690864634535488817978303522431256937175068014469195491001512519226097785567224918113640, 375627658257090416817151400111423327913169517977438224061248340224400987231149510355844702184304361050001863979218053319108915348236335407992760488350541331381099513016721619611/42231626225318898530806312453430424205539052153946125744357074822783163389722425640838965548913937361594894982996342097998437355030037678349003535292347425721771, 3212462677314641100262705894601855639712047599388609233003968765651659244990394640511035278242968458241539004581715807351475381758459729863916048713233833497551382028496192628711390491114755641/375627658257090416817151400111423327913169517977438224061248340224400987231149510355844702184304361050001863979218053319108915348236335407992760488350541331381099513016721619611, 27973970557610017903431298837852172700498449990130893278912789184958362533662045872900188176290474456770528639806387792810361743444309000317509003599337479793827763358247290527607397789837054913140682072920947/3212462677314641100262705894601855639712047599388609233003968765651659244990394640511035278242968458241539004581715807351475381758459729863916048713233833497551382028496192628711390491114755641, 199126753690871873861971808217321571218622706144173580637673554424515830813193832847613984990793427163428298862439234108419423909449058702863414684788420802861075051124499038416811992232866045409443321403288511055052754674167/27973970557610017903431298837852172700498449990130893278912789184958362533662045872900188176290474456770528639806387792810361743444309000317509003599337479793827763358247290527607397789837054913140682072920947, 1984083717671826650609068492491545474568058220941746014967236068107902685534469572773757007874341231374906887799917497788436679281525975919995230620271736429153086793429180102932127637234353921652915495645689402607670627759947945034459581929/199126753690871873861971808217321571218622706144173580637673554424515830813193832847613984990793427163428298862439234108419423909449058702863414684788420802861075051124499038416811992232866045409443321403288511055052754674167], shape=[15], strides=[1], layout=CFcf (0xf), const ndim=1
Mu { arr: [4202200951333201/11593805905982940, -407803692647169/1932300984330490, -47774134320305877823781224126986/157287472937558356349475447626879, 133224176585267/11593805905982940, 55582068861059466212725400661313/157287472937558356349475447626879, -784769534685868222781528835765242552783183634278/2255327819493200218773295331357551840336380229567, -102272700285737/1159380590598294, 62320510958882042717934539149730/157287472937558356349475447626879, -1110486271714627049427577830943554046172887130398/2255327819493200218773295331357551840336380229567, 12520534418180754164764127267809571491105610253851350287683231971/30055699652392605928324080296757442938883790797758887723510363460, 1008801260539072/2898451476495735, -18999755707002955967220766503028/157287472937558356349475447626879, -433379089599567311054166636581967300421372649409/2255327819493200218773295331357551840336380229567, 950644267489582004009774863160329403704745656061442352336698967/2504641637699383827360340024729786911573649233146573976959196955, 149719543332763679627742603357692774748528349506817025681643512226909217640633148/368143684690050495144171870960885252152936522969157661809500119709035931529879377, 1398033799061687/11593805905982940, 36872195814435322119155886780253/157287472937558356349475447626879, 641257168400345586379611251853263868391546916344/2255327819493200218773295331357551840336380229567, -3003108254548868425383670853599388454509574273182158713806434147/6011139930478521185664816059351488587776758159551777544702072692, 65042098617323774227615459628631307831280770297465973264833092404097618988619795/368143684690050495144171870960885252152936522969157661809500119709035931529879377, -1822685370199988601994364928758029832592032332026445835098125707454673034484634139512404405910383/4220253628000097459710815142735307415668719454387896049676702573324981244414995830722562115712852, 603565212161332/2898451476495735, -19939746882637935218902010289508/157287472937558356349475447626879, 931874143442228863167336377051216931262801839169/2255327819493200218773295331357551840336380229567, -577562962622120297320587314740610797411048629743886066412420361/10018566550797535309441360098919147646294596932586295907836787820, 126735810770278029820742919471516284943218877704790356761288940536492607806314579/368143684690050495144171870960885252152936522969157661809500119709035931529879377, 300018019063301776650780948927021720095621900268251073485780145230629595455065173528641713911445/4220253628000097459710815142735307415668719454387896049676702573324981244414995830722562115712852, -20777593485306441957668940076105356165768428238661740236648721928903355270353835070701723616159696259080719739029/43463257111776364733709825191871333630096127152139759136035452507762655941110177420071488627247306663266938650767, 2557824355401043/5796902952991470, -60446076348795703308637458373946/157287472937558356349475447626879, 416735931185866173147621527009809111408778509217/2255327819493200218773295331357551840336380229567, 3858101321808510561823383108049503364348951397980402341362833143/10018566550797535309441360098919147646294596932586295907836787820, 98880772299563063935698314223984412600477180196515998418788116604028789740306063/368143684690050495144171870960885252152936522969157661809500119709035931529879377, -798821897010291197899795934216662674174361898622284535455308795463014943421984263518942453876205/2110126814000048729855407571367653707834359727193948024838351286662490622207497915361281057856426, 61353076986454343269719116517456366756757533545711159572496565797171638302265863689923384182105145170652910530/1317068397326556507082115914905191928184731125822416943516225833568565331548793255153681473552948686765664807599, 158956412093551052839087166831082358862740542099962422012633011501413254200135206723161060961595290210670621718143867733093569816/454974945214612197549279720646024644884339069147262865466265914586726205225774421896268356674038529782696476278729188572471230509, 2131003717349801/5796902952991470, -75056440340180738540921399035642/157287472937558356349475447626879, -524164110314311952836007994148582900606337427450/2255327819493200218773295331357551840336380229567, 1023360565234325461434532328969834175652869585655110942014684403/2504641637699383827360340024729786911573649233146573976959196955, 158948921298878669792139660735563744785328207184775116740444579479138828997085492/368143684690050495144171870960885252152936522969157661809500119709035931529879377, -1496667339817575387790802424581145471636840713423743931163539421088037173224633014874063629486895/4220253628000097459710815142735307415668719454387896049676702573324981244414995830722562115712852, -1810784977273919946907983529017017705188367183588304022868150417933756238857271607019618753038232404997449817951/14487752370592121577903275063957111210032042384046586378678484169254218647036725806690496209082435554422312883589, -57824779095724095929770074080216908996159134358890818759990100802874662318011589160136397459699186716673105399958871186402567600/454974945214612197549279720646024644884339069147262865466265914586726205225774421896268356674038529782696476278729188572471230509, 2301884139568839370729949956253551596555921857103432060581640562750774260913641688416469182627235574835765992347566413178958842497706233613043369/4866346467908664924885027177351363519166671552225452684957690864634535488817978303522431256937175068014469195491001512519226097785567224918113640, -660281660931581/11593805905982940, -60775183572862323123099203028739/157287472937558356349475447626879, -938126588366121495345015715183951905763493200147/2255327819493200218773295331357551840336380229567, -2898567262305309124791141015260250082875771694709073318520763287/7513924913098151482081020074189360734720947699439721930877590865, 59123907812980042676169615549390142302982492292932134016242565495078130200922644/368143684690050495144171870960885252152936522969157661809500119709035931529879377, -1256696753515202478508749150314832468740055155535056316805956200521055256763719619276170316188249/4220253628000097459710815142735307415668719454387896049676702573324981244414995830722562115712852, -1625691308220924689853650631265415720164046559869282426389557814983403725919775058693769961514178966848633030467/43463257111776364733709825191871333630096127152139759136035452507762655941110177420071488627247306663266938650767, 53472478176574924239276260457087689295189259015160203012300857565008549437202524370539527658623216568697858756962029790310757055/454974945214612197549279720646024644884339069147262865466265914586726205225774421896268356674038529782696476278729188572471230509, 545147416859100296899233981829170566379331740222071571458039557683939646359153732407141614456740024112156342027904092854268600777645801395820363/4866346467908664924885027177351363519166671552225452684957690864634535488817978303522431256937175068014469195491001512519226097785567224918113640, 15803972957472138565502106697425031258598940761704521457847497803243288877823328278104753044216434383354913315865026835472846743079029400924421809586043015934537/42231626225318898530806312453430424205539052153946125744357074822783163389722425640838965548913937361594894982996342097998437355030037678349003535292347425721771, -540924740339933/11593805905982940, -33085357753737549513669881418607/157287472937558356349475447626879, -603559576648011085228917780372285943148212711145/2255327819493200218773295331357551840336380229567, -3629105467303710181313076192528821683995826399490881115109323461/10018566550797535309441360098919147646294596932586295907836787820, -14608297700816443821477915518060665582025501050433701861150993717056944490732141/368143684690050495144171870960885252152936522969157661809500119709035931529879377, 2032600962107650408845950437458764805572205852808807258579404266610105130271916220212028182829159/4220253628000097459710815142735307415668719454387896049676702573324981244414995830722562115712852, 4037296983607952225575010401556506625110385070729432647521775344458467297620194599930316551774192931647013007395/14487752370592121577903275063957111210032042384046586378678484169254218647036725806690496209082435554422312883589, 16161027232079659746410972294726544479542971931064105439311527775476063116909172121332186754377861222641192201289135673145627351/454974945214612197549279720646024644884339069147262865466265914586726205225774421896268356674038529782696476278729188572471230509, -502432272590678539604555194535187018517976392438204803352136747704947319863290181358265787775950560228471362579715729169427042537467766881391311/4866346467908664924885027177351363519166671552225452684957690864634535488817978303522431256937175068014469195491001512519226097785567224918113640, -20303441548546322931458347586789050313895628018070752402821412920506509249151795763918702975806413050738043288267804366510530568748561329204000136886181752418989/42231626225318898530806312453430424205539052153946125744357074822783163389722425640838965548913937361594894982996342097998437355030037678349003535292347425721771, -110057246328009114419520880119855219129799145434605716157640751105384789910056738759200391393566770541823289472737987600481949314563229115039939875398850998203417460134896447669/375627658257090416817151400111423327913169517977438224061248340224400987231149510355844702184304361050001863979218053319108915348236335407992760488350541331381099513016721619611, 4481171243079353/11593805905982940, -70552070271503668185793213341533/157287472937558356349475447626879, 946296456732066726183029019825088827906325981483/2255327819493200218773295331357551840336380229567, -4713550702593839331005780533641125806644053674023610282994872927/10018566550797535309441360098919147646294596932586295907836787820, -173695226912682504625153144843979383993385506105610040030073445446510484345488287/368143684690050495144171870960885252152936522969157661809500119709035931529879377, 574972955634637777361589341217147371745339868994611144249228785298390964415128747690763858406681/2110126814000048729855407571367653707834359727193948024838351286662490622207497915361281057856426, -5143890668177057986148331290303307959629459917936040874715062203470043073300347826775815334974434471533873499010/14487752370592121577903275063957111210032042384046586378678484169254218647036725806690496209082435554422312883589, 74974925117035150844781455634545140190084244708910986374814370511024454654388444400688373593626968771472687958401439907759885941/454974945214612197549279720646024644884339069147262865466265914586726205225774421896268356674038529782696476278729188572471230509, 224556144686199015746233428432090262420289560838957119261739384303619634692683021032622743430999061923403041207565198302148514198048439688451195/486634646790866492488502717735136351916667155222545268495769086463453548881797830352243125693717506801446919549100151251922609778556722491811364, 608334573006397844293846758776838040800743746857722711032406264236450150809056169478251930445717051349448432583428635236653365107396634217551964808541966592650/42231626225318898530806312453430424205539052153946125744357074822783163389722425640838965548913937361594894982996342097998437355030037678349003535292347425721771, 13221352330351392195529094318471424606857072545339699374533814884836909886247079041908799466140916579353116785494571494020024570142408156455154616600641226231066659893393407171/375627658257090416817151400111423327913169517977438224061248340224400987231149510355844702184304361050001863979218053319108915348236335407992760488350541331381099513016721619611, 1015419388324120282700676283274363155050846460365598563471616010507047639724046388622334101061687558823814476273443590397386907916364943377740275156297080240379239433089204750475002803557016160/3212462677314641100262705894601855639712047599388609233003968765651659244990394640511035278242968458241539004581715807351475381758459729863916048713233833497551382028496192628711390491114755641, 4925798633586839/11593805905982940, 26800537162293873715677676764481/157287472937558356349475447626879, 1319895990363425152264555582765984171118388290618/2255327819493200218773295331357551840336380229567, -6124825303787810632517466232819403225833149359568941295813276526/7513924913098151482081020074189360734720947699439721930877590865, -206112367121821778588532255711324764942825717119847163013037451624008989395553508/368143684690050495144171870960885252152936522969157661809500119709035931529879377, -1307992210652554482254797659800237098590605972739821822845708632353209921345917869446361606012985/4220253628000097459710815142735307415668719454387896049676702573324981244414995830722562115712852, 4496608772141200876746426531590644799854068022112648192956568653330220816054729159942012728932878571531737713417/43463257111776364733709825191871333630096127152139759136035452507762655941110177420071488627247306663266938650767, 65700389584024554105647714083081792318177154448826089388883293737585738566151277145469675935582145778990552375146980828461804328/454974945214612197549279720646024644884339069147262865466265914586726205225774421896268356674038529782696476278729188572471230509, -381700731566026974629918134152708414448487642287135062834696675738146233773934431053807014964598920524929606572596269986553942127809463712893949/1216586616977166231221256794337840879791667888056363171239422716158633872204494575880607814234293767003617298872750378129806524446391806229528410, 19266960449902831473142140609904035145957661344737889901159956980521962826821816595218597551753377163536192353902764564296916031095471658362721644486586796220276/42231626225318898530806312453430424205539052153946125744357074822783163389722425640838965548913937361594894982996342097998437355030037678349003535292347425721771, -57445105416620044608874849440892314610086306782879449386116311356604620907932024421631128580204610822864372644229954982309208747183769395154904474973649575990454435139096930085/125209219419030138939050466703807775971056505992479408020416113408133662410383170118614900728101453683333954659739351106369638449412111802664253496116847110460366504338907206537, 1354330157728866209638731013628956080368985356205687124954500228859519541010626139845042715799748100717561812769375345626199522890569352254743182779895249819883032964328232159056250938701663951/3212462677314641100262705894601855639712047599388609233003968765651659244990394640511035278242968458241539004581715807351475381758459729863916048713233833497551382028496192628711390491114755641, -13648605456725206996685476544611182423387444921562717774469304775696084713548669982409425921020831232936480349135332877492784678024093501179138732322893640470980353856393153597200909553702705744581378072954705/27973970557610017903431298837852172700498449990130893278912789184958362533662045872900188176290474456770528639806387792810361743444309000317509003599337479793827763358247290527607397789837054913140682072920947, -474359401721088/966150492165245, 27529660088943987658556791202556/157287472937558356349475447626879, 802754777062001299516089688265168545282598057533/2255327819493200218773295331357551840336380229567, 11349317497860026632839546063214878529780820391965867544459082069/30055699652392605928324080296757442938883790797758887723510363460, -14132807464568321206320762014888723031193916996296521273080639041444299439616737/368143684690050495144171870960885252152936522969157661809500119709035931529879377, 447799804857088319860760646890236954193044527670824041161213284118142780799257398923743609869572/1055063407000024364927703785683826853917179863596974012419175643331245311103748957680640528928213, -1428734733420894080234480510384550674430484415638500273716550257995780855273526892409682346874065783627397773292/43463257111776364733709825191871333630096127152139759136035452507762655941110177420071488627247306663266938650767, 210793818553477374317937779779464925451813080432072253393771129780118511685951272098336010298270611929788159037639041588803176022/454974945214612197549279720646024644884339069147262865466265914586726205225774421896268356674038529782696476278729188572471230509, 1327345365679415511129876745967308869103679338977747018844299236109455106739651797556955793146885434049009182873260914383664042646310537721845307/4866346467908664924885027177351363519166671552225452684957690864634535488817978303522431256937175068014469195491001512519226097785567224918113640, -4747800390735491935491905312168081192748555291194429370762684981043102465292876753448961045523715116373094241301365916197219532047577772347199600425684390681207/42231626225318898530806312453430424205539052153946125744357074822783163389722425640838965548913937361594894982996342097998437355030037678349003535292347425721771, -14716447053913634643788176435883259434086583286403285965935827687552698245911535785664860249714795536410387607628595477697041671809581643507307809914694427365282977331099238444/34147968932462765165195581828311211628469956179767111278295303656763726111922682759622245653118578277272896725383459392646265031657848673453887317122776484671009046637883783601, 489544860956443366211959137340723000171662803331246193684983108416035814235267907800867271723847225790268929050211420849832159019719167570407086942375111702270871165891274331349111627046120833/3212462677314641100262705894601855639712047599388609233003968765651659244990394640511035278242968458241539004581715807351475381758459729863916048713233833497551382028496192628711390491114755641, 7725282165936478833939771472505635486353085193370299793669309591337530442538621464239929692718625652735708136372310326668289968631727157236442906301265956378325673562418165682946472008637263655196168724329801/27973970557610017903431298837852172700498449990130893278912789184958362533662045872900188176290474456770528639806387792810361743444309000317509003599337479793827763358247290527607397789837054913140682072920947, 77333855199980316459844349748336137258641152034733907440003546383247017944677966972453640463217898953660414495367835373056065591046299685644527558420836968470173716650426228777366168322544445088262487482734004058064468842273/199126753690871873861971808217321571218622706144173580637673554424515830813193832847613984990793427163428298862439234108419423909449058702863414684788420802861075051124499038416811992232866045409443321403288511055052754674167] }
(hist.len, cnt): (1555, 5980)
[(0, 1), (0, 1), (0, 1), (0, 1), (0, 1), (0, 1), (0, 1), (0, 1), (0, 1), (0, 1), (0, 1), (0, 1), (0, 1), (0, 1), (0, 1), (0, 1), (0, 1), (0, 1), (0, 1), (0, 1), (0, 1), (0, 1), (0, 1), (0, 1), (0, 1), (0, 1), (0, 1), (0, 1), (0, 1), (0, 1), (0, 1), (0, 1), (0, 1), (0, 1), (0, 1), (0, 1), (0, 1), (0, 1), (0, 1), (0, 1), (0, 1), (0, 1), (0, 1), (0, 1), (0, 1), (0, 1), (0, 1), (0, 1), (0, 1), (0, 1), (0, 1), (0, 1), (0, 1), (0, 1), (0, 1), (0, 1), (0, 1), (0, 1), (0, 1), (0, 1), (0, 1), (0, 1), (0, 1), (0, 1), (0, 1), (0, 1), (0, 1), (0, 1), (0, 1), (0, 1), (0, 1), (0, 1), (0, 1), (0, 1), (0, 1), (0, 1), (0, 1), (0, 1), (0, 1), (0, 1), (0, 1), (0, 1), (0, 2), (0, 2), (0, 2), (0, 2), (0, 2), (0, 2), (0, 2), (0, 2), (0, 2), (0, 2), (1, 2), (0, 2), (0, 2), (0, 2), (0, 2), (0, 2), (0, 2), (0, 2), (0, 1), (0, 2), (0, 2), (0, 1), (0, 2), (0, 2), (0, 2), (0, 2), (0, 2), (0, 2), (0, 2), (0, 1), (0, 2), (0, 2), (0, 2), (0, 2), (0, 2), (0, 2), (1, 2), (0, 2), (0, 2), (1, 2), (0, 2), (0, 2), (0, 1), (0, 2), (0, 2), (0, 2), (0, 2), (0, 2), (0, 2), (0, 2), (0, 2), (0, 2), (0, 1), (0, 2), (0, 1), (0, 2), (0, 2), (0, 2), (0, 1), (0, 2), (0, 2), (0, 2), (1, 2), (0, 2), (0, 3), (0, 3), (0, 3), (1, 2), (0, 3), (0, 3), (1, 2), (0, 3), (0, 3), (0, 3), (0, 3), (0, 3), (1, 2), (0, 3), (0, 1), (0, 3), (1, 2), (0, 3), (0, 3), (0, 3), (1, 2), (0, 3), (0, 3), (1, 2), (0, 3), (1, 3), (0, 3), (1, 2), (0, 3), (1, 3), (0, 3), (0, 3), (0, 3), (2, 3), (0, 3), (0, 2), (1, 2), (0, 3), (1, 2), (0, 3), (1, 3), (0, 3), (1, 2), (0, 3), (0, 3), (1, 2), (0, 3), (1, 2), (0, 3), (1, 3), (0, 3), (0, 3), (1, 2), (1, 3), (0, 3), (0, 2), (0, 3), (1, 3), (0, 3), (0, 2), (1, 2), (0, 4), (2, 3), (0, 4), (0, 2), (0, 4), (1, 4), (2, 3), (0, 4), (1, 3), (0, 4), (2, 3), (0, 4), (0, 4), (0, 4), (1, 2), (2, 3), (0, 4), (0, 2), (2, 3), (1, 4), (1, 4), (0, 4), (1, 2), (2, 3), (0, 4), (1, 3), (0, 4), (1, 4), (0, 4), (0, 4), (0, 3), (1, 2), (0, 4), (1, 3), (1, 3), (0, 4), (1, 3), (0, 4), (0, 3), (1, 3), (0, 4), (1, 3), (0, 4), (1, 2), (2, 3), (0, 4), (1, 2), (1, 4), (2, 3), (0, 4), (0, 3), (0, 4), (1, 3), (0, 4), (1, 2), (1, 3), (0, 4), (0, 2), (0, 3), (0, 4), (0, 4), (0, 3), (0, 4), (1, 3), (0, 4), (0, 2), (0, 3), (0, 4), (0, 5), (2, 4), (1, 5), (0, 5), (1, 2), (2, 3), (0, 4), (1, 2), (1, 3), (3, 4), (0, 5), (1, 2), (1, 4), (2, 3), (0, 5), (1, 2), (0, 5), (1, 5), (2, 3), (2, 4), (3, 4), (0, 5), (1, 2), (0, 4), (3, 4), (0, 5), (1, 2), (0, 5), (0, 5), (2, 4), (3, 4), (0, 5), (0, 3), (0, 4), (2, 3), (0, 5), (1, 2), (2, 3), (0, 5), (2, 3), (0, 4), (2, 3), (0, 4), (2, 3), (0, 5), (1, 3), (2, 3), (2, 5), (3, 4), (0, 5), (2, 3), (1, 4), (1, 3), (3, 4), (0, 5), (1, 5), (2, 3), (2, 4), (1, 5), (1, 3), (0, 4), (0, 3), (2, 3), (0, 5), (0, 4), (1, 4), (0, 5), (0, 5), (0, 6), (0, 4), (2, 3), (0, 6), (1, 2), (4, 5), (0, 6), (2, 3), (2, 4), (1, 6), (2, 3), (4, 5), (1, 6), (3, 5), (0, 6), (2, 4), (1, 5), (1, 4), (0, 6), (2, 4), (0, 5), (2, 5), (3, 6), (4, 5), (0, 6), (1, 3), (1, 6), (1, 5), (4, 5), (0, 6), (3, 4), (4, 5), (1, 6), (3, 4), (0, 6), (2, 4), (1, 5), (1, 3), (0, 5), (1, 5), (0, 6), (2, 5), (4, 5), (0, 6), (1, 2), (2, 3), (0, 5), (3, 4), (0, 6), (3, 4), (0, 5), (1, 2), (3, 4), (0, 5), (3, 5), (4, 5), (0, 6), (1, 4), (1, 6), (2, 3), (2, 4), (3, 4), (2, 6), (2, 4), (4, 5), (0, 6), (1, 3), (2, 3), (2, 4), (1, 6), (2, 3), (2, 4), (3, 4), (2, 5), (3, 4), (0, 6), (1, 3), (0, 4), (0, 5), (1, 2), (2, 4), (1, 6), (2, 3), (2, 4), (3, 4), (0, 6), (2, 4), (3, 4), (1, 6), (1, 5), (4, 5), (1, 6), (2, 3), (3, 4), (1, 6), (3, 4), (4, 5), (0, 7), (3, 4), (0, 5), (4, 5), (0, 7), (1, 2), (2, 3), (0, 5), (2, 3), (1, 5), (3, 4), (3, 7), (0, 7), (0, 1), (3, 5), (3, 5), (0, 6), (1, 2), (5, 6), (0, 7), (0, 5), (3, 5), (3, 6), (0, 7), (4, 5), (0, 6), (2, 3), (0, 5), (2, 3), (5, 6), (1, 7), (3, 5), (0, 7), (1, 2), (1, 4), (0, 6), (1, 2), (3, 5), (0, 7), (1, 2), (0, 4), (2, 3), (0, 6), (1, 2), (2, 4), (5, 6), (0, 7), (3, 4), (4, 5), (0, 6), (4, 5), (0, 7), (1, 2), (4, 6), (1, 7), (0, 3), (3, 4), (3, 6), (0, 5), (1, 2), (0, 7), (1, 2), (0, 4), (3, 4), (2, 6), (4, 5), (3, 6), (2, 7), (3, 4), (4, 6), (0, 7), (1, 2), (2, 3), (1, 5), (2, 3), (3, 4), (4, 5), (3, 6), (4, 6), (2, 7), (1, 4), (3, 4), (1, 5), (4, 5), (2, 7), (3, 4), (0, 8), (1, 2), (0, 3), (1, 2), (4, 5), (4, 7), (3, 6), (2, 8), (4, 5), (4, 6), (5, 6), (0, 7), (0, 8), (2, 3), (1, 8), (1, 6), (0, 8), (3, 7), (5, 6), (3, 8), (5, 6), (3, 7), (4, 5), (5, 6), (5, 7), (6, 7), (0, 8), (0, 2), (2, 4), (4, 5), (0, 8), (2, 3), (4, 5), (0, 7), (2, 3), (3, 4), (3, 5), (0, 6), (0, 3), (2, 3), (0, 5), (2, 8), (3, 5), (6, 7), (0, 8), (2, 3), (2, 4), (4, 6), (6, 7), (0, 8), (1, 2), (3, 5), (3, 7), (4, 5), (0, 7), (5, 6), (0, 8), (1, 2), (2, 3), (3, 4), (6, 7), (1, 8), (4, 5), (0, 6), (5, 6), (0, 7), (1, 3), (3, 6), (5, 6), (0, 8), (2, 3), (2, 4), (2, 6), (4, 6), (5, 6), (0, 8), (4, 5), (2, 7), (5, 6), (4, 7), (0, 8), (0, 2), (1, 2), (0, 3), (0, 5), (3, 4), (2, 6), (0, 8), (1, 3), (0, 4), (3, 5), (4, 5), (0, 8), (1, 2), (2, 4), (1, 8), (2, 3), (4, 6), (0, 7), (1, 2), (0, 4), (4, 5), (5, 6), (4, 7), (5, 7), (0, 8), (0, 4), (1, 2), (3, 5), (1, 6), (4, 5), (2, 6), (0, 7), (1, 2), (3, 4), (1, 8), (2, 3), (0, 4), (0, 6), (1, 2), (1, 7), (2, 4), (4, 5), (4, 6), (0, 9), (2, 3), (3, 4), (4, 5), (1, 7), (4, 5), (6, 7), (2, 9), (4, 5), (0, 6), (2, 7), (2, 4), (5, 6), (0, 8), (1, 3), (2, 3), (3, 4), (2, 5), (5, 6), (5, 7), (1, 8), (2, 3), (2, 4), (3, 4), (3, 6), (2, 6), (3, 4), (0, 9), (3, 4), (4, 7), (0, 8), (0, 4), (1, 8), (6, 8), (0, 9), (1, 2), (2, 3), (2, 4), (0, 9), (1, 4), (3, 5), (6, 7), (0, 8), (4, 5), (0, 9), (0, 2), (3, 5), (4, 5), (0, 7), (4, 5), (5, 6), (2, 7), (4, 5), (7, 8), (1, 9), (4, 5), (2, 6), (0, 2), (1, 2), (2, 3), (4, 5), (5, 6), (0, 7), (1, 6), (2, 3), (3, 5), (6, 7), (5, 8), (7, 8), (0, 9), (1, 3), (3, 4), (3, 5), (0, 7), (1, 2), (5, 6), (0, 7), (4, 5), (2, 6), (3, 4), (4, 5), (5, 6), (6, 7), (0, 9), (2, 5), (5, 6), (0, 7), (0, 6), (2, 3), (4, 5), (0, 9), (2, 3), (3, 4), (5, 6), (0, 9), (1, 2), (3, 4), (5, 8), (3, 8), (0, 9), (5, 6), (1, 8), (4, 5), (5, 7), (2, 8), (3, 4), (4, 5), (6, 8), (1, 9), (2, 3), (2, 4), (4, 5), (6, 8), (1, 9), (1, 4), (7, 8), (0, 10), (3, 4), (2, 9), (0, 6), (4, 6), (4, 9), (0, 10), (1, 4), (3, 5), (2, 7), (3, 4), (0, 8), (1, 2), (0, 10), (0, 3), (2, 3), (4, 5), (5, 7), (7, 8), (7, 9), (8, 9), (0, 10), (2, 3), (1, 5), (1, 8), (1, 10), (3, 5), (4, 6), (5, 7), (6, 7), (5, 8), (7, 8), (0, 10), (3, 4), (2, 5), (3, 4), (0, 9), (1, 3), (5, 6), (0, 7), (5, 7), (6, 7), (8, 9), (2, 10), (3, 5), (4, 5), (6, 7), (3, 8), (4, 7), (5, 8), (0, 9), (1, 2), (4, 5), (6, 7), (0, 8), (1, 2), (0, 9), (1, 6), (6, 7), (4, 8), (2, 4), (3, 4), (3, 7), (1, 10), (4, 5), (1, 6), (5, 8), (6, 7), (5, 9), (3, 7), (1, 8), (0, 10), (1, 3), (0, 6), (2, 3), (4, 5), (5, 7), (5, 9), (6, 7), (8, 9), (0, 10), (3, 7), (6, 8), (0, 9), (1, 4), (5, 10), (6, 7), (2, 8), (3, 5), (7, 8), (0, 9), (3, 4), (2, 5), (3, 5), (4, 5), (5, 7), (7, 8), (4, 9), (1, 6), (2, 5), (3, 6), (0, 10), (1, 2), (2, 3), (3, 5), (4, 7), (2, 9), (3, 6), (4, 6), (2, 7), (6, 7), (0, 8), (1, 5), (6, 10), (8, 9), (7, 10), (1, 11), (1, 4), (2, 6), (4, 6), (6, 7), (1, 8), (2, 3), (5, 6), (6, 7), (7, 8), (8, 9), (8, 10), (0, 11), (3, 5), (4, 5), (1, 6), (4, 7), (1, 6), (1, 8), (7, 8), (3, 9), (5, 7), (6, 7), (5, 9), (8, 10), (6, 10), (7, 8), (7, 9), (1, 11), (2, 3), (2, 4), (0, 5), (2, 6), (0, 7), (1, 2), (5, 6), (7, 8), (7, 9), (3, 10), (4, 6), (5, 6), (5, 8), (2, 11), (3, 4), (3, 5), (5, 6), (0, 7), (2, 3), (1, 5), (2, 3), (2, 5), (4, 6), (7, 9), (6, 10), (5, 8), (6, 7), (0, 11), (3, 4), (4, 5), (5, 6), (4, 7), (5, 6), (7, 8), (3, 9), (3, 5), (6, 7), (2, 8), (3, 10), (4, 5), (4, 6), (5, 6), (0, 11), (2, 4), (4, 5), (5, 6), (5, 7), (7, 8), (7, 10), (0, 11), (1, 3), (4, 5), (1, 6), (5, 6), (4, 7), (5, 6), (0, 8), (3, 4), (2, 5), (4, 6), (6, 9), (8, 10), (9, 10), (6, 11), (3, 6), (0, 3), (8, 10), (1, 11), (2, 3), (3, 6), (4, 6), (6, 7), (0, 8), (6, 7), (2, 8), (3, 6), (3, 10), (3, 7), (8, 10), (2, 11), (4, 5), (1, 6), (0, 7), (6, 7), (0, 9), (4, 10), (5, 7), (7, 8), (8, 9), (0, 11), (1, 3), (2, 5), (4, 6), (6, 7), (0, 8), (1, 4), (4, 6), (5, 6), (2, 8), (3, 7), (8, 9), (0, 10), (5, 8), (6, 8), (0, 10), (2, 3), (2, 4), (5, 6), (8, 10), (0, 11), (1, 3), (1, 5), (3, 4), (9, 10), (0, 11), (3, 4), (6, 7), (7, 8), (3, 9), (7, 8), (8, 9), (2, 10), (7, 10), (9, 10), (0, 11), (1, 2), (2, 3), (3, 4), (5, 6), (5, 7), (2, 8), (6, 7), (0, 9), (8, 9), (0, 12), (3, 4), (5, 7), (6, 7), (6, 9), (8, 10), (2, 11), (3, 6), (4, 8), (5, 8), (9, 10), (6, 11), (1, 12), (3, 6), (5, 6), (3, 7), (4, 8), (4, 7), (4, 8), (6, 7), (3, 10), (3, 7), (5, 6), (7, 8), (3, 10), (6, 8), (9, 10), (1, 11), (0, 5), (1, 2), (2, 4), (0, 6), (1, 2), (4, 6), (5, 6), (4, 7), (4, 8), (7, 8), (7, 9), (10, 11), (7, 12), (0, 9), (5, 6), (6, 7), (7, 8), (2, 9), (3, 5), (8, 9), (7, 10), (8, 9), (9, 10), (1, 11), (2, 5), (9, 10), (6, 11), (7, 8), (8, 9), (0, 12), (6, 7), (8, 9), (8, 10), (9, 10), (0, 11), (3, 5), (1, 6), (4, 5), (4, 7), (5, 8), (6, 8), (9, 10), (1, 11), (3, 4), (4, 5), (5, 6), (6, 7), (8, 9), (4, 11), (4, 6), (5, 7), (8, 9), (1, 10), (4, 6), (5, 6), (3, 7), (4, 6), (8, 9), (9, 10), (0, 12), (2, 12), (3, 4), (5, 6), (4, 7), (1, 8), (2, 11), (3, 4), (5, 6), (8, 9), (1, 12), (2, 5), (2, 8), (3, 4), (7, 8), (2, 9), (3, 5), (6, 10), (1, 11), (2, 3), (3, 6), (3, 6), (2, 11), (7, 8), (5, 9), (6, 7), (1, 12), (3, 4), (5, 6), (3, 7), (4, 8), (2, 9), (1, 12), (2, 3), (5, 7), (6, 7), (1, 10), (2, 5), (4, 5), (6, 7), (6, 8), (7, 8), (4, 9), (8, 9), (2, 11), (4, 5), (5, 6), (7, 8), (0, 12), (1, 2), (4, 5), (3, 6), (5, 6), (4, 7), (7, 8), (8, 9), (7, 10), (8, 10), (2, 11), (6, 8), (1, 9), (6, 7), (7, 10), (0, 11), (1, 2), (10, 11), (6, 12), (5, 9), (6, 7), (6, 8), (7, 8), (9, 10), (8, 11), (9, 10), (0, 12), (1, 2), (3, 10), (8, 9), (1, 11), (3, 4), (6, 7), (5, 8), (8, 9), (10, 11), (1, 12), (2, 3), (3, 4), (3, 7), (2, 13), (3, 4), (2, 10), (5, 6), (10, 11), (4, 12), (5, 6), (7, 10), (0, 13), (6, 7), (4, 12), (8, 9), (10, 11), (0, 13), (7, 10), (9, 10), (4, 11), (7, 9), (8, 9), (11, 12), (7, 12), (2, 7), (1, 2), (3, 4), (3, 5), (10, 11), (11, 12), (0, 13), (7, 8), (3, 9), (1, 10), (1, 8), (5, 8), (7, 9), (10, 11), (8, 12), (10, 11), (1, 13), (2, 3), (2, 4), (4, 6), (5, 6), (7, 8), (7, 11), (8, 11), (4, 12), (5, 6), (9, 12), (0, 13), (0, 3), (3, 4), (5, 9), (7, 9), (9, 10), (5, 11), (7, 9), (7, 10), (9, 10), (0, 12), (1, 2), (2, 3), (3, 4), (5, 6), (5, 8), (6, 7), (6, 8), (9, 10), (4, 11), (6, 7), (4, 8), (5, 6), (1, 9), (4, 6), (5, 6), (7, 9), (8, 9), (10, 11), (2, 13), (5, 6), (3, 7), (6, 7), (8, 9), (8, 10), (9, 12), (0, 13), (4, 6), (6, 8), (7, 8), (8, 9), (0, 10), (4, 5), (3, 6), (4, 5), (5, 8), (3, 10), (0, 12), (2, 3), (9, 10), (2, 11), (5, 6), (6, 8), (7, 8), (5, 9), (4, 11), (9, 10), (9, 11), (8, 13), (1, 13), (2, 3), (4, 5), (4, 6), (5, 11), (8, 10), (9, 10), (2, 12), (4, 5), (3, 6), (7, 8), (9, 10), (11, 12), (0, 13), (1, 2), (2, 3), (4, 6), (6, 10), (0, 11), (1, 2), (2, 3), (3, 4), (5, 8), (8, 11), (3, 12), (9, 12), (11, 12), (6, 14), (0, 11), (1, 4), (2, 4), (3, 5), (6, 8), (7, 8), (6, 12), (10, 11), (7, 12), (0, 13), (2, 4), (3, 4), (5, 7), (6, 7), (6, 8), (3, 9), (4, 5), (5, 6), (6, 13), (9, 10), (8, 11), (0, 12), (3, 4), (4, 5), (5, 6), (5, 8), (6, 8), (7, 8), (8, 9), (7, 10), (8, 10), (1, 11), (2, 6), (3, 4), (5, 6), (5, 7), (6, 8), (8, 12), (9, 10), (5, 14), (2, 11), (3, 5), (4, 5), (7, 8), (10, 13), (5, 12), (2, 5), (8, 9), (4, 11), (5, 6), (6, 7), (7, 13), (8, 10), (8, 13), (12, 13), (0, 14), (4, 7), (1, 6), (2, 3), (2, 5), (4, 9), (5, 6), (7, 9), (9, 10), (7, 13), (2, 14), (4, 7), (6, 7), (4, 9), (1, 11), (6, 7), (7, 12), (8, 12), (0, 14), (2, 5), (4, 6), (2, 10), (3, 4), (4, 8), (6, 8), (7, 8), (12, 13), (0, 14), (1, 2), (4, 6), (5, 8), (7, 8), (4, 9), (5, 9), (6, 8), (9, 10), (9, 12), (11, 13), (12, 13), (2, 14), (1, 3), (2, 3), (6, 8), (6, 9), (9, 10), (7, 11), (9, 11), (10, 13), (1, 14), (2, 3), (4, 5), (6, 7), (7, 8), (10, 11), (0, 12), (8, 10), (9, 10), (11, 12), (0, 14), (3, 5), (2, 5), (4, 5), (2, 8), (4, 6), (4, 6), (1, 9), (2, 7), (4, 5), (6, 7), (6, 8), (7, 8), (7, 10), (0, 13), (1, 2), (1, 3), (2, 4), (3, 4), (6, 8), (7, 8), (4, 9), (7, 8), (6, 10), (8, 9), (12, 13), (1, 14), (2, 3), (7, 8), (4, 9), (7, 9), (3, 10), (8, 9), (0, 11), (1, 2), (1, 4), (3, 4), (5, 6), (5, 7), (3, 10), (4, 5), (9, 11), (0, 12), (3, 6), (4, 5), (6, 10), (8, 9), (1, 10), (8, 11), (9, 13), (4, 10), (5, 10), (6, 8), (7, 8), (6, 10), (10, 12), (0, 14), (3, 4), (0, 5), (1, 2), (2, 6), (3, 4), (5, 6), (3, 9), (4, 5), (4, 6), (5, 6), (5, 9), (8, 9), (0, 10), (0, 2), (1, 3), (5, 6), (7, 8), (7, 10), (8, 9), (0, 11), (5, 6), (5, 7), (6, 7), (9, 10), (4, 12), (5, 6), (7, 10), (8, 9), (10, 12), (10, 14)]
