results/potlll/svpchallengedim40seed4dim15delta1.txt: 122.525 sec
b: [[42061940, 48720839, 48450832, 20136220, -47184883, 315178, -21807340, 21754662, 25472204, -15883128, -1107053, 31960370, -8080638, 21733120, -28095300],
 [-47337567, -25392614, -26916220, -240013, 27112804, -12738874, -22080104, 25110319, 38094307, 63991566, -51359141, -10984379, 43034437, 8363581, 565510],
 [35786281, -14153759, -29835469, -52531748, -17432094, -52600263, 1043951, -24566114, -30450042, 9029821, -7769432, -39551090, -46003671, -38817122, -8597450],
 [-14772150, -25321537, -7679548, 52013001, 4997743, -59662817, -33099752, 23048588, 24430037, -71702649, 11457997, -14962016, -22930348, 16282892, -6053526],
 [19581977, 52620023, 50460000, -34586168, 9197257, 11409147, -41138910, 7501707, -16835604, -5535660, 300204, 63977677, 79012407, 734935, 23942819],
 [-51239666, 21767176, -8775334, 52822611, 43008180, 34902086, -27925285, -4721313, 27441220, -19907938, -45390668, -24925015, -49594856, -37249535, 11369312],
 [-58840077, 987886, -18667271, -45503308, 37820785, 15159976, -45052290, 377630, 10753419, -89839931, -24333824, 4520534, -25913820, 19200884, 33179816],
 [-59263218, -30266159, -1772732, -51545846, -74960954, 15387168, -24234344, -15714759, -17713490, 40377029, -29359243, 13314301, -24536453, -9405108, -31989856],
 [35070115, 27468727, 42558926, -39656885, 44841016, 14165447, 6192704, 85941870, -8894134, 25254103, -63164134, 25516943, 30866676, 4354121, -9843143],
 [-13744761, 17695404, 33606329, -38786935, -53649981, -77485878, 20883923, 62600524, 3060240, 51853883, -5730758, 63554930, 40992317, -35328152, -11045302],
 [-3632441, 13233778, 6223984, -30613475, 13401521, -83970038, -813560, 20426852, -19557527, -9403355, -65073538, -28413272, 3125824, 78276591, 36286873],
 [14733657, -30244046, 55608282, 35081203, -50150527, 28158403, 217812, 71767725, 28219439, 10018404, 52230341, -48849114, 5877374, -22775171, -24151151],
 [-4354630, -48051496, 31762866, -40302463, -31416978, -45013182, 40865374, 13677711, 92688662, -40760176, 10474079, -33879932, -17442994, -11405479, -49645566],
 [-32215783, 76851597, 13391099, -13240445, -36656407, -26431804, 17931750, 45666838, -38542101, -69201849, -4190207, -23065233, -2898590, 38476865, -44053120],
 [-83382475, -70188162, -34145223, 47990785, 31386303, -2753896, 45063020, -46098683, 5284383, 38582445, 74221888, -130023887, -63802321, 76051264, -43817672]], shape=[15, 15], strides=[15, 1], layout=Cc (0x5), const ndim=2
v_norms: [13321984190388515, 36587396883953393808073370952235/2664396838077703, 457995348189389884581121716308780015499098304829/36587396883953393808073370952235, 35488280560685371376668966039974645876208005865929964376060621924/2289976740946949422905608581543900077495491524145, 448748598570942501539452781857939033179382752515655089927736143056096026419322979/35488280560685371376668966039974645876208005865929964376060621924, 5963416276631650164628813972193711182300055124499350651596441976883308923560584796067844169772569/448748598570942501539452781857939033179382752515655089927736143056096026419322979, 63013364166723544836867682601727319651412555714848096283938954973816586757842324332906121577631631900908597903115/5963416276631650164628813972193711182300055124499350651596441976883308923560584796067844169772569, 15358859993589418526353080141792398113930906980388936652295736140176022864274002979574224081152938613273371294083998282245256100/1400296981482745440819281835593940436698056793663291028531976777195924150174273874064580479502925153353524397847, 325971679106975784286984542617089252237913773943422635950145847091066465460729925386447384511999717843494811879243883340233607815199721291939582/34557434985576191684294430319032895756344540705875107467665406315396051444616506704042004182594111879865085411688996135051826225, 2942327340232843965672960083437758675321548642931843694981262413648782375379294086497548277872675220329960162047643936104973977190748108943630214332680802592659/325971679106975784286984542617089252237913773943422635950145847091066465460729925386447384511999717843494811879243883340233607815199721291939582, 156433514990796297618980356244215472338980475736900962275133553268578767719699337934669197449254474021263272325459822388222629721156204501736841236015713055024118917287053277767/14711636701164219828364800417188793376607743214659218474906312068243911876896470432487741389363376101649800810238219680524869885953740544718151071663404012963295, 2905938473120833889727851168097938062279943963941600096759022138017797017762664957104609248080103149706260409689396293266342382881047290221179474162313179898916390079876653185711270601452966221/312867029981592595237960712488430944677960951473801924550267106537157535439398675869338394898508948042526544650919644776445259442312409003473682472031426110048237834574106555534, 16608488530014085809425994272324574944761307733211169957431685573318275530511214061369001148378228101760294275599362961424165286900198038569056961019200597758166571496092366638500318716250828023231798815687915/1937292315413889259818567445398625374853295975961066731172681425345198011841776638069739498720068766470840273126264195510894921920698193480786316108208786599277593386584435457140847067635310814, 55416894363943490204087110791701391599922061359534351706045490012570403401031260750176690962542114243502446149838624809302847111256752436613496451201752745515559086483852359627311730717377815578364018341690974900845012953843/5536162843338028603141998090774858314920435911070389985810561857772758510170404687123000382792742700586764758533120987141388428966732679523018987006400199252722190498697455546166772905416942674410599605229305, 4276004080986662250556170150571682084661652708811008860820343595371977250993691951408982529005301818073582930400216010607001999500303394702071829521757444159996645323454281158344057771824138679224276609066488857242630567308043703839472400369/498752049275491411836783997125312524399298552235809165354409410113133630609281346751590218662879028191522015348547623283725624001310771929521468060815774709640031778354671236645805576456400340205276165075218774107605116584587], shape=[15], strides=[1], layout=CFcf (0xf), const ndim=1
Mu { arr: [-1062975039985131/2664396838077703, -3843775174257651/13321984190388515, -12130626377552763978587808022009/36587396883953393808073370952235, 353672193004981/2664396838077703, -1302250992567215846178954148486/36587396883953393808073370952235, -10560534548096392050830233627365675644915394098/457995348189389884581121716308780015499098304829, 6174016252940162/13321984190388515, 4681554641650461363336740134347/36587396883953393808073370952235, -157167371276149800109202697207409911014992272471/457995348189389884581121716308780015499098304829, -15290735497091144757013093470944131528352192917904473085259044481/35488280560685371376668966039974645876208005865929964376060621924, -2427708065129656/13321984190388515, 1217276069202045148072240388390/7317479376790678761614674190447, -115023868073757957649998781815978231741361892609/457995348189389884581121716308780015499098304829, 10791077919296561846464145065850362556600455070643273256063649149/35488280560685371376668966039974645876208005865929964376060621924, -144438542225820510956514298750042653637036981910923137951422894015996830208131635/448748598570942501539452781857939033179382752515655089927736143056096026419322979, -3469844382427689/13321984190388515, -3594829049546357864134983871157/36587396883953393808073370952235, -113446825371270324706721391715376682834426817457/457995348189389884581121716308780015499098304829, 3898865213201727222988805487204810406897538294097974848653522586/8872070140171342844167241509993661469052001466482491094015155481, 174562528217831723514731066862350225614901997128038319983827548497789607726424272/448748598570942501539452781857939033179382752515655089927736143056096026419322979, 2942509810741029023557917236739853490002105925763790307065933975495196335903092005277846417563391/5963416276631650164628813972193711182300055124499350651596441976883308923560584796067844169772569, -1104507036652246/13321984190388515, 8588384374457688402187103373902/36587396883953393808073370952235, 184794210954328673741464390949131073327361460497/457995348189389884581121716308780015499098304829, -10902316875926043104284087800021032855820357086052915323411749579/35488280560685371376668966039974645876208005865929964376060621924, -96067743019815900608852834349279848296655414494648293479414799343429610121331951/448748598570942501539452781857939033179382752515655089927736143056096026419322979, -109327636756916599420707525713127140312615464204861674888450553259714892422339098252088206065815/5963416276631650164628813972193711182300055124499350651596441976883308923560584796067844169772569, 2073620856718356387530226213788104264830552813935823314000842407492285407841343149865330502333165237180735795963/4200890944448236322457845506781821310094170380989873085595930331587772450522821622193741438508775460060573193541, 4079670479177427/13321984190388515, 18093250839035609107731509224763/36587396883953393808073370952235, -1728218887513387442609043449827566014153168958/457995348189389884581121716308780015499098304829, -14793513802828346515803802920980817064630708739063731754228346685/35488280560685371376668966039974645876208005865929964376060621924, 173389368634560662468131165885221659940020710949261322138376707121991533320752127/448748598570942501539452781857939033179382752515655089927736143056096026419322979, 446558308388247253681704750168712964689618940468135187213980707912699107369003689969216460687969/5963416276631650164628813972193711182300055124499350651596441976883308923560584796067844169772569, 6251268043892986289717444514944322918033226450053023701408148737016603852386482885771166965078618873685600539539/63013364166723544836867682601727319651412555714848096283938954973816586757842324332906121577631631900908597903115, -11282797836695994402040878025687385262628161978579401648709525792323176736436406745584004110894643305015810365855973668005723999/23038289990384127789529620212688597170896360470583404978443604210264034296411004469361336121729407919910056941125997423367884150, 1009586236851595/2664396838077703, 17202982835307163264444723904668/36587396883953393808073370952235, 178220761377698599675231377456576891010463396834/457995348189389884581121716308780015499098304829, -2204216833297604840851013846399197312175530443148414671434193668/8872070140171342844167241509993661469052001466482491094015155481, 193538486303061071653114138586478514752137849750078899376738619649652768265704660/448748598570942501539452781857939033179382752515655089927736143056096026419322979, -2811181086392749920420764417679158096156118670780814194785035112090075966298990362940049792715819/5963416276631650164628813972193711182300055124499350651596441976883308923560584796067844169772569, -5259292847804693639516657442228346640318145304494560375907062399257138445693532186857223423457382630151633447292/21004454722241181612289227533909106550470851904949365427979651657938862252614108110968707192543877300302865967705, 3084358003289311955710245663365850176913705958942035769129431346674395560338886164294847560788645152034409143335982287279065157/7679429996794709263176540070896199056965453490194468326147868070088011432137001489787112040576469306636685647041999141122628050, 135503684937366205004983964282915500680129022913100166471837450688022889085499596619057967479026538667949276720825007912917506167996957369406197/325971679106975784286984542617089252237913773943422635950145847091066465460729925386447384511999717843494811879243883340233607815199721291939582, -548035227785879/13321984190388515, 12091523330810275194000327272121/36587396883953393808073370952235, 174814876005647198592915792438252153042723438962/457995348189389884581121716308780015499098304829, 11121741676034812729840766814856577035402320459514264497113276177/35488280560685371376668966039974645876208005865929964376060621924, 158733707312475360961695289993829281572380524052618301269906527612381479527666469/448748598570942501539452781857939033179382752515655089927736143056096026419322979, -1195163828049945005975260146804588327640943622728847256089727946447837131103768403313514137988084/5963416276631650164628813972193711182300055124499350651596441976883308923560584796067844169772569, 26382035577293445638252869640170370723802805898322844544939793557803623972308835571673483682442127954899016830262/63013364166723544836867682601727319651412555714848096283938954973816586757842324332906121577631631900908597903115, -9478379244124744600431908975173640314955829114190629188636226499423800493242549196505002094421922210755757947348293355459035999/23038289990384127789529620212688597170896360470583404978443604210264034296411004469361336121729407919910056941125997423367884150, 71444174773671881127533500547942468752031052188992532488227370120063905323795368861094800208905603996755204083879261989296060161317497824664337/325971679106975784286984542617089252237913773943422635950145847091066465460729925386447384511999717843494811879243883340233607815199721291939582, 2903653965309455204670449085322366897011029919233794015809070281717496705065833070339142639410139131837654763735706817709977987822207455044445290658693546297/2942327340232843965672960083437758675321548642931843694981262413648782375379294086497548277872675220329960162047643936104973977190748108943630214332680802592659, 5555331186091974/13321984190388515, 255511319512568870733706269948/7317479376790678761614674190447, -57654185724627833811244957511252425162527926034/457995348189389884581121716308780015499098304829, 4228187196931784301578472752609839876344879850148870873162344579/35488280560685371376668966039974645876208005865929964376060621924, -194216705965711194852788217742026633993058554045716180722482656064060600314822621/448748598570942501539452781857939033179382752515655089927736143056096026419322979, -1637600590462480504688827546366362172915832884777212856666306702614843925326013665182843137964656/5963416276631650164628813972193711182300055124499350651596441976883308923560584796067844169772569, -25292179615729639816236122875798771155336307734863060466804562604418930434512399823230501046227927476411166844549/63013364166723544836867682601727319651412555714848096283938954973816586757842324332906121577631631900908597903115, 9092231807153812593251132790234561886455389657589054117209600270495518513670020806096321315109080846495045740436263133530388469/46076579980768255579059240425377194341792720941166809956887208420528068592822008938722672243458815839820113882251994846735768300, 238515266960930277624002641934674400177341729247483435494750332944515559618284063791934602601696060723478147249275504000326645904846201972847593/651943358213951568573969085234178504475827547886845271900291694182132930921459850772894769023999435686989623758487766680467215630399442583879164, -150764535510619025746373870787970336271361629841341906433342533791304268121261767019286136263114918342908253757387377125788508821174739278677963556375021671793/1961551560155229310448640055625172450214365761954562463320841609099188250252862724331698851915116813553306774698429290736649318127165405962420142888453868395106, -142474910262624391553378840888907747308996871282229190129861540336665742522321209793165078629144722392371973558325214970124266422457518415223985122310839832663604129404363274181/312867029981592595237960712488430944677960951473801924550267106537157535439398675869338394898508948042526544650919644776445259442312409003473682472031426110048237834574106555534, 2279586801561049/13321984190388515, 285587885751935046496477914539/7317479376790678761614674190447, 178963049593735285614294261824242395335924769346/457995348189389884581121716308780015499098304829, 15091152338857692058883031907604339898415481414781663396809606189/35488280560685371376668966039974645876208005865929964376060621924, -166073979485220107853919558572089802112694242366073139553634802170882730282772575/448748598570942501539452781857939033179382752515655089927736143056096026419322979, -2182875724928680580718998216726171230527945183867358883548916566783290254947437569349749058499917/5963416276631650164628813972193711182300055124499350651596441976883308923560584796067844169772569, 1495679011653788503484235880347145724114602241783584054502143613603710894202915068800042154161511299633086011895/4200890944448236322457845506781821310094170380989873085595930331587772450522821622193741438508775460060573193541, -792656456662464353704027466382479300148680727161571800694026433587032546844198945424032722794089942393685832221275715819638693/15358859993589418526353080141792398113930906980388936652295736140176022864274002979574224081152938613273371294083998282245256100, 48709620426905243667935405214660995566148177789201419957541193927638545387094959778905687761049860812626720910154647187690272323688935378989807/651943358213951568573969085234178504475827547886845271900291694182132930921459850772894769023999435686989623758487766680467215630399442583879164, 2696462210199008502016785087112948961120899090792126593481422384622957281912788862041679438664318798458806466149048162776673276811853401019342040448816550727863/5884654680465687931345920166875517350643097285863687389962524827297564750758588172995096555745350440659920324095287872209947954381496217887260428665361605185318, -140722572760092515748200936873550831657981514813412700792464843642951283480860930216994451559010508376004213495443351144873153143296748894789479039355062237947440395638529834661/312867029981592595237960712488430944677960951473801924550267106537157535439398675869338394898508948042526544650919644776445259442312409003473682472031426110048237834574106555534, 397306114845532145139440638412957302544126698077166629332774265753401735051844193005110259714212711196746779566967236129482403745591391136106083231901275016462445865988701124839745413061866692/968646157706944629909283722699312687426647987980533365586340712672599005920888319034869749360034383235420136563132097755447460960349096740393158054104393299638796693292217728570423533817655407, 1315463821129481/2664396838077703, -8850797835799246409143550813687/36587396883953393808073370952235, 10610761387690130566575451094049748269310463264/457995348189389884581121716308780015499098304829, 8893574403828275054521722943189304934293021433561246089227379103/35488280560685371376668966039974645876208005865929964376060621924, 34145283181476514016941643569267277837488248024043980832510439519678613118143015/448748598570942501539452781857939033179382752515655089927736143056096026419322979, -206949246072081467290663748097288363688010464617010076278844403012924042941684623836111060717130/5963416276631650164628813972193711182300055124499350651596441976883308923560584796067844169772569, 5371862532462588053270440787611699472841669114307519162949458856508927919640992476664587233599669303798590547679/12602672833344708967373536520345463930282511142969619256787790994763317351568464866581224315526326380181719580623, 528688302101759580378288277569941401084277957928065786677248864406221335600576640990278648208604508382176841623008956702499703/9215315996153651115811848085075438868358544188233361991377441684105613718564401787744534448691763167964022776450398969347153660, 252231729752581286147995021396690480356749833323957592779023539540332248694949693414068467715311974582840348139940419765624171847353860376470705/651943358213951568573969085234178504475827547886845271900291694182132930921459850772894769023999435686989623758487766680467215630399442583879164, 1644049768604105232733806928636596047709649685161571681593847626774136530137581734284161786227095427693381615213098355708236619030315509344665919655037005049133/5884654680465687931345920166875517350643097285863687389962524827297564750758588172995096555745350440659920324095287872209947954381496217887260428665361605185318, 152548808084043897502411469637694332199674148800358825327360003032050220993860156675779536534849178042551463862198680920636900757401540995341625304975495411046018951770926647765/312867029981592595237960712488430944677960951473801924550267106537157535439398675869338394898508948042526544650919644776445259442312409003473682472031426110048237834574106555534, 404906453552984726899251309573367495054253885524320254314250813591645243602112035487653288574181397658571302511303607319927773257225329111936375676271912032906325661109427211918559123168095149/2905938473120833889727851168097938062279943963941600096759022138017797017762664957104609248080103149706260409689396293266342382881047290221179474162313179898916390079876653185711270601452966221, -1708243148469549076433339334107292726769668475769535647584733785525899174908819116576135997766546105805482367333022081735674936717407832287963409513800337325681263339531989906789086299804893326457149939071448/16608488530014085809425994272324574944761307733211169957431685573318275530511214061369001148378228101760294275599362961424165286900198038569056961019200597758166571496092366638500318716250828023231798815687915, -12398777913086241/13321984190388515, -3794174789013509169628928860941/36587396883953393808073370952235, -60440664975077852614525025395579846208769300192/457995348189389884581121716308780015499098304829, 18815772821447790682353242205261205007091479836929196613577072133/35488280560685371376668966039974645876208005865929964376060621924, -581399189041468222383724423121197669895682506859413782138944056705112187563218235/448748598570942501539452781857939033179382752515655089927736143056096026419322979, -2393954127795877255866580250613098676045823089794059341780098377146087944528293110243170084125228/5963416276631650164628813972193711182300055124499350651596441976883308923560584796067844169772569, -277075325587461477449690609529989305032612936057366058447931569863871704819312514686208652024637515546406597367/21004454722241181612289227533909106550470851904949365427979651657938862252614108110968707192543877300302865967705, 919436452770571609397922959432687447363064241183223608025590208284682486544901358258085389315125893353555605705970004575711207/15358859993589418526353080141792398113930906980388936652295736140176022864274002979574224081152938613273371294083998282245256100, -264257016146206916349576978836198352620052697340369000069881337972710502354986695579259550061517993203349944480436566909080570816953136971619013/651943358213951568573969085234178504475827547886845271900291694182132930921459850772894769023999435686989623758487766680467215630399442583879164, -2684000558543700355370422635571664025702238829309888215744007181809739799496845911879484145856367752526981350077366249013123507713204740358198070940864596274381/5884654680465687931345920166875517350643097285863687389962524827297564750758588172995096555745350440659920324095287872209947954381496217887260428665361605185318, 112996344514822841869333917505404938346802318651446906284674107371904177097681648937731531057740187025129669629876841196437573502201370591129482762563328760835220487264343660731/312867029981592595237960712488430944677960951473801924550267106537157535439398675869338394898508948042526544650919644776445259442312409003473682472031426110048237834574106555534, 1116127043851627732646810986779612065664349191598402574059129875583603331984724822463886205096741194551340807657724963520211675725704302944617338950229950932316870876407552906085928146891324298/2905938473120833889727851168097938062279943963941600096759022138017797017762664957104609248080103149706260409689396293266342382881047290221179474162313179898916390079876653185711270601452966221, 2749427340138363470388531823998267908290316141769026088136470238176013339120587380226054469553823018201892765202994806398123433805954901173274418696724512458195404011965800625774834678640137255524174919922761/16608488530014085809425994272324574944761307733211169957431685573318275530511214061369001148378228101760294275599362961424165286900198038569056961019200597758166571496092366638500318716250828023231798815687915, 65199789359420198227486753239583331265660300881335963298298804766187498244662128730722967717644435467825907428634937714558461572637494442319132880195537132132320097716832008598819934316062285402460920823969452787841087523447/166250683091830470612261332375104174799766184078603055118136470037711210203093782250530072887626342730507338449515874427908541333770257309840489353605258236546677259451557078881935192152133446735092055025072924702535038861529] }
(hist.len, cnt): (1661, 6418)
[(0, 1), (0, 1), (0, 1), (0, 1), (0, 1), (0, 1), (0, 1), (0, 1), (0, 1), (0, 1), (0, 1), (0, 1), (0, 1), (0, 1), (0, 1), (0, 1), (0, 1), (0, 1), (0, 1), (0, 1), (0, 1), (0, 1), (0, 1), (0, 1), (0, 1), (0, 1), (0, 1), (0, 1), (0, 1), (0, 1), (0, 1), (0, 1), (0, 1), (0, 1), (0, 1), (0, 1), (0, 1), (0, 1), (0, 1), (0, 1), (0, 1), (0, 1), (0, 1), (0, 1), (0, 1), (0, 1), (0, 1), (0, 1), (0, 1), (0, 1), (0, 1), (0, 1), (0, 1), (0, 1), (0, 1), (0, 1), (0, 1), (0, 1), (0, 1), (0, 1), (0, 1), (0, 1), (0, 1), (0, 1), (0, 1), (0, 1), (0, 1), (0, 1), (0, 1), (0, 1), (0, 1), (0, 1), (0, 1), (0, 1), (0, 1), (0, 1), (0, 1), (0, 1), (0, 1), (0, 1), (1, 2), (0, 2), (0, 2), (1, 2), (0, 2), (0, 2), (0, 2), (0, 1), (0, 2), (0, 2), (0, 2), (0, 2), (0, 2), (0, 2), (0, 2), (0, 2), (0, 2), (0, 1), (1, 2), (0, 2), (0, 2), (0, 2), (0, 2), (0, 2), (0, 1), (0, 2), (0, 1), (0, 2), (0, 2), (0, 2), (0, 2), (0, 2), (0, 1), (0, 2), (0, 1), (0, 2), (0, 1), (0, 2), (0, 1), (0, 2), (0, 2), (0, 2), (0, 1), (0, 2), (1, 2), (0, 2), (0, 2), (0, 2), (1, 2), (0, 2), (0, 2), (0, 2), (0, 2), (0, 2), (1, 2), (0, 2), (0, 2), (0, 2), (0, 1), (0, 2), (0, 2), (0, 2), (1, 2), (0, 3), (1, 3), (0, 3), (1, 2), (0, 3), (0, 2), (1, 2), (0, 3), (1, 2), (0, 3), (1, 3), (0, 3), (1, 2), (0, 3), (0, 2), (1, 2), (0, 3), (1, 2), (0, 3), (0, 3), (1, 2), (0, 3), (1, 2), (0, 3), (1, 3), (0, 2), (0, 3), (0, 1), (0, 2), (1, 3), (0, 3), (0, 3), (0, 2), (0, 3), (0, 3), (0, 3), (0, 1), (0, 2), (0, 3), (0, 3), (0, 3), (0, 3), (0, 2), (0, 2), (1, 2), (0, 3), (0, 3), (0, 3), (1, 2), (0, 3), (0, 3), (0, 3), (0, 3), (0, 3), (1, 2), (0, 3), (1, 3), (0, 3), (0, 3), (0, 2), (1, 2), (1, 3), (0, 4), (0, 3), (2, 3), (0, 4), (0, 4), (0, 3), (0, 2), (0, 4), (1, 3), (0, 4), (0, 4), (0, 4), (0, 2), (0, 4), (0, 4), (0, 4), (1, 2), (0, 4), (0, 3), (1, 3), (0, 4), (0, 3), (0, 4), (1, 2), (2, 3), (0, 4), (0, 3), (2, 3), (1, 4), (0, 4), (0, 3), (1, 2), (0, 3), (0, 4), (1, 3), (0, 4), (2, 3), (0, 4), (1, 3), (0, 4), (1, 2), (0, 4), (1, 3), (1, 3), (0, 4), (2, 3), (0, 4), (1, 2), (0, 4), (1, 3), (0, 4), (0, 4), (0, 4), (2, 3), (1, 4), (0, 4), (1, 3), (1, 5), (2, 4), (0, 5), (1, 4), (0, 5), (1, 2), (0, 5), (1, 3), (2, 3), (2, 4), (3, 4), (0, 5), (2, 5), (0, 5), (1, 5), (2, 3), (1, 5), (2, 3), (0, 4), (0, 5), (1, 2), (1, 4), (1, 5), (0, 4), (3, 4), (0, 5), (1, 2), (1, 3), (2, 3), (0, 5), (1, 2), (0, 3), (1, 2), (0, 3), (0, 4), (0, 5), (2, 3), (0, 5), (1, 3), (0, 5), (1, 2), (0, 5), (1, 5), (0, 5), (2, 3), (3, 4), (0, 5), (2, 5), (0, 4), (0, 5), (1, 2), (0, 4), (1, 2), (1, 3), (2, 3), (0, 5), (0, 5), (0, 5), (1, 2), (0, 5), (0, 4), (0, 3), (0, 5), (1, 2), (0, 3), (0, 4), (0, 4), (3, 4), (0, 5), (3, 4), (0, 5), (2, 3), (0, 4), (0, 6), (1, 2), (0, 5), (4, 5), (0, 6), (1, 2), (0, 3), (0, 4), (2, 3), (4, 5), (3, 5), (4, 5), (0, 6), (2, 3), (2, 4), (3, 4), (1, 6), (2, 3), (1, 4), (3, 4), (1, 6), (2, 4), (3, 4), (1, 6), (2, 3), (4, 5), (0, 6), (0, 5), (2, 3), (1, 4), (3, 4), (1, 5), (2, 5), (0, 6), (0, 4), (0, 6), (1, 2), (3, 4), (2, 5), (3, 4), (0, 6), (3, 4), (0, 6), (1, 2), (0, 4), (1, 3), (2, 3), (4, 5), (0, 6), (4, 5), (1, 6), (3, 4), (1, 6), (2, 3), (0, 6), (2, 4), (3, 4), (0, 6), (4, 5), (1, 6), (4, 5), (2, 6), (2, 4), (1, 5), (2, 3), (0, 6), (3, 4), (0, 6), (1, 2), (0, 6), (3, 4), (2, 5), (0, 6), (0, 3), (1, 2), (0, 4), (2, 4), (0, 6), (2, 3), (1, 5), (4, 5), (1, 6), (2, 3), (2, 4), (1, 6), (2, 3), (0, 6), (2, 3), (4, 6), (5, 6), (1, 7), (5, 6), (0, 7), (1, 2), (3, 5), (0, 7), (1, 2), (2, 6), (0, 7), (1, 2), (3, 4), (0, 6), (2, 3), (3, 5), (4, 5), (0, 7), (1, 2), (1, 3), (5, 6), (1, 7), (2, 3), (1, 4), (2, 3), (4, 5), (0, 6), (3, 4), (0, 5), (4, 5), (1, 6), (3, 5), (1, 7), (0, 6), (2, 3), (4, 5), (1, 6), (2, 5), (4, 5), (3, 6), (5, 6), (0, 7), (1, 4), (4, 5), (1, 7), (3, 6), (4, 6), (1, 7), (3, 4), (4, 6), (5, 6), (0, 7), (3, 4), (2, 5), (3, 4), (2, 5), (4, 5), (0, 6), (1, 3), (1, 4), (1, 3), (0, 7), (2, 4), (0, 5), (3, 5), (1, 6), (1, 3), (0, 5), (0, 6), (2, 4), (5, 6), (0, 7), (3, 5), (0, 7), (1, 2), (4, 5), (5, 6), (0, 7), (4, 5), (0, 7), (3, 4), (1, 5), (2, 6), (0, 7), (2, 5), (1, 7), (4, 5), (3, 7), (5, 6), (5, 7), (0, 8), (2, 7), (4, 6), (0, 7), (1, 2), (3, 7), (5, 7), (6, 7), (3, 8), (4, 6), (0, 8), (1, 2), (3, 4), (0, 8), (2, 5), (5, 7), (0, 8), (1, 2), (2, 3), (2, 5), (3, 4), (1, 7), (2, 3), (5, 6), (1, 8), (3, 4), (0, 5), (0, 6), (1, 2), (1, 5), (0, 8), (3, 4), (0, 7), (3, 4), (4, 6), (0, 8), (1, 2), (0, 5), (2, 3), (5, 6), (0, 7), (1, 6), (3, 6), (4, 5), (5, 6), (0, 8), (1, 2), (0, 5), (1, 7), (4, 5), (3, 6), (4, 6), (5, 6), (1, 7), (4, 5), (3, 7), (6, 7), (0, 8), (1, 3), (2, 3), (1, 5), (1, 3), (4, 6), (5, 6), (0, 8), (1, 3), (0, 7), (2, 4), (3, 4), (4, 5), (2, 7), (5, 6), (1, 8), (3, 5), (4, 5), (3, 6), (5, 7), (0, 8), (1, 2), (4, 5), (4, 6), (4, 7), (1, 8), (2, 3), (4, 5), (4, 7), (3, 6), (0, 8), (0, 2), (1, 2), (3, 4), (4, 5), (4, 6), (6, 7), (1, 8), (0, 2), (1, 3), (2, 3), (3, 5), (4, 6), (1, 7), (2, 3), (1, 4), (3, 4), (1, 8), (0, 3), (1, 2), (0, 5), (1, 4), (5, 6), (6, 7), (0, 8), (1, 3), (2, 3), (3, 5), (4, 5), (0, 8), (0, 4), (1, 2), (5, 6), (1, 7), (2, 3), (2, 4), (7, 8), (0, 9), (3, 6), (4, 5), (3, 7), (2, 8), (5, 7), (6, 7), (0, 9), (1, 2), (2, 3), (3, 4), (4, 5), (0, 9), (2, 3), (2, 4), (4, 5), (4, 6), (1, 7), (2, 3), (6, 7), (3, 9), (6, 8), (6, 8), (0, 9), (2, 4), (4, 6), (5, 6), (2, 8), (1, 4), (5, 7), (0, 9), (2, 5), (3, 4), (3, 5), (4, 5), (3, 6), (5, 6), (6, 7), (1, 8), (2, 3), (4, 8), (5, 7), (2, 9), (3, 5), (1, 6), (1, 7), (2, 3), (2, 6), (3, 5), (4, 5), (4, 7), (5, 6), (1, 9), (2, 3), (3, 4), (5, 7), (6, 7), (0, 9), (4, 5), (2, 8), (4, 7), (0, 9), (1, 3), (5, 6), (5, 7), (7, 8), (1, 9), (0, 4), (1, 2), (1, 6), (0, 3), (1, 2), (7, 8), (0, 9), (2, 3), (1, 4), (2, 3), (0, 5), (0, 9), (3, 4), (5, 6), (3, 7), (6, 7), (0, 9), (1, 7), (1, 8), (2, 3), (0, 4), (5, 6), (3, 7), (5, 8), (1, 9), (2, 4), (3, 4), (2, 5), (3, 4), (7, 8), (1, 9), (3, 4), (0, 5), (6, 8), (2, 9), (1, 3), (2, 3), (1, 6), (3, 4), (3, 5), (5, 6), (0, 8), (1, 2), (3, 4), (1, 9), (3, 4), (0, 6), (4, 5), (6, 7), (4, 8), (5, 6), (6, 8), (0, 9), (2, 3), (2, 5), (3, 4), (5, 6), (0, 7), (1, 3), (2, 3), (2, 6), (0, 8), (3, 4), (2, 6), (3, 5), (0, 7), (2, 3), (4, 6), (6, 7), (2, 10), (5, 6), (0, 7), (1, 2), (2, 10), (0, 7), (5, 7), (1, 8), (2, 4), (1, 5), (4, 5), (4, 7), (5, 6), (0, 8), (5, 8), (0, 10), (1, 2), (3, 5), (1, 8), (3, 5), (4, 5), (4, 6), (7, 8), (0, 9), (4, 5), (5, 6), (7, 8), (1, 10), (2, 3), (0, 7), (4, 6), (5, 8), (3, 10), (0, 6), (0, 8), (4, 6), (5, 6), (6, 7), (2, 8), (3, 4), (4, 7), (1, 10), (2, 3), (2, 4), (5, 7), (5, 8), (6, 7), (0, 9), (3, 4), (3, 6), (5, 8), (2, 10), (1, 4), (2, 3), (5, 6), (3, 7), (5, 7), (6, 7), (4, 8), (6, 8), (1, 9), (2, 3), (2, 7), (3, 8), (4, 7), (5, 6), (8, 9), (0, 10), (2, 4), (3, 4), (5, 7), (1, 8), (3, 5), (4, 6), (1, 8), (2, 4), (3, 4), (6, 7), (1, 10), (2, 3), (6, 8), (6, 8), (0, 9), (2, 3), (5, 7), (6, 7), (3, 8), (4, 5), (6, 7), (8, 9), (0, 10), (4, 5), (6, 8), (0, 10), (1, 5), (4, 5), (3, 10), (6, 7), (5, 7), (5, 8), (4, 9), (4, 6), (4, 7), (6, 9), (8, 9), (2, 10), (4, 5), (3, 7), (6, 7), (2, 8), (6, 7), (4, 8), (5, 6), (6, 7), (5, 8), (7, 8), (0, 9), (2, 3), (5, 6), (3, 7), (5, 7), (0, 10), (1, 2), (2, 5), (4, 5), (3, 7), (1, 10), (4, 7), (5, 7), (8, 10), (4, 11), (2, 6), (1, 7), (4, 5), (0, 11), (1, 2), (1, 3), (2, 3), (5, 6), (5, 7), (6, 7), (1, 8), (5, 7), (6, 7), (3, 8), (4, 5), (6, 7), (4, 8), (5, 6), (7, 8), (0, 9), (2, 3), (0, 10), (3, 4), (1, 5), (3, 4), (4, 5), (2, 6), (4, 5), (7, 10), (8, 9), (8, 10), (9, 10), (1, 11), (4, 8), (6, 9), (8, 10), (1, 11), (3, 4), (4, 6), (7, 8), (0, 11), (3, 4), (6, 7), (5, 8), (2, 10), (3, 4), (5, 6), (7, 8), (0, 10), (1, 4), (3, 4), (4, 5), (6, 7), (1, 8), (3, 4), (2, 5), (3, 4), (4, 5), (4, 7), (5, 6), (7, 8), (5, 10), (6, 7), (1, 11), (6, 7), (2, 8), (5, 7), (2, 8), (4, 6), (0, 9), (1, 4), (2, 10), (2, 8), (3, 9), (4, 5), (6, 10), (0, 11), (2, 4), (2, 6), (3, 4), (2, 6), (1, 7), (5, 6), (7, 8), (9, 10), (0, 11), (2, 3), (1, 8), (3, 4), (4, 7), (2, 9), (0, 9), (4, 5), (0, 10), (1, 2), (2, 3), (4, 5), (6, 7), (1, 10), (7, 8), (5, 10), (9, 10), (0, 11), (3, 4), (2, 8), (6, 8), (3, 10), (3, 5), (7, 8), (1, 9), (2, 4), (3, 4), (4, 5), (6, 9), (9, 10), (1, 11), (2, 10), (3, 4), (6, 8), (0, 11), (5, 6), (4, 8), (7, 9), (8, 9), (1, 10), (4, 5), (3, 6), (4, 7), (0, 8), (2, 3), (1, 4), (2, 3), (2, 9), (3, 4), (0, 6), (2, 3), (2, 4), (4, 5), (4, 6), (6, 8), (7, 8), (8, 9), (0, 10), (3, 4), (5, 6), (6, 8), (1, 9), (6, 8), (8, 9), (5, 11), (3, 7), (4, 5), (4, 6), (2, 7), (4, 5), (2, 12), (3, 4), (5, 6), (6, 8), (6, 10), (8, 9), (8, 10), (9, 10), (2, 11), (3, 5), (4, 6), (1, 7), (2, 8), (3, 8), (4, 5), (4, 6), (3, 11), (6, 7), (9, 11), (1, 12), (3, 4), (0, 6), (1, 4), (3, 4), (5, 7), (6, 8), (7, 8), (4, 9), (0, 11), (1, 2), (5, 8), (8, 9), (3, 10), (4, 6), (5, 7), (1, 12), (2, 3), (5, 6), (0, 7), (4, 5), (6, 7), (0, 8), (7, 8), (9, 11), (0, 12), (2, 3), (2, 4), (4, 7), (5, 6), (2, 9), (3, 4), (3, 5), (3, 7), (4, 10), (7, 8), (0, 9), (2, 3), (5, 10), (8, 9), (0, 11), (5, 6), (3, 8), (5, 6), (5, 7), (0, 10), (7, 8), (0, 12), (3, 6), (4, 5), (5, 6), (4, 6), (5, 6), (8, 9), (1, 10), (5, 7), (6, 7), (4, 11), (5, 6), (7, 8), (0, 9), (6, 8), (4, 10), (6, 7), (1, 9), (3, 4), (2, 12), (3, 5), (7, 9), (3, 10), (4, 5), (0, 7), (10, 11), (0, 12), (3, 4), (3, 5), (2, 6), (3, 4), (4, 5), (5, 6), (4, 7), (6, 7), (6, 8), (7, 8), (0, 9), (2, 6), (5, 6), (7, 10), (8, 9), (0, 11), (1, 2), (2, 3), (5, 7), (8, 9), (2, 11), (3, 4), (3, 5), (3, 7), (5, 6), (2, 8), (1, 12), (2, 4), (2, 4), (3, 5), (4, 6), (8, 9), (9, 11), (2, 12), (3, 6), (4, 5), (7, 8), (7, 9), (8, 9), (1, 11), (3, 5), (4, 5), (8, 10), (1, 12), (3, 5), (4, 5), (3, 6), (5, 6), (3, 7), (4, 5), (6, 7), (3, 9), (8, 9), (8, 10), (9, 10), (0, 12), (2, 3), (3, 4), (0, 5), (4, 5), (7, 8), (3, 10), (4, 5), (5, 6), (4, 7), (7, 9), (9, 10), (0, 12), (4, 5), (6, 7), (6, 8), (7, 8), (3, 9), (1, 12), (1, 4), (6, 10), (7, 9), (8, 9), (8, 10), (9, 10), (5, 11), (6, 10), (5, 11), (9, 10), (7, 12), (9, 11), (10, 11), (10, 12), (1, 13), (2, 7), (0, 11), (2, 3), (3, 4), (6, 8), (7, 8), (8, 10), (9, 12), (5, 10), (6, 10), (2, 13), (4, 6), (0, 7), (6, 7), (6, 10), (7, 8), (9, 10), (0, 12), (2, 3), (1, 5), (5, 6), (3, 9), (4, 5), (7, 8), (5, 10), (7, 8), (6, 9), (6, 12), (1, 9), (4, 6), (5, 6), (6, 7), (5, 8), (3, 7), (4, 6), (5, 6), (7, 8), (0, 13), (3, 4), (3, 5), (2, 5), (3, 5), (2, 6), (5, 6), (0, 8), (3, 4), (5, 8), (2, 10), (5, 6), (6, 7), (3, 11), (4, 5), (6, 7), (8, 10), (5, 10), (7, 9), (0, 12), (1, 2), (2, 3), (3, 4), (4, 5), (4, 6), (1, 8), (2, 5), (3, 7), (4, 7), (6, 7), (7, 8), (4, 9), (5, 6), (8, 9), (9, 11), (11, 12), (1, 13), (2, 3), (6, 7), (7, 10), (9, 10), (8, 11), (6, 10), (7, 11), (0, 12), (1, 2), (3, 4), (3, 5), (6, 7), (4, 9), (7, 8), (3, 12), (6, 8), (8, 9), (6, 12), (10, 11), (11, 12), (2, 13), (0, 2), (5, 6), (2, 10), (3, 4), (3, 5), (8, 10), (1, 11), (3, 4), (9, 10), (1, 13), (2, 3), (4, 5), (2, 7), (5, 6), (5, 7), (8, 10), (8, 10), (8, 11), (10, 12), (0, 13), (3, 4), (5, 6), (7, 8), (1, 9), (4, 6), (7, 10), (9, 10), (4, 12), (5, 6), (6, 7), (7, 9), (8, 9), (9, 10), (2, 11), (7, 8), (8, 9), (0, 10), (1, 3), (2, 3), (3, 4), (1, 4), (3, 4), (10, 11), (0, 13), (1, 2), (1, 6), (3, 4), (3, 5), (3, 7), (1, 7), (2, 3), (4, 10), (1, 8), (5, 6), (7, 8), (1, 9), (0, 13), (1, 2), (1, 6), (2, 4), (2, 6), (10, 11), (11, 12), (0, 13), (3, 4), (4, 9), (5, 6), (7, 9), (8, 9), (10, 11), (2, 12), (4, 5), (7, 10), (10, 12), (11, 12), (3, 13), (4, 5), (7, 8), (6, 10), (7, 12), (8, 10), (9, 10), (9, 11), (0, 13), (2, 14), (4, 8), (5, 6), (7, 8), (8, 10), (9, 10), (5, 11), (4, 9), (8, 9), (8, 10), (10, 11), (2, 12), (4, 5), (8, 9), (6, 13), (5, 8), (7, 8), (4, 10), (7, 8), (11, 13), (0, 14), (0, 4), (1, 5), (3, 6), (4, 5), (7, 8), (1, 11), (2, 4), (3, 4), (3, 5), (3, 7), (6, 7), (6, 8), (7, 8), (8, 9), (7, 10), (10, 11), (3, 12), (7, 8), (0, 14), (1, 3), (1, 3), (5, 8), (7, 8), (9, 10), (7, 13), (10, 11), (10, 13), (12, 13), (8, 14), (6, 10), (5, 6), (4, 5), (8, 9), (7, 10), (8, 9), (6, 11), (8, 10), (0, 12), (8, 13), (9, 10), (10, 12), (2, 14), (3, 4), (3, 5), (1, 6), (5, 6), (7, 8), (9, 10), (9, 11), (10, 11), (3, 12), (5, 7), (6, 7), (4, 11), (6, 7), (2, 14), (3, 4), (5, 6), (7, 8), (8, 9), (10, 11), (7, 12), (8, 10), (11, 12), (8, 14), (4, 8), (2, 4), (4, 7), (5, 6), (8, 12), (9, 10), (4, 12), (10, 12), (11, 12), (0, 13), (2, 3), (1, 4), (2, 3), (3, 4), (4, 5), (3, 6), (4, 5), (8, 10), (0, 11), (11, 13), (12, 13), (1, 14), (4, 5), (8, 10), (9, 10), (6, 11), (7, 8), (6, 9), (8, 12), (9, 10), (11, 12), (11, 13), (12, 13), (6, 14), (3, 6), (0, 5), (2, 3), (2, 4), (6, 8), (7, 8), (7, 9), (8, 9), (1, 12), (2, 3), (3, 4), (3, 5), (5, 6), (5, 7), (9, 10), (9, 12), (10, 12), (0, 14), (3, 5), (8, 10), (9, 10), (0, 11), (1, 2), (4, 6), (1, 12), (5, 13), (8, 9), (6, 11), (7, 8), (1, 13), (4, 5), (9, 11), (10, 12), (0, 14), (1, 2), (3, 5), (4, 5), (5, 10), (6, 8), (8, 9), (9, 10), (9, 11), (10, 11), (1, 12), (2, 3), (4, 5), (5, 7), (1, 8), (3, 6), (5, 7), (4, 8), (6, 8), (7, 8), (9, 10), (3, 11), (4, 5), (0, 13), (2, 4), (3, 4), (5, 6), (6, 8), (7, 9), (0, 10), (6, 7), (8, 10), (10, 11), (6, 14), (7, 9), (5, 10), (7, 8), (10, 11), (9, 12), (11, 12), (2, 13), (3, 5), (4, 5), (3, 6), (4, 5), (7, 8), (8, 9), (11, 12), (0, 14), (6, 9), (8, 9), (8, 10), (4, 11), (5, 8), (7, 8), (8, 10), (3, 11), (4, 5), (5, 6), (5, 9), (7, 9), (10, 12), (2, 14), (3, 5), (6, 7), (8, 9), (2, 10), (4, 5), (6, 7), (0, 11), (1, 2), (5, 6), (6, 7), (4, 11), (5, 6), (10, 11), (0, 14), (1, 2), (6, 7), (7, 9), (9, 10), (10, 11), (4, 12), (8, 9), (10, 11), (10, 12), (10, 12), (13, 14)]
