results/potlll/svpchallengedim40seed2dim10delta1.txt: 14.245 sec
b: [[-223832858732, 107662009962, 409353120162, 36647003191, 201705467092, 296187648636, -149608054505, 361748375374, 6194083196, -420048348968],
 [458616184182, -97948890516, 604956423763, 223063133252, -197280642639, 65726354679, -98438074802, 129407508424, -125795021472, -118029302588],
 [-772972740256, 315170462931, 333025397012, 398580908677, -75771697007, 93540328575, 131420535966, -282313677301, 7409411512, 336462969358],
 [-11724789784, -452464948718, -540819441322, 123650455674, -32920955015, 590110488364, 290396686391, -633964806952, -246740529014, -149164305751],
 [-461545717885, -393254016799, -171510333687, 432267381453, -438466874839, 382981738036, 10200219641, 199938824051, 588925915337, -323900129666],
 [-269873597083, 359019126511, -94175475234, 45282354927, -241402414592, 4059377002, -474931191611, -383282960454, -773191478652, -202156886351],
 [-678916555284, -394446108695, 2452463549, -264125612327, -35612526825, -26126420526, -2580441820, 274335393891, -135693954093, 1064890209302],
 [-199614698235, -45238918758, 643622419251, -506648931148, -570407447864, 131664711355, 146733320870, -792015403288, 31244924189, -441852311936],
 [82835255486, -146423117912, 277817982380, -131721839884, -81290239331, -799132243520, 912499545613, -125051653533, -478367027838, -330115965778],
 [485953074136, 448860445678, -122396610029, -271305848057, -676330788335, 438917975646, 663645231477, 669117531041, -765876573110, -266279259515]], shape=[10, 10], strides=[10, 1], layout=Cc (0x5), const ndim=2
v_norms: [688740894721648855249294, 226082600012443192046987333274136092354538495133/344370447360824427624647, 503510626037660955545290927748476925141383777694842806500583252564508815/452165200024886384093974666548272184709076990266, 7751350820693055485555839053447121042014760938608666434557159782728660131899735580238403268681/6216180568366184636361616391956505248659058983886948228402262377339615, 704099428847853278353537699529635085807698646158200130684823085470730220353332617656205108804516957299356856393190087496/627859416476137494330022963329216804403195636027301981199129942401021470683878581999310664763161, 83017352165997095381062942652952582732512893961003879209893598747992763649024686937535215965148045649876671699402311569472911949278425335853715/88012428605981659794192212441204385725962330769775016335602885683841277544166577207025638600564619662419607049148760937, 105654964515903807816604900465734072668599930894743581342061444589928879839554802915297620052579431632608186741539398022188074804965858740922523790606835381588151953812/83017352165997095381062942652952582732512893961003879209893598747992763649024686937535215965148045649876671699402311569472911949278425335853715, 56440520296533863642790753522351628814491157295117222777971783130802506746445393143626726453922795813125778874005590675906128398334729377376828201648400678480404050645489072005908285380099597/38419987096692293751492691078448753697672702143543120488022343487246865396201746514653680019119793320948431542377962917159299929078494087608190469311576502395691619568, 880843332341684933082042443491488102531943087696235568596424303684919386823860522280518722673471393861209259644342771236977861013128611442738869041148387486426517369277314917192927177640956063789188901531396049778459/620845723261872500070698288745867916959402730246289450557689614438827574210899324579893990993150753944383567614061497434967412381682023151145110218132407463284444557100379792064991139181095567, 3468287585974050604774439085108554766681095904449490782532408558820799971446912200169098884155278262402657048060314007695099477058350627510176872515581723540506379642904992102434614917531819511246695382788173343454302248117102540610188816001/1761686664683369866164084886982976205063886175392471137192848607369838773647721044561037445346942787722418519288685542473955722026257222885477738082296774972853034738554629834385854355281912127578377803062792099556918], shape=[10], strides=[1], layout=CFcf (0xf), const ndim=1
Mu { arr: [116315156457043926264718/344370447360824427624647, 107229384247805959975725/688740894721648855249294, -68953406595554667054809216711274652766364876088/226082600012443192046987333274136092354538495133, -306454031584871785883413/688740894721648855249294, -59865896656124398439540158839679887376518719623/226082600012443192046987333274136092354538495133, -2353929835953462920382560076559767359998823816314036540822995903560843/55945625115295661727254547527608547237931530854982534055620361396056535, 121049984352521779029614/344370447360824427624647, -55640185376879016998441073299393009980097953224/226082600012443192046987333274136092354538495133, 15405467518871826512339284612818051332005943734302548951501028846286652/100702125207532191109058185549695385028276755538968561300116650512901763, 23570128482072974637036556593841477973619737385179920655489594678341435000171890941709215886710/69762157386237499370002551481024089378132848447477997911014438044557941187097620222145629418129, 13602942682872853525015/344370447360824427624647, -16814830735100703105526380263009389958706437692/226082600012443192046987333274136092354538495133, 126619630779224818431055705807115631647262289182875445926303030623165214/503510626037660955545290927748476925141383777694842806500583252564508815, 13681742407904075771577622929200961369062267906982802926667140139528144786058662711381606681852/69762157386237499370002551481024089378132848447477997911014438044557941187097620222145629418129, -77210301304769276384468389011006146742889034941295400816522799231815920428378372160532131269772307198644287799509835915/176024857211963319588384424882408771451924661539550032671205771367682555088333154414051277201129239324839214098297521874, -262619516408663678267887/688740894721648855249294, -106414558290514048011003159640384339004849267674/226082600012443192046987333274136092354538495133, 15747582262455033204036338017898611089799857028257677747689013536332643/33567375069177397036352728516565128342758918512989520433372216837633921, -6313001378070252158307332062396715215614571305198799350720636764253148921885155365706551367245/23254052462079166456667517160341363126044282815825999303671479348185980395699206740715209806043, 6309656212249259504102456478800392869694992543986171801517616628983409034576178413997350372300494310055406151985956369/176024857211963319588384424882408771451924661539550032671205771367682555088333154414051277201129239324839214098297521874, -20799888159200685946378510105535704814789682469105068499294230318539177094703094590706078755910920782735829400044182028493722228811961235430864/83017352165997095381062942652952582732512893961003879209893598747992763649024686937535215965148045649876671699402311569472911949278425335853715, 42992376209325559123770/344370447360824427624647, 73233612523110690776888710835176155318976547808/226082600012443192046987333274136092354538495133, 160019068836939493032828758608645908619370882270850047671724202413772538/503510626037660955545290927748476925141383777694842806500583252564508815, 23549422472071710773209708542345592369345419021236223439297638759915523540559333652005156491199/69762157386237499370002551481024089378132848447477997911014438044557941187097620222145629418129, -55584727876433072837456512953085085231157095380436999616380373273087158658000780739964588724239521552081510940698299163/704099428847853278353537699529635085807698646158200130684823085470730220353332617656205108804516957299356856393190087496, 11346993565310989235701569350765774549370645217938886410155774156387515730288822648471437035207432589188070360696690681755640707765959414823351/55344901443998063587375295101968388488341929307335919473262399165328509099349791291690143976765363766584447799601541046315274632852283557235810, -3834243205451823506770379494931160222213040507691323534622292156235092661001945641309613710351727007970816810667367569553970457652662701701292509998481876991501747269/19209993548346146875746345539224376848836351071771560244011171743623432698100873257326840009559896660474215771188981458579649964539247043804095234655788251197845809784, -224549690867283228727603/688740894721648855249294, 76969038971366398215637285578003942454883812423/226082600012443192046987333274136092354538495133, 2254404443446438094041409602096975606984502777047491666854685335267621/503510626037660955545290927748476925141383777694842806500583252564508815, -5546286895329625277019729233851077760962474307449254372883537062159307335535602287083075051587/69762157386237499370002551481024089378132848447477997911014438044557941187097620222145629418129, -238254803409274184382846683751091048706496704061487474776229498601617339227824096442805031859188753360647826164562717531/704099428847853278353537699529635085807698646158200130684823085470730220353332617656205108804516957299356856393190087496, -28565105619132538311392014281478912314412234876957373700324900551067973437794620020866070014814313015666775940689526913693396801454179076368271/166034704331994190762125885305905165465025787922007758419787197495985527298049373875070431930296091299753343398804623138945823898556850671707430, -49686158175236076656377133019950739368946445255092178178867383827322072965738858747272541838361022809076954197161004254969444254776167137413640846749411686911072906427/211309929031807615633209800931468145337199861789487162684122889179857759679109605830595240105158863265216373483078796044376149609931717481845047581213670763176303907624, 18124206025819368604698405897226892160839368463631141190148982602909710852331206141462972741187890736110009373814547785932899523814265960899218899411332285859768417792022298814517956034138417/56440520296533863642790753522351628814491157295117222777971783130802506746445393143626726453922795813125778874005590675906128398334729377376828201648400678480404050645489072005908285380099597, 61480602503474895941272/344370447360824427624647, 108171773298683915352049642514280423461132369662/226082600012443192046987333274136092354538495133, -185862344392935914280707391314360969301666152366079764614258293923621378/503510626037660955545290927748476925141383777694842806500583252564508815, 12472515441142366143454898392975477862210358905698326716598158697726386596003810860931656872306/69762157386237499370002551481024089378132848447477997911014438044557941187097620222145629418129, -147576064921021793480720090826653987284926788254717759422830912443691467418084893801758842921158771638121713459809653963/704099428847853278353537699529635085807698646158200130684823085470730220353332617656205108804516957299356856393190087496, 42896917690692823747895930537210623577043165475964501087188485256089168902099197525255319492782197445859456350848455781357226182788162351581909/166034704331994190762125885305905165465025787922007758419787197495985527298049373875070431930296091299753343398804623138945823898556850671707430, 16072363657054802417826043743909919318128853945738364971911257533845862685154332422428407380010887617045765175621759929467571175724646521545889665136978382948838788923/211309929031807615633209800931468145337199861789487162684122889179857759679109605830595240105158863265216373483078796044376149609931717481845047581213670763176303907624, -2490501052940560600680800106349760246844103502896493244151001564992648338388058859678310975759165145936529363215589998918437682698078642831697674251481632338885813869579024740658813423564597/56440520296533863642790753522351628814491157295117222777971783130802506746445393143626726453922795813125778874005590675906128398334729377376828201648400678480404050645489072005908285380099597, 382035342402455067841469206441721317721096800353618506290966881260112254236068785258705241143136290468264026805421296684987866165025776969820567568178129454636511681775116754024157593262168751291331996169909075182433/880843332341684933082042443491488102531943087696235568596424303684919386823860522280518722673471393861209259644342771236977861013128611442738869041148387486426517369277314917192927177640956063789188901531396049778459] }
(hist.len, cnt): (761, 2591)
[(0, 1), (0, 1), (0, 1), (0, 1), (0, 1), (0, 1), (0, 1), (0, 1), (0, 1), (0, 1), (0, 1), (0, 1), (0, 1), (0, 1), (0, 1), (0, 1), (0, 1), (0, 1), (0, 1), (0, 1), (0, 1), (0, 1), (0, 1), (0, 1), (0, 1), (0, 1), (0, 1), (0, 1), (0, 1), (0, 1), (0, 1), (0, 1), (0, 1), (0, 1), (0, 1), (0, 1), (0, 1), (0, 1), (0, 1), (0, 1), (0, 1), (0, 1), (0, 1), (0, 1), (0, 1), (0, 1), (0, 1), (0, 1), (0, 1), (0, 1), (0, 1), (0, 1), (0, 1), (0, 1), (0, 1), (0, 1), (0, 1), (0, 1), (0, 1), (0, 1), (0, 1), (0, 1), (0, 1), (0, 1), (0, 1), (0, 1), (0, 1), (0, 1), (0, 1), (0, 1), (0, 1), (0, 1), (0, 1), (0, 1), (0, 1), (0, 1), (0, 2), (0, 2), (0, 2), (0, 1), (0, 2), (0, 2), (1, 2), (0, 2), (0, 2), (0, 2), (0, 2), (0, 2), (0, 2), (0, 2), (1, 2), (1, 2), (0, 2), (0, 2), (0, 2), (0, 2), (0, 2), (0, 1), (0, 2), (0, 2), (0, 2), (0, 2), (0, 2), (0, 2), (0, 2), (0, 1), (0, 1), (0, 2), (0, 2), (0, 2), (0, 2), (0, 1), (0, 2), (0, 2), (0, 2), (0, 2), (0, 2), (0, 2), (0, 2), (0, 2), (1, 2), (0, 2), (0, 2), (0, 2), (0, 2), (0, 2), (0, 1), (0, 2), (0, 2), (1, 2), (0, 3), (0, 2), (1, 2), (0, 3), (0, 2), (0, 3), (0, 3), (0, 3), (1, 3), (0, 3), (1, 3), (0, 3), (0, 3), (1, 3), (0, 3), (0, 2), (0, 3), (0, 3), (0, 3), (1, 3), (0, 3), (1, 2), (0, 3), (1, 2), (1, 3), (0, 2), (0, 3), (0, 3), (1, 2), (0, 3), (0, 2), (1, 2), (0, 3), (0, 1), (1, 3), (0, 3), (1, 2), (0, 2), (0, 3), (0, 3), (0, 3), (0, 3), (0, 3), (1, 3), (0, 3), (0, 3), (1, 2), (0, 3), (1, 3), (0, 3), (0, 3), (0, 3), (0, 1), (1, 3), (0, 3), (1, 2), (0, 3), (0, 3), (1, 2), (0, 3), (1, 2), (0, 3), (0, 3), (1, 4), (0, 4), (0, 2), (0, 4), (0, 3), (1, 4), (0, 4), (1, 4), (2, 3), (1, 4), (1, 4), (0, 4), (0, 3), (1, 4), (0, 4), (0, 2), (1, 2), (2, 3), (0, 4), (1, 4), (1, 4), (1, 4), (1, 4), (2, 3), (1, 4), (0, 3), (1, 3), (0, 4), (1, 2), (1, 3), (1, 4), (0, 3), (0, 4), (1, 3), (0, 4), (0, 3), (1, 2), (0, 4), (1, 2), (0, 4), (0, 4), (0, 2), (0, 4), (1, 4), (1, 3), (0, 4), (1, 3), (1, 3), (0, 4), (1, 4), (1, 3), (0, 4), (0, 4), (1, 2), (1, 4), (0, 4), (0, 4), (0, 2), (0, 4), (1, 2), (0, 4), (2, 3), (0, 4), (1, 2), (1, 3), (0, 4), (1, 2), (0, 4), (1, 2), (2, 3), (1, 3), (2, 3), (0, 4), (0, 2), (1, 4), (0, 5), (1, 3), (0, 5), (1, 2), (1, 5), (2, 3), (0, 5), (0, 2), (0, 5), (1, 4), (0, 5), (1, 2), (2, 3), (0, 4), (0, 5), (1, 2), (0, 3), (3, 4), (0, 5), (1, 3), (0, 4), (1, 3), (0, 4), (1, 2), (3, 4), (0, 5), (2, 3), (1, 3), (2, 3), (0, 5), (2, 3), (1, 4), (0, 5), (2, 3), (0, 4), (2, 4), (1, 5), (0, 5), (1, 3), (1, 3), (0, 4), (2, 4), (3, 4), (1, 5), (2, 5), (0, 5), (0, 5), (1, 3), (2, 5), (0, 5), (1, 2), (0, 4), (0, 2), (3, 4), (0, 5), (1, 3), (1, 3), (0, 4), (2, 3), (0, 5), (2, 3), (1, 4), (0, 5), (3, 4), (1, 5), (2, 3), (3, 4), (0, 5), (0, 4), (1, 2), (0, 5), (1, 5), (1, 5), (0, 5), (1, 2), (0, 4), (1, 2), (2, 5), (0, 6), (2, 3), (3, 4), (2, 6), (3, 5), (0, 6), (2, 4), (1, 5), (3, 5), (4, 5), (2, 6), (1, 5), (1, 3), (0, 6), (2, 3), (0, 6), (3, 5), (1, 6), (2, 3), (1, 5), (3, 4), (2, 6), (3, 4), (0, 6), (3, 4), (0, 6), (2, 3), (2, 4), (0, 6), (0, 2), (1, 5), (0, 6), (1, 2), (1, 4), (3, 5), (0, 6), (2, 3), (1, 4), (2, 5), (0, 6), (2, 3), (0, 6), (1, 3), (2, 3), (0, 6), (2, 3), (2, 6), (2, 5), (0, 6), (1, 2), (2, 3), (0, 4), (1, 2), (1, 5), (2, 3), (0, 5), (1, 6), (0, 4), (2, 3), (4, 5), (0, 6), (0, 6), (2, 3), (2, 4), (0, 5), (0, 6), (2, 3), (2, 6), (2, 5), (0, 6), (0, 5), (1, 6), (2, 5), (1, 6), (4, 6), (0, 7), (1, 2), (3, 5), (1, 6), (4, 6), (0, 7), (4, 5), (0, 6), (1, 4), (3, 4), (5, 6), (0, 7), (3, 5), (0, 6), (4, 5), (0, 6), (1, 6), (3, 4), (1, 5), (0, 6), (5, 6), (0, 7), (2, 3), (2, 5), (3, 5), (0, 6), (1, 2), (2, 3), (1, 5), (1, 6), (4, 5), (3, 6), (1, 7), (1, 3), (3, 4), (0, 6), (1, 3), (0, 5), (2, 4), (2, 4), (4, 5), (0, 6), (3, 4), (5, 6), (4, 7), (2, 4), (4, 5), (2, 6), (2, 7), (2, 5), (1, 7), (0, 3), (1, 2), (1, 3), (0, 6), (1, 2), (3, 4), (2, 6), (3, 4), (4, 5), (0, 7), (2, 3), (1, 5), (0, 7), (4, 5), (0, 7), (3, 4), (1, 7), (2, 4), (2, 6), (3, 5), (4, 5), (0, 7), (2, 3), (4, 5), (1, 6), (4, 5), (5, 6), (0, 7), (3, 4), (0, 6), (1, 2), (3, 5), (0, 7), (1, 3), (0, 5), (2, 3), (5, 6), (0, 7), (0, 3), (5, 6), (1, 7), (4, 5), (1, 8), (1, 3), (4, 5), (5, 7), (6, 7), (0, 8), (2, 5), (3, 4), (3, 5), (0, 6), (0, 8), (1, 3), (4, 5), (6, 7), (0, 8), (2, 4), (2, 5), (3, 4), (0, 6), (3, 4), (1, 5), (5, 6), (0, 7), (1, 5), (3, 4), (1, 5), (4, 5), (1, 7), (3, 4), (3, 6), (2, 5), (3, 4), (4, 5), (6, 7), (1, 8), (1, 3), (2, 4), (5, 6), (5, 7), (6, 7), (1, 8), (3, 4), (1, 6), (2, 3), (0, 8), (1, 3), (0, 4), (0, 5), (2, 3), (5, 7), (0, 8), (1, 4), (3, 4), (1, 8), (2, 3), (2, 5), (3, 6), (2, 6), (4, 5), (0, 7), (3, 4), (2, 5), (5, 6), (1, 7), (3, 4), (5, 7), (0, 8), (1, 4), (0, 7), (4, 6), (0, 7), (2, 3), (5, 6), (6, 7), (1, 8), (3, 4), (3, 5), (4, 5), (0, 7), (2, 4), (3, 5), (3, 5), (4, 5), (1, 7), (0, 8), (1, 2), (2, 3), (0, 4), (5, 6), (1, 8), (3, 4), (2, 6), (3, 4), (4, 5), (0, 8), (1, 2), (3, 5), (3, 5), (1, 6), (4, 5), (4, 7), (5, 7), (0, 8), (0, 5), (2, 6), (3, 4), (5, 6), (1, 8), (3, 4), (0, 6), (0, 5), (0, 8), (1, 2), (4, 5), (2, 5), (3, 5), (2, 6), (3, 5), (2, 8), (0, 3), (1, 3), (2, 3), (4, 5), (3, 6), (0, 7), (2, 3), (0, 8), (1, 5), (4, 5), (3, 6), (1, 5), (3, 8), (4, 5), (6, 7), (1, 8), (4, 6), (0, 9), (4, 5), (1, 9), (3, 4), (6, 7), (5, 8), (0, 9), (1, 8), (3, 4), (0, 9), (3, 4), (2, 7), (5, 7), (0, 9), (2, 4), (4, 7), (2, 9), (1, 5), (6, 7), (0, 9), (2, 4), (3, 4), (3, 6), (6, 7), (1, 9), (3, 4), (4, 6), (3, 8), (0, 5), (2, 3), (2, 4), (0, 7), (2, 6), (3, 4), (5, 7), (1, 8), (2, 5), (5, 6), (2, 8), (5, 7), (4, 8), (0, 9), (2, 5), (3, 6), (5, 6), (0, 8), (2, 4), (0, 5), (4, 5), (5, 6), (1, 8), (4, 6), (4, 7), (6, 7), (0, 9), (2, 5), (4, 5), (2, 6), (3, 4), (3, 6), (2, 7), (1, 8), (3, 5), (4, 5), (0, 9), (1, 2), (1, 3), (2, 3), (5, 6), (0, 7), (0, 3), (4, 7), (5, 6), (0, 9), (1, 4), (1, 5), (3, 6), (4, 8), (5, 8), (0, 9), (2, 3), (1, 4), (1, 6), (3, 5), (6, 7), (1, 8), (2, 4), (5, 6), (6, 7), (1, 9), (2, 3), (3, 5), (0, 8), (3, 5), (4, 5), (4, 6), (0, 9), (1, 2), (2, 3), (2, 6), (5, 6), (1, 8), (2, 4), (4, 5), (0, 9), (3, 7), (6, 7), (0, 8), (2, 4), (2, 5), (6, 7)]
