results/potlll/svpchallengedim40seed3dim15delta0.98999995.txt: 116.647 sec
b: [[15075370, -39494632, 42848311, 21577934, -21923454, 52621433, -33262503, -15961748, -13213094, -1279908, -51197930, 4974163, 2653714, -34221964, -17844989],
 [-19070943, -47026250, 77752976, -65341822, 8647548, -9072640, -14351872, 29397128, -41331397, 13952043, -37962627, 16797897, 5309040, 26486610, -16017377],
 [38694569, -15135222, -37691270, 86067554, 44693593, 7635946, 12653907, -17089226, -2622927, 13757447, -74323102, -1366721, 44593499, -20525327, 8087079],
 [-45597591, 26848412, 5986357, -22449242, -31136657, 13008410, -42071323, -49760586, -41169463, 859705, 44939928, -11750894, 60032548, -13881070, -13886380],
 [-18908366, -14302684, -67151672, 8019451, -31801682, 58528672, -37514094, -17260866, -73903569, -23618953, 10266890, 17229258, -8084260, -41153647, 13772415],
 [-15809096, -53477672, -15567828, -33897464, -35567859, 82073483, -1739596, 2556306, 24745824, -20308546, -16571528, -26501290, -59031897, 34413858, 35420639],
 [73121243, -44140287, -25318648, -27614679, -42034388, 31205797, 17677208, 25080627, -2473037, -25679018, -8119247, 47466534, -7814679, 41283159, 48083400],
 [-22403023, 20174300, -25856934, 55644336, 6843925, 98568154, -14709932, 28937590, 23300422, -3980440, 20441419, 1868182, -55581031, 7626021, -39544249],
 [-68231088, -46388710, -33756395, -54352671, 6174901, -49374522, -40820607, 29552331, -45107272, -43291665, 21003830, -34714081, 8210787, -14108277, -46050766],
 [17951043, -16691001, -1712212, -18097090, 11873411, 34288833, 43983658, 293965, -9402724, 33103531, -30037745, 44382459, 58657976, -62748330, 43295588],
 [-8828352, -18401150, 16117440, -12068650, -37639996, 4450532, -41173962, 17276268, 36894342, 68119692, 70540353, -3937289, 38552784, -30419669, -38968334],
 [33782519, 60895461, 35849400, 86414382, -55851, -5232586, 64180764, 39238984, 13152138, -2311332, -12646739, -22897059, -3501450, -43024600, 34380343],
 [46672979, 40607017, 42639627, -19467006, -7387428, 2588736, -56648054, -5129678, 24536063, -7119586, -3681869, -48273528, 44936669, -59829279, 33310420],
 [2171083, 7360483, -290640, -50443751, -95943327, -87632198, -2357808, 61868957, 4437966, -2628842, -3908417, 15648948, -49113025, 40425965, -48879013],
 [-43554228, -28232026, 81242016, 9356869, 17385510, -43246147, -37625368, 42736733, 37392981, -53292932, -20806324, -671498, -36146333, -17459865, 44554823]], shape=[15, 15], strides=[15, 1], layout=Cc (0x5), const ndim=2
v_norms: [13018325281815501, 220971419627318306174530057831070/13018325281815501, 3367394793369217890504237022767614423245460738899/220971419627318306174530057831070, 47990646329494692854384850980762630342942886503909284490698586962/3367394793369217890504237022767614423245460738899, 28176102986404324463296565319267098177898927351185997943764437402189524145112172/2181393014977031493381129590034665015588313022904967476849935771, 307098486326712745774139932581026174805266700775434576228724386251072646779112539893833343636747/28176102986404324463296565319267098177898927351185997943764437402189524145112172, 40384060107513050297201922295421770836869383720106435676410865694491231723579894451845403547305992388264643317238/3378083349593840203515539258391287922857933708529780338515968248761799114570237938832166780004217, 203578584589613176870354070316918047191080069642547961491517441830744890008376994560831202344519455886903636420793645742736283883/20192030053756525148600961147710885418434691860053217838205432847245615861789947225922701773652996194132321658619, 1986630208536678055136823474591987206974409591149172038970275337167001973847464365602631125964919458120546541055646467040409532411479076997492382/203578584589613176870354070316918047191080069642547961491517441830744890008376994560831202344519455886903636420793645742736283883, 35824183255550699430546901699769024928202766930980674123721874791984330528308327490327075228805162809989545121439357524806417252035168224236269842516146722561697/3973260417073356110273646949183974413948819182298344077940550674334003947694928731205262251929838916241093082111292934080819064822958153994984764, 621421609653529731273007768841519041587455062540307377237946149716835156375133492137817398514679575672221261214029764096293691624683984570493580899522228011880955817657513907145/71648366511101398861093803399538049856405533861961348247443749583968661056616654980654150457610325619979090242878715049612834504070336448472539685032293445123394, 5095044288389415211806969521039689462456240008614437373401001531937752418298088216378830989122137790172174219165388901340416472000092024456270874099382610492282521052094808049501394530249384981/621421609653529731273007768841519041587455062540307377237946149716835156375133492137817398514679575672221261214029764096293691624683984570493580899522228011880955817657513907145, 46980987703558859267964414853213409772730557359113645847595726937116860298296848287369111609744951874812608589562134783997743518999871283849142514911057255158640718417574473039104334070267659715472656926226319/5095044288389415211806969521039689462456240008614437373401001531937752418298088216378830989122137790172174219165388901340416472000092024456270874099382610492282521052094808049501394530249384981, 397497532417661697813835061484459527486199638283374455600240375847876169718244450426941676981472006794004653162174271752497741152637656350832365190019055186893238693056686658501107008778315562546058533542700576684261713223260/46980987703558859267964414853213409772730557359113645847595726937116860298296848287369111609744951874812608589562134783997743518999871283849142514911057255158640718417574473039104334070267659715472656926226319, 3555822303820348596126553004628936474041015535377025692352552146379066324338315123754919151117534890525948044022890187454352924360155754362269122969205393295793750186796242258607490889162196269041214588937709727697784976369467234839970239849/397497532417661697813835061484459527486199638283374455600240375847876169718244450426941676981472006794004653162174271752497741152637656350832365190019055186893238693056686658501107008778315562546058533542700576684261713223260], shape=[15], strides=[1], layout=CFcf (0xf), const ndim=1
Mu { arr: [4781491764099806/13018325281815501, 5188978452151505/13018325281815501, -106630106990483014382268318846649/220971419627318306174530057831070, 216959493924914/4339441760605167, 489767022217592011938513085161/220971419627318306174530057831070, -1303422598987363611063616870346108242149955727081/3367394793369217890504237022767614423245460738899, 1527948959799187/4339441760605167, -76802370028072726830240246669033/220971419627318306174530057831070, -761053325580782641185205683617844972812015713867/3367394793369217890504237022767614423245460738899, 874229331861708498950023934612668994613093063180868377764637898/2181393014977031493381129590034665015588313022904967476849935771, 4040101311825866/13018325281815501, 3819863079428114998416387558257/220971419627318306174530057831070, -87858328480184370661154111340002665432539380221/198082046668777522970837471927506730779144749347, -22655645632563171992032226794419307731349856886879224123178997557/47990646329494692854384850980762630342942886503909284490698586962, 1034048153074467202804915886569679755018218705642807340625886783443526440848947/2561463907854938587572415029024281652536266122835090722160403400199047649555652, 1165980775205105/13018325281815501, 13761461002353605517794394777149/220971419627318306174530057831070, -75156982490806615658544817112221190728143739729/3367394793369217890504237022767614423245460738899, -11908737846196128145142370121659856714723720321443420832218785970/23995323164747346427192425490381315171471443251954642245349293481, 6608936505137827105169725105532396210084311439073761574089738463627304266240291/14088051493202162231648282659633549088949463675592998971882218701094762072556086, 91017682056821272563368964826349497328886556610558671636808659458710670726662516426486115616790/307098486326712745774139932581026174805266700775434576228724386251072646779112539893833343636747, 2979554465429179/13018325281815501, -107510334661228367695096473276767/220971419627318306174530057831070, -1059751819256393871277555861907420285332327550063/3367394793369217890504237022767614423245460738899, -15285198762130844605950619218203588247023285206240878982413472933/47990646329494692854384850980762630342942886503909284490698586962, 3208974768997272995919101055635101377380530522478424194255794245602660910570487/14088051493202162231648282659633549088949463675592998971882218701094762072556086, 7687588332451479358284577611266686402392903076887345773080569218957369386188214374645971721748/43871212332387535110591418940146596400752385825062082318389198035867520968444648556261906233821, -18242250582975284626095134475094879926951596113264990463355440111083682993709041563793079885513099790405899134797/40384060107513050297201922295421770836869383720106435676410865694491231723579894451845403547305992388264643317238, -2933403983505941/13018325281815501, 50317832715290462350012794230543/110485709813659153087265028915535, -723559018325838700839375192849818138408797703976/3367394793369217890504237022767614423245460738899, 19052937210256590532880275032341508407233309299819050506969001571/47990646329494692854384850980762630342942886503909284490698586962, 13710695293115842084584259174679410783296306911998099242866826764972699856224955/28176102986404324463296565319267098177898927351185997943764437402189524145112172, -28357362361856000339245080075918873838575429515526793891580567331191186728212248811832515215231/307098486326712745774139932581026174805266700775434576228724386251072646779112539893833343636747, -10060868140407330873932536391137746979372340913003775547013989047762760283752775231688701585003254839569916500220/20192030053756525148600961147710885418434691860053217838205432847245615861789947225922701773652996194132321658619, -59097235191057003267559782073886200105925397995872369503902691846608761107150685358703517207711480687505032036987656244470677352/203578584589613176870354070316918047191080069642547961491517441830744890008376994560831202344519455886903636420793645742736283883, 3913211792502878/13018325281815501, -547314286125741790727259958442/110485709813659153087265028915535, 1348729214372239508402344971951439116776673969744/3367394793369217890504237022767614423245460738899, 6206214817822588738158821629425715740591861729563977540338871379/47990646329494692854384850980762630342942886503909284490698586962, 4691748824089361023392825121468402333520899896037663435794390942030859223252095/28176102986404324463296565319267098177898927351185997943764437402189524145112172, -17210703378791096773499868525921461427713361546146344089149802083646430950621495272704979419911/307098486326712745774139932581026174805266700775434576228724386251072646779112539893833343636747, 14805046296131092135077566984329545279650393867709945465685344987796278563348194484330969212318343056175144377921/40384060107513050297201922295421770836869383720106435676410865694491231723579894451845403547305992388264643317238, -82532278402393772199711192619380311707676839939849124850538353247957304872740621117039300145480290743339401126928724444018580855/407157169179226353740708140633836094382160139285095922983034883661489780016753989121662404689038911773807272841587291485472567766, -943736965524729740513817920851589510949587510939908522124397137571940057656285021955482098257938650938612222324845080932673444462310760873144261/1986630208536678055136823474591987206974409591149172038970275337167001973847464365602631125964919458120546541055646467040409532411479076997492382, 809964465512399/13018325281815501, 1402824718920346928784557967034/110485709813659153087265028915535, -1494046597190957537013044647491235303823248829518/3367394793369217890504237022767614423245460738899, 16008930222247696070702564547800514501278263984893271576693847427/47990646329494692854384850980762630342942886503909284490698586962, -10829240485818335682003945041944389634593267713024857431986766118434483531125853/28176102986404324463296565319267098177898927351185997943764437402189524145112172, -60352939329235248604829311199988800226000888080775001550203783530104336010795499623608732174855/307098486326712745774139932581026174805266700775434576228724386251072646779112539893833343636747, 969067748028504070721477733911976703481494205130260765184833541335120441779781479995985681229236493181580436437/20192030053756525148600961147710885418434691860053217838205432847245615861789947225922701773652996194132321658619, 46145769844462360073188529653015561489778203843401679863571278292488304278927515180665036624206764490980095132671282516620747954/203578584589613176870354070316918047191080069642547961491517441830744890008376994560831202344519455886903636420793645742736283883, 187538389499943021323968235731314150268536939899908456894354623452497163493111316006342896747604628431126191258215145622683083580259848525460203/662210069512226018378941158197329068991469863716390679656758445722333991282488121867543708654973152706848847018548822346803177470493025665830794, 17720713179455088338097415719837331853120470101180886786787945718090287692044446958384766731565775770138524803400905181991082245485372569142656973727058702009274/35824183255550699430546901699769024928202766930980674123721874791984330528308327490327075228805162809989545121439357524806417252035168224236269842516146722561697, -317938499896832/13018325281815501, -53115230992937277199830371921593/110485709813659153087265028915535, 1031919871336113297755736983837793434142877885206/3367394793369217890504237022767614423245460738899, -832877556383310711598208972719631531584502559166976225057218296/2181393014977031493381129590034665015588313022904967476849935771, -11497972626414754224445491553693641450287913020414614387379197099344698133722655/28176102986404324463296565319267098177898927351185997943764437402189524145112172, -132823554291760485489965052255358084744874075017003632049621881498055791225109426116571823289611/307098486326712745774139932581026174805266700775434576228724386251072646779112539893833343636747, -1345833556432367591326584407428163781963399036999115239136958400876933537934512065998858591245696895738522646023/20192030053756525148600961147710885418434691860053217838205432847245615861789947225922701773652996194132321658619, 2248167810687855565432048757423444252934853026607232313643090981776678305058084436514826500039953135696787115729125522491233347/407157169179226353740708140633836094382160139285095922983034883661489780016753989121662404689038911773807272841587291485472567766, -157807565392234520067776656317722136172379222554079353898234318254701198986577698883887741887325837476608512245983424820575358450406339133227758/331105034756113009189470579098664534495734931858195339828379222861166995641244060933771854327486576353424423509274411173401588735246512832915397, 5408994375465273797632364607893295634104018857131343130399724548570135809981594317655833513515724677393964435477885955781997674922058343247273377174957981893319/35824183255550699430546901699769024928202766930980674123721874791984330528308327490327075228805162809989545121439357524806417252035168224236269842516146722561697, -199342527680340505251763192322849118576172513261586948319687003387274672197724178974686802835062489845593503353055841611070038422007057663599281387277062725545509248406881636319/621421609653529731273007768841519041587455062540307377237946149716835156375133492137817398514679575672221261214029764096293691624683984570493580899522228011880955817657513907145, 3976746295940699/13018325281815501, -35960740608834145719907992954469/220971419627318306174530057831070, -501656907691566026624996569952685067124658155091/3367394793369217890504237022767614423245460738899, 13254840874816603814422542392717345645027581133269408761728256699/47990646329494692854384850980762630342942886503909284490698586962, -13722182075342436951370355708558881083110404970395959527685175720441885803886431/28176102986404324463296565319267098177898927351185997943764437402189524145112172, -44744815871299051660234612046648026823706223985905963720016341013144365740496109847249008785785/307098486326712745774139932581026174805266700775434576228724386251072646779112539893833343636747, 7165812422567462551623189472362746390129703212621221174689678688254213642097909467661562257780283606009961510459/40384060107513050297201922295421770836869383720106435676410865694491231723579894451845403547305992388264643317238, -177882621633617430836251113737730347015305955779628795393990018490266701745486181104174121109287338106377556026102451215645379101/407157169179226353740708140633836094382160139285095922983034883661489780016753989121662404689038911773807272841587291485472567766, -38059096215562221104580946337892965894238116951665601638573681824540110214544783922913303295950135503474968852734871595254023415598506161498695/1986630208536678055136823474591987206974409591149172038970275337167001973847464365602631125964919458120546541055646467040409532411479076997492382, 6641703105428562687341620750057203291915297995052496473309205714168303326171295532757633125890955476402652055715546165877721149120911188917997402131512060724155/35824183255550699430546901699769024928202766930980674123721874791984330528308327490327075228805162809989545121439357524806417252035168224236269842516146722561697, -3417519189434594365885330608062582474723148559137890376936870849991935368970119301915228912254718504180923773214303443095151348157784133909307833421283384359079030955585773518/124284321930705946254601553768303808317491012508061475447589229943367031275026698427563479702935915134444252242805952819258738324936796914098716179904445602376191163531502781429, 1591090275126542465500218569739120248745403068905034419887227432258215738264569958614003086484875899588184775951267665372558284733402467226020435994888612932067011892868266329015006664363943125/5095044288389415211806969521039689462456240008614437373401001531937752418298088216378830989122137790172174219165388901340416472000092024456270874099382610492282521052094808049501394530249384981, -1731600524969965/4339441760605167, 109301702965116249240757850348787/220971419627318306174530057831070, -1651567776258368735235043116491718575302877225277/3367394793369217890504237022767614423245460738899, -1815308907868324719806012964525108952466364155742814525517931859/4362786029954062986762259180069330031176626045809934953699871542, -284109671555595898779364521660206579204981777807809885482040286140527428158025/28176102986404324463296565319267098177898927351185997943764437402189524145112172, -18328921041383059308385269470959866653216719590297914606448443312941209774748515303017983966553/43871212332387535110591418940146596400752385825062082318389198035867520968444648556261906233821, 9523880027249801936380938322165290938505732653697192314012466044075228084123660776116310658409987304274667400751/40384060107513050297201922295421770836869383720106435676410865694491231723579894451845403547305992388264643317238, -80792566799663427232228516575884812877341373125285786585185717886940019664679477334313274092227547754693828090700943072887726209/407157169179226353740708140633836094382160139285095922983034883661489780016753989121662404689038911773807272841587291485472567766, 479170043427727633649243632913460218499411641520374171674976589075362666879179014097530313454357641207674702492998057161012509891830492061983710/993315104268339027568411737295993603487204795574586019485137668583500986923732182801315562982459729060273270527823233520204766205739538498746191, -17177966198467744262296238764913411370183576641739393365801535109918392529390887401408778578670829321012281956595998373473818164969262895601686467887875664713371/35824183255550699430546901699769024928202766930980674123721874791984330528308327490327075228805162809989545121439357524806417252035168224236269842516146722561697, 166431925182275822776198302517883202896249504796800331975392284685072696458886830688342542705327425100448070644812463480944857322538879078027289907448809600176039580550209502431/621421609653529731273007768841519041587455062540307377237946149716835156375133492137817398514679575672221261214029764096293691624683984570493580899522228011880955817657513907145, 716928537823561811377868890736230132333501681801227493772805092273355605961858773716171472958956682330300246464811422623378082576666558396206265617471422751626096185457133843352750644985610261/5095044288389415211806969521039689462456240008614437373401001531937752418298088216378830989122137790172174219165388901340416472000092024456270874099382610492282521052094808049501394530249384981, -16444750828009227993930229119207008393327818962088866043435696216011302401153251582712193583982383269107129200938302932845040884229064229559284325962470659320045845807466975535291282969258232920661237989065467/46980987703558859267964414853213409772730557359113645847595726937116860298296848287369111609744951874812608589562134783997743518999871283849142514911057255158640718417574473039104334070267659715472656926226319, 266275657142518/1446480586868389, 41945278031303332876399440928089/110485709813659153087265028915535, -507624265015698214295364759799689739932239702178/3367394793369217890504237022767614423245460738899, -20962972872419198766982927854915960453693478580888881292631302263/47990646329494692854384850980762630342942886503909284490698586962, -1798195665455621949465294195767486580816481058988656766190188343435559977505981/7044025746601081115824141329816774544474731837796499485941109350547381036278043, -5543133358996644673968940835390760739630825972551932852982588913780368683726135926067617239738/43871212332387535110591418940146596400752385825062082318389198035867520968444648556261906233821, -15580259391894673432827175579257191323623424809889488714383604543659368350468580825457286263186811827673519487995/40384060107513050297201922295421770836869383720106435676410865694491231723579894451845403547305992388264643317238, -80092107888775162300371097983112510600192877857780969411759536088918411049383983221711096877740917899717438127981617415300734576/203578584589613176870354070316918047191080069642547961491517441830744890008376994560831202344519455886903636420793645742736283883, 181932028294141572443626605881848062422525432817211313825832790973436456027222894968694938742001278669837121390504297686649610931381860279842121/993315104268339027568411737295993603487204795574586019485137668583500986923732182801315562982459729060273270527823233520204766205739538498746191, -3614161846054476060620278762206904328311617617069665231566284929177060120727898889770245357637893125630228701654549424464329240671138648158007272058341523745270/35824183255550699430546901699769024928202766930980674123721874791984330528308327490327075228805162809989545121439357524806417252035168224236269842516146722561697, -173421713121451341172149581096576199600553871713534771926613668477467494760648379750404421829249403184961884386808700063585724642246469152948025892081332105747713398405424635148/621421609653529731273007768841519041587455062540307377237946149716835156375133492137817398514679575672221261214029764096293691624683984570493580899522228011880955817657513907145, 1734137579541056537750727509066977107653066112036314529922380410466753298480147970909607292981722261577221086539295077887295957068086546403087500742154269200520786212427844722027344619564959752/5095044288389415211806969521039689462456240008614437373401001531937752418298088216378830989122137790172174219165388901340416472000092024456270874099382610492282521052094808049501394530249384981, 11833548405904222532993834670501803569946069691262340914630212661494975629178873221888219214548234783403848981543112287352056580279804784742687225155271578068406385114491103839725356839967111590157193606313708/46980987703558859267964414853213409772730557359113645847595726937116860298296848287369111609744951874812608589562134783997743518999871283849142514911057255158640718417574473039104334070267659715472656926226319, -148503741927376843482464822976913797842164251084729006071980097938516468146375880389000259722166315126207982021293829328242992988707563775934178041450631009413965150707485457803673790513528716337266036366789142422977207158663/397497532417661697813835061484459527486199638283374455600240375847876169718244450426941676981472006794004653162174271752497741152637656350832365190019055186893238693056686658501107008778315562546058533542700576684261713223260] }
(hist.len, cnt): (1608, 6345)
[(0, 1), (0, 1), (0, 1), (0, 1), (0, 1), (0, 1), (0, 1), (0, 1), (0, 1), (0, 1), (0, 1), (0, 1), (0, 1), (0, 1), (0, 1), (0, 1), (0, 1), (0, 1), (0, 1), (0, 1), (0, 1), (0, 1), (0, 1), (0, 1), (0, 1), (0, 1), (0, 1), (0, 1), (0, 1), (0, 1), (0, 1), (0, 1), (0, 1), (0, 1), (0, 1), (0, 1), (0, 1), (0, 1), (0, 1), (0, 1), (0, 1), (0, 1), (0, 1), (0, 1), (0, 1), (0, 1), (0, 1), (0, 1), (0, 1), (0, 1), (0, 1), (0, 1), (0, 1), (0, 1), (0, 1), (0, 1), (0, 1), (0, 1), (0, 1), (0, 1), (0, 1), (0, 1), (0, 1), (0, 1), (0, 1), (0, 1), (0, 1), (0, 1), (0, 1), (0, 1), (0, 1), (0, 1), (0, 1), (0, 1), (0, 1), (0, 1), (0, 1), (0, 2), (0, 2), (0, 1), (0, 2), (0, 2), (0, 1), (1, 2), (0, 2), (0, 2), (0, 2), (0, 2), (0, 1), (0, 2), (1, 2), (0, 2), (0, 2), (0, 2), (0, 2), (0, 2), (1, 2), (0, 2), (0, 1), (0, 2), (0, 2), (0, 2), (0, 2), (0, 2), (0, 2), (0, 2), (0, 2), (0, 2), (0, 2), (0, 2), (0, 2), (1, 2), (0, 2), (0, 2), (0, 2), (0, 2), (0, 2), (0, 2), (0, 2), (0, 2), (0, 2), (0, 2), (0, 1), (0, 1), (0, 2), (0, 2), (0, 2), (0, 2), (0, 2), (0, 2), (0, 2), (0, 2), (1, 2), (0, 2), (0, 2), (0, 2), (2, 3), (0, 3), (0, 3), (1, 2), (0, 3), (0, 2), (0, 3), (0, 3), (0, 3), (1, 2), (0, 3), (0, 3), (0, 3), (0, 3), (0, 3), (1, 2), (1, 3), (0, 2), (0, 3), (0, 3), (0, 3), (0, 2), (1, 3), (0, 3), (0, 3), (0, 3), (0, 3), (0, 3), (0, 2), (0, 2), (1, 2), (0, 3), (1, 3), (0, 3), (0, 3), (0, 3), (0, 3), (0, 3), (1, 3), (0, 3), (0, 3), (1, 3), (0, 3), (0, 3), (0, 2), (0, 2), (1, 2), (0, 3), (1, 2), (0, 3), (0, 2), (0, 3), (0, 3), (1, 2), (0, 3), (0, 2), (0, 3), (0, 3), (1, 2), (0, 3), (0, 3), (1, 3), (1, 3), (0, 3), (1, 3), (0, 3), (0, 4), (0, 4), (2, 3), (0, 4), (0, 3), (2, 3), (1, 4), (1, 4), (2, 3), (0, 4), (1, 4), (0, 4), (0, 4), (0, 2), (0, 3), (0, 3), (0, 4), (1, 2), (2, 3), (0, 4), (2, 3), (0, 4), (2, 3), (0, 4), (2, 3), (1, 3), (2, 3), (0, 4), (2, 3), (1, 4), (0, 4), (1, 2), (1, 3), (0, 4), (1, 2), (0, 4), (1, 2), (0, 4), (1, 2), (0, 4), (2, 3), (0, 4), (0, 4), (0, 4), (0, 4), (1, 2), (0, 4), (1, 2), (1, 3), (2, 3), (0, 4), (0, 2), (0, 4), (0, 4), (1, 2), (0, 4), (1, 3), (0, 4), (1, 3), (0, 4), (2, 3), (0, 4), (2, 3), (1, 4), (0, 3), (0, 4), (2, 3), (0, 4), (1, 5), (0, 5), (2, 3), (0, 5), (1, 2), (1, 3), (2, 5), (1, 5), (2, 4), (3, 4), (1, 5), (1, 3), (3, 4), (0, 5), (0, 4), (1, 2), (1, 3), (0, 5), (0, 5), (2, 3), (0, 4), (3, 4), (0, 5), (1, 3), (0, 5), (0, 2), (1, 3), (0, 5), (2, 3), (1, 5), (3, 4), (0, 5), (1, 2), (0, 5), (0, 5), (0, 5), (3, 4), (0, 5), (2, 4), (2, 4), (0, 5), (0, 4), (1, 2), (2, 3), (0, 5), (1, 4), (0, 5), (1, 2), (1, 4), (3, 4), (0, 5), (1, 2), (0, 4), (2, 3), (0, 5), (0, 5), (0, 5), (2, 3), (0, 4), (1, 2), (0, 5), (0, 5), (3, 4), (2, 5), (0, 5), (1, 2), (1, 3), (2, 3), (1, 4), (0, 4), (0, 5), (1, 5), (3, 4), (0, 6), (0, 3), (0, 4), (0, 6), (3, 4), (0, 6), (2, 3), (2, 4), (2, 5), (0, 6), (2, 4), (3, 4), (0, 6), (1, 6), (2, 3), (2, 6), (4, 5), (1, 6), (3, 4), (0, 6), (1, 5), (1, 6), (3, 4), (2, 6), (3, 4), (1, 6), (1, 4), (3, 5), (2, 4), (3, 4), (1, 6), (0, 4), (0, 5), (0, 6), (3, 4), (0, 5), (0, 2), (1, 2), (0, 3), (1, 2), (2, 3), (4, 5), (0, 6), (3, 4), (0, 5), (0, 6), (2, 3), (0, 4), (3, 4), (2, 5), (4, 5), (0, 6), (1, 2), (3, 5), (4, 5), (1, 6), (2, 4), (3, 5), (0, 6), (2, 4), (3, 4), (3, 5), (1, 6), (4, 5), (0, 6), (1, 5), (0, 3), (4, 5), (2, 6), (2, 5), (4, 5), (0, 6), (0, 5), (2, 3), (0, 6), (1, 2), (1, 4), (2, 5), (4, 5), (2, 6), (2, 6), (1, 7), (2, 4), (4, 5), (5, 6), (2, 7), (1, 4), (1, 5), (2, 3), (3, 4), (1, 6), (3, 4), (1, 5), (3, 4), (1, 7), (2, 4), (5, 6), (2, 7), (4, 6), (2, 7), (0, 4), (0, 5), (1, 6), (2, 4), (3, 4), (2, 5), (4, 5), (0, 7), (3, 4), (2, 5), (4, 5), (2, 6), (3, 5), (2, 6), (2, 6), (5, 6), (0, 7), (1, 2), (0, 3), (4, 5), (0, 6), (1, 2), (3, 4), (1, 5), (2, 4), (3, 6), (0, 7), (0, 4), (0, 2), (3, 5), (0, 7), (1, 6), (0, 7), (1, 3), (2, 3), (0, 7), (2, 3), (0, 6), (2, 6), (0, 7), (4, 5), (5, 6), (0, 7), (0, 3), (2, 4), (5, 6), (0, 7), (1, 3), (2, 4), (5, 6), (0, 7), (1, 2), (1, 5), (2, 4), (0, 7), (1, 2), (3, 5), (0, 6), (1, 3), (2, 3), (4, 5), (0, 7), (1, 3), (4, 5), (0, 7), (3, 4), (4, 5), (2, 6), (0, 7), (1, 2), (1, 4), (2, 6), (0, 7), (3, 5), (3, 5), (0, 6), (2, 4), (2, 6), (3, 4), (4, 5), (1, 7), (5, 6), (0, 7), (1, 3), (1, 5), (0, 7), (0, 2), (3, 4), (4, 5), (3, 7), (2, 8), (5, 6), (1, 8), (3, 5), (4, 5), (0, 6), (2, 7), (3, 4), (4, 7), (0, 8), (1, 3), (3, 4), (2, 6), (3, 4), (0, 7), (3, 4), (0, 8), (0, 2), (2, 7), (5, 6), (0, 8), (0, 6), (5, 6), (5, 7), (1, 8), (0, 6), (0, 8), (1, 2), (2, 5), (4, 7), (6, 7), (0, 8), (1, 3), (1, 4), (2, 5), (0, 6), (2, 3), (1, 4), (5, 6), (2, 7), (4, 7), (0, 8), (2, 6), (4, 5), (3, 7), (6, 7), (0, 8), (1, 2), (3, 4), (4, 5), (0, 8), (1, 3), (5, 6), (0, 7), (1, 2), (1, 5), (2, 3), (3, 5), (1, 8), (2, 3), (4, 5), (6, 7), (0, 8), (1, 6), (1, 7), (3, 6), (3, 7), (4, 5), (0, 8), (1, 2), (1, 3), (0, 5), (4, 7), (5, 6), (1, 8), (5, 7), (0, 8), (2, 3), (3, 7), (4, 5), (5, 6), (0, 8), (1, 2), (5, 6), (4, 7), (5, 7), (6, 7), (1, 8), (2, 3), (1, 4), (1, 5), (4, 5), (0, 6), (0, 2), (2, 7), (4, 5), (0, 8), (1, 2), (2, 4), (2, 8), (0, 7), (0, 2), (3, 4), (0, 5), (1, 7), (3, 4), (6, 7), (0, 8), (2, 3), (2, 5), (6, 7), (3, 8), (0, 9), (3, 4), (1, 8), (5, 7), (0, 9), (2, 4), (7, 8), (2, 9), (3, 7), (0, 8), (1, 2), (3, 4), (0, 9), (0, 2), (2, 6), (3, 5), (0, 7), (1, 2), (4, 5), (3, 7), (0, 8), (1, 2), (1, 5), (2, 3), (4, 6), (0, 7), (2, 3), (6, 7), (0, 9), (1, 2), (2, 5), (2, 7), (0, 8), (2, 3), (2, 7), (5, 7), (0, 9), (0, 2), (3, 6), (0, 8), (3, 6), (5, 6), (1, 7), (2, 3), (3, 4), (2, 5), (6, 7), (1, 8), (2, 3), (1, 4), (3, 4), (2, 5), (0, 8), (5, 6), (0, 9), (1, 2), (3, 6), (5, 6), (2, 7), (3, 5), (4, 5), (0, 9), (3, 4), (6, 8), (7, 8), (0, 9), (0, 6), (1, 9), (2, 5), (4, 5), (4, 6), (3, 7), (4, 6), (1, 7), (0, 8), (3, 4), (3, 5), (2, 7), (5, 6), (5, 7), (1, 8), (5, 6), (7, 8), (1, 9), (2, 3), (4, 6), (6, 7), (4, 8), (5, 6), (2, 9), (0, 9), (1, 2), (1, 4), (4, 5), (6, 7), (4, 8), (5, 6), (2, 7), (1, 8), (6, 7), (0, 9), (1, 6), (3, 5), (4, 5), (0, 7), (2, 4), (5, 6), (5, 7), (1, 9), (3, 4), (3, 7), (5, 7), (0, 10), (3, 4), (1, 5), (4, 5), (7, 8), (0, 10), (2, 6), (4, 6), (5, 6), (2, 7), (0, 10), (1, 4), (3, 4), (1, 5), (0, 6), (5, 6), (6, 7), (2, 8), (0, 9), (1, 2), (2, 3), (5, 8), (6, 8), (7, 9), (1, 10), (3, 5), (2, 6), (0, 9), (6, 7), (7, 9), (3, 10), (2, 5), (3, 7), (4, 5), (7, 8), (8, 9), (0, 10), (1, 4), (3, 5), (4, 8), (2, 9), (5, 6), (0, 10), (2, 4), (3, 4), (4, 7), (5, 6), (6, 7), (1, 8), (2, 3), (0, 9), (2, 4), (2, 6), (7, 8), (1, 10), (5, 6), (7, 8), (8, 9), (0, 10), (2, 3), (3, 7), (6, 7), (5, 8), (6, 7), (2, 9), (3, 4), (3, 5), (4, 5), (3, 6), (5, 8), (0, 10), (1, 2), (5, 6), (4, 8), (7, 8), (0, 9), (1, 4), (4, 5), (6, 8), (0, 10), (3, 6), (4, 5), (5, 6), (3, 7), (5, 8), (6, 8), (0, 10), (1, 2), (1, 3), (4, 5), (5, 6), (2, 7), (5, 6), (5, 7), (6, 9), (2, 10), (5, 7), (6, 7), (1, 8), (3, 4), (3, 5), (6, 8), (1, 10), (2, 3), (4, 5), (4, 6), (0, 7), (1, 8), (3, 4), (2, 8), (3, 4), (3, 5), (5, 6), (7, 8), (0, 10), (1, 5), (2, 3), (3, 6), (5, 9), (6, 9), (7, 8), (0, 10), (2, 5), (4, 5), (2, 6), (7, 8), (8, 9), (2, 10), (3, 4), (6, 7), (5, 8), (2, 9), (6, 7), (0, 11), (2, 6), (5, 6), (4, 10), (0, 11), (1, 4), (3, 7), (6, 7), (0, 10), (0, 3), (5, 7), (7, 8), (3, 10), (0, 10), (2, 4), (4, 5), (6, 7), (7, 9), (2, 10), (6, 7), (1, 11), (2, 3), (3, 4), (5, 7), (5, 8), (8, 9), (0, 10), (3, 5), (4, 7), (2, 10), (4, 7), (5, 7), (7, 8), (1, 9), (3, 10), (4, 5), (1, 6), (3, 6), (4, 5), (5, 6), (7, 8), (8, 9), (0, 10), (2, 3), (5, 6), (4, 9), (5, 6), (5, 8), (7, 8), (5, 10), (7, 8), (2, 11), (4, 5), (1, 8), (6, 7), (6, 8), (3, 9), (5, 10), (2, 11), (5, 6), (6, 8), (4, 9), (0, 10), (1, 2), (2, 3), (2, 5), (4, 6), (7, 8), (1, 11), (4, 6), (8, 9), (5, 10), (0, 11), (1, 2), (2, 3), (0, 5), (6, 8), (6, 8), (0, 10), (1, 2), (6, 7), (2, 11), (0, 5), (1, 8), (4, 6), (0, 9), (1, 2), (5, 6), (3, 9), (5, 6), (5, 7), (6, 7), (6, 8), (7, 9), (8, 9), (2, 10), (4, 5), (4, 8), (3, 9), (1, 10), (3, 4), (4, 5), (6, 7), (8, 9), (5, 11), (8, 9), (3, 10), (4, 6), (2, 7), (3, 4), (4, 8), (5, 7), (1, 12), (3, 5), (4, 6), (3, 8), (4, 5), (5, 8), (6, 10), (0, 11), (1, 2), (2, 4), (3, 5), (5, 6), (2, 8), (6, 7), (5, 8), (6, 7), (6, 8), (8, 9), (6, 10), (8, 9), (1, 12), (4, 5), (7, 9), (8, 9), (7, 10), (0, 11), (1, 2), (8, 10), (1, 12), (5, 7), (6, 9), (6, 10), (7, 8), (8, 9), (8, 11), (1, 12), (2, 3), (4, 5), (2, 6), (0, 4), (1, 3), (6, 8), (5, 12), (1, 6), (2, 3), (5, 6), (1, 8), (2, 10), (6, 8), (7, 8), (6, 9), (7, 8), (8, 9), (0, 11), (3, 5), (6, 8), (1, 12), (2, 3), (2, 4), (4, 6), (8, 9), (3, 10), (1, 7), (4, 5), (7, 8), (9, 10), (9, 11), (0, 12), (1, 2), (4, 6), (3, 8), (4, 5), (6, 7), (1, 9), (2, 3), (5, 6), (7, 8), (6, 10), (0, 12), (3, 4), (2, 4), (3, 4), (5, 6), (5, 7), (1, 10), (4, 6), (2, 7), (5, 6), (0, 12), (1, 4), (3, 6), (4, 6), (4, 6), (6, 7), (8, 10), (10, 11), (0, 12), (5, 6), (0, 12), (1, 3), (5, 6), (3, 10), (5, 6), (6, 7), (7, 8), (8, 9), (9, 10), (1, 12), (2, 3), (8, 10), (5, 11), (7, 8), (9, 10), (0, 12), (3, 4), (2, 5), (4, 5), (4, 8), (3, 11), (5, 7), (0, 11), (2, 3), (4, 5), (5, 8), (9, 11), (1, 12), (0, 1), (1, 4), (3, 4), (3, 5), (3, 6), (5, 6), (6, 7), (2, 8), (7, 8), (0, 9), (5, 10), (4, 7), (5, 6), (9, 10), (4, 11), (5, 6), (5, 9), (5, 11), (6, 9), (8, 9), (7, 11), (8, 9), (9, 10), (10, 11), (0, 12), (3, 5), (9, 10), (8, 11), (9, 10), (8, 11), (2, 13), (6, 7), (8, 9), (6, 10), (8, 11), (1, 10), (8, 9), (9, 10), (10, 12), (0, 13), (3, 4), (4, 6), (1, 7), (3, 4), (4, 5), (1, 8), (4, 6), (3, 8), (8, 9), (2, 12), (3, 4), (2, 5), (4, 5), (6, 8), (7, 8), (4, 9), (5, 9), (9, 10), (5, 12), (6, 7), (5, 13), (0, 11), (3, 4), (1, 11), (3, 4), (4, 6), (5, 6), (9, 11), (10, 11), (2, 12), (3, 6), (5, 6), (5, 7), (6, 7), (1, 12), (3, 5), (6, 9), (0, 13), (1, 2), (1, 6), (2, 3), (3, 4), (4, 6), (6, 7), (8, 9), (9, 10), (9, 11), (11, 12), (0, 13), (1, 3), (3, 4), (6, 7), (5, 8), (4, 9), (6, 10), (7, 9), (8, 9), (5, 11), (1, 12), (2, 3), (5, 7), (0, 13), (2, 3), (4, 6), (5, 6), (1, 10), (2, 5), (3, 5), (4, 5), (7, 10), (9, 10), (10, 11), (4, 12), (5, 6), (3, 7), (1, 9), (2, 3), (1, 6), (2, 3), (5, 6), (4, 6), (5, 6), (3, 7), (4, 8), (6, 7), (6, 8), (0, 13), (3, 4), (4, 5), (2, 6), (3, 5), (4, 5), (4, 8), (7, 8), (8, 10), (0, 13), (3, 4), (7, 8), (3, 9), (5, 11), (7, 9), (8, 9), (8, 10), (4, 11), (0, 12), (1, 4), (6, 7), (0, 8), (3, 6), (4, 5), (8, 9), (2, 10), (0, 12), (1, 2), (4, 7), (5, 7), (9, 10), (3, 11), (9, 10), (5, 11), (4, 11), (10, 11), (1, 12), (2, 3), (0, 5), (6, 7), (1, 8), (2, 4), (3, 4), (0, 13), (2, 3), (4, 6), (2, 9), (8, 9), (5, 12), (11, 12), (4, 13), (6, 7), (7, 8), (6, 9), (8, 10), (4, 10), (8, 9), (7, 10), (0, 13), (4, 5), (4, 6), (3, 7), (2, 4), (3, 4), (5, 8), (5, 7), (8, 9), (5, 10), (1, 12), (4, 5), (6, 7), (1, 9), (2, 5), (8, 9), (7, 10), (8, 10), (9, 10), (7, 11), (8, 9), (10, 12), (3, 13), (3, 5), (3, 6), (4, 5), (7, 10), (5, 12), (9, 12), (11, 12), (1, 13), (1, 6), (5, 6), (5, 8), (4, 7), (5, 6), (5, 7), (7, 8), (2, 9), (9, 10), (12, 13), (4, 14), (4, 6), (6, 8), (7, 8), (1, 9), (2, 5), (4, 10), (5, 6), (6, 7), (6, 8), (5, 9), (7, 8), (10, 11), (7, 13), (10, 11), (10, 12), (0, 13), (3, 4), (9, 10), (10, 11), (11, 12), (0, 14), (1, 4), (2, 4), (5, 6), (0, 7), (2, 4), (4, 5), (5, 6), (6, 7), (2, 8), (3, 4), (3, 6), (4, 5), (7, 9), (5, 10), (7, 8), (9, 10), (10, 11), (1, 12), (2, 4), (3, 4), (6, 7), (5, 8), (12, 13), (3, 14), (1, 7), (6, 9), (7, 9), (9, 10), (9, 11), (10, 11), (12, 13), (1, 14), (2, 5), (4, 5), (4, 8), (6, 7), (7, 9), (5, 10), (10, 12), (11, 12), (1, 14), (2, 3), (3, 9), (5, 7), (6, 7), (5, 8), (7, 9), (7, 10), (4, 11), (7, 8), (9, 10), (6, 12), (6, 11), (7, 11), (9, 11), (10, 11), (0, 13), (2, 3), (1, 6), (4, 5), (4, 6), (5, 6), (6, 8), (2, 10), (1, 4), (2, 7), (6, 9), (10, 13), (11, 12), (1, 14), (3, 4), (4, 5), (1, 6), (2, 3), (1, 8), (5, 8), (8, 9), (5, 10), (6, 7), (10, 12), (1, 14), (2, 3), (3, 4), (4, 5), (4, 6), (4, 7), (5, 6), (8, 9), (9, 10), (7, 12), (8, 9), (9, 10), (0, 11), (5, 12), (8, 10), (2, 13), (3, 4), (2, 5), (5, 6), (5, 7), (6, 7), (8, 9), (2, 11), (9, 12), (5, 14), (6, 8), (8, 10), (4, 11), (0, 7), (6, 7), (7, 8), (10, 11), (3, 12), (4, 5), (5, 6), (5, 7), (2, 9), (7, 8), (6, 9), (6, 10), (10, 11), (11, 12), (1, 13), (2, 7), (4, 10), (6, 11), (8, 10), (4, 11), (0, 11), (2, 6), (5, 6), (4, 6), (5, 6), (10, 11), (11, 12), (2, 13), (5, 6), (3, 7), (4, 6), (5, 6), (6, 7), (10, 11), (9, 12), (11, 12), (1, 14), (2, 4), (3, 4), (4, 5), (5, 6), (4, 7), (6, 7), (2, 9), (3, 4), (7, 9), (3, 10), (5, 9), (7, 8), (6, 10), (7, 9), (9, 10), (4, 11), (6, 7), (8, 9), (6, 12), (7, 8), (11, 12), (9, 12), (11, 12), (1, 13), (2, 4), (3, 5), (5, 6), (4, 7), (6, 7), (9, 10), (11, 12), (5, 14), (7, 8), (2, 9), (3, 5), (2, 9), (6, 11), (2, 12), (3, 4), (3, 5), (8, 9), (6, 10), (7, 9), (8, 10), (11, 12), (0, 13), (1, 2), (0, 7), (4, 5), (6, 8), (7, 9), (9, 10), (10, 11), (10, 12), (12, 13), (0, 14), (3, 4), (3, 9), (5, 7), (6, 7), (7, 11), (8, 10), (9, 10), (9, 11), (7, 12), (8, 10), (9, 10), (11, 12), (0, 13), (2, 3), (3, 5), (4, 5), (5, 6), (5, 8), (6, 8), (8, 9), (8, 10), (10, 12), (11, 12), (5, 14), (4, 6), (5, 6), (5, 7), (9, 11), (7, 11), (9, 10), (10, 11), (12, 13)]
