results/potlll/svpchallengedim40seed0dim10delta1.txt: 13.981 sec
b: [[-221799297172, 47226784210, 41608112529, 209741787649, -495431828711, 157354422673, 471830012032, 276699512465, 295465399521, 219864858862],
 [-520330804800, 367939732863, 453381747718, 187009754167, 373495238258, 156482517227, 157193367505, 483953938804, -137091479312, 208373155916],
 [275105362245, -568025608908, -47424883103, -183756814849, 57510432418, 289447591730, -402944876317, 579205803930, -59151308226, 340708013006],
 [-294717333594, -155766589097, 7702572939, -2868469744, -277437543784, -100296840363, 486645965215, -206340589931, -812975145239, -508983515195],
 [80023858264, 45318668547, 22590357444, -787272891710, 8276262785, -640950822389, -243715363758, -173954241828, -42660790820, 526811201575],
 [444476484768, 298941844874, 359213392295, -586319248691, -145772800316, 639604437321, -12260714838, 107605146871, -113161900385, 616516131642],
 [-362966118643, -458254282570, 665039816559, -266652505996, -325026578544, -276726826894, 287337569058, -17594748686, 326361000132, -519565461478],
 [759096964564, 324443498586, -284767962987, 248713925429, 459371707193, -283551039205, 325992322863, 384847108148, -575667996424, -440874898513],
 [392823543215, 185592887966, 541763343559, 509380221087, -177972447181, -367827977753, 24950799208, 155278415862, -758931224429, 384627442535],
 [157754425277, 183004536056, -105378129360, -21988674909, -720021530139, -211006289540, -1464433763536, 26437531121, -124989517610, -432415946460]], shape=[10, 10], strides=[10, 1], layout=Cc (0x5), const ndim=2
v_norms: [802187800050911270740910, 24953952381895835169120018013119750022688723364/23593758825026802080615, 39938535695758995190219773870283762969243247280758478863895090704503056/35351432541019099822920025518586312532142358099, 5956176410323279018155533546173100884071842092455362373527702449504733127663804600102141959561/4992316961969874398777471733785470371155405910094809857986886338062882, 168171589533079490609783929192185094114326674242321694840062665790834333208891494008558076783933455025279086805538094283/142948233847758696435732805108154421217724210218928696964664858788113595063931310402451407029464, 386297853024413209587597257266134473020154113943810807313724171926740941228296500529677168245440269211715987949254768285015088762326892169340849/336343179066158981219567858384370188228653348484643389680125331581668666417782988017116153567866910050558173611076188566, 441950161637718073874798000585007400321724130452851853798629334907931485671292965252915375752092878511890134707145616559040430778270921849723946500073274153633125709289/386297853024413209587597257266134473020154113943810807313724171926740941228296500529677168245440269211715987949254768285015088762326892169340849, 712171747800591405298462465228146968182197363384143197729300023089635850460198052983433647670958814769131683654626626559958337704960788455808051963241737771682744813529265363223656293694723559/589266882183624098499730667446676533762298840603802471731505779877241980895057287003887167669457171349186846276194155412053907704361229132965262000097698871510834279052, 2338727341071691465546635762264227416237440569344148026754075201943449421614672452254626649388947873833003190382229792621110898663609027712008422540323693211417161496239951670825754701544267222707720541429439902771639/2136515243401774215895387395684440904546592090152429593187900069268907551380594158950300943012876444307395050963879879679875013114882365367424155889725213315048234440587796089670968881084170677, 4479162007073151170053182782743010606980316030715060474323054884337061641018044345714802639116581702744224211114079778384050910591371708226269714637437377066499267496599054455079188695195638785002287791358960525877967803096509204846118949649/2338727341071691465546635762264227416237440569344148026754075201943449421614672452254626649388947873833003190382229792621110898663609027712008422540323693211417161496239951670825754701544267222707720541429439902771639], shape=[10], strides=[1], layout=CFcf (0xf), const ndim=1
Mu { arr: [7171824604645692628042/23593758825026802080615, -41864274788424394514742/401093900025455635370455, -38761071412447807483967783851210171433679436/2079496031824652930760001501093312501890726947, -96975829735083015423/401093900025455635370455, -902039954804953096993109774673832411527393533/24953952381895835169120018013119750022688723364, -8468216373425711493137037153475119191179321713123996139968771908876081/19969267847879497595109886935141881484621623640379239431947545352251528, -34465262674696877911823/80218780005091127074091, -951220666209331914993359301050355629375201330/6238488095473958792280004503279937505672180841, 561523204509373980570030338662157173737095566005194837754184136631533/6656422615959832531703295645047293828207207880126413143982515117417176, -2475044112189372554259578037953107420211229287039774093702658301627368267197009584457724144031/11912352820646558036311067092346201768143684184910724747055404899009466255327609200204283919122, 6263131210827089933751/47187517650053604161230, 1643722817567528979210165515156505322891434643/12476976190947917584560009006559875011344361682, 4574883355565952137397826200226745072226537623952552782918120592514081/9984633923939748797554943467570940742310811820189619715973772676125764, -1109346454224812514856388979385162079490079125856669306971515920566295145292563336928780516746/5956176410323279018155533546173100884071842092455362373527702449504733127663804600102141959561, 56993716927758336974701056523156860816060011670693527711735695035654040300000983307948344067922991266307998353948480032/168171589533079490609783929192185094114326674242321694840062665790834333208891494008558076783933455025279086805538094283, 260991180951852403844927/802187800050911270740910, -1043812829465425066127165183602393119234713687/12476976190947917584560009006559875011344361682, -1923025531067134865446225499592646514950282755032291638450148593457905/9984633923939748797554943467570940742310811820189619715973772676125764, 1744076177691584459440097533589922435329435236124690897486049924707795365845889454315456302344/5956176410323279018155533546173100884071842092455362373527702449504733127663804600102141959561, 26416091923846304599443272384885581256792750223287206159674620314733493929667181377502484986202860107657400102934115652/168171589533079490609783929192185094114326674242321694840062665790834333208891494008558076783933455025279086805538094283, -106357461748681927178589711560904890901723635746913062742251712901090673350261760834727742703487558515457060086028353602581575673359136996272339/386297853024413209587597257266134473020154113943810807313724171926740941228296500529677168245440269211715987949254768285015088762326892169340849, -195242264379886544252/399894217373335628485, 2656581000348621091435712115956718639523369219/24953952381895835169120018013119750022688723364, -213291421610249519028611292574531564923601758941628973847661233372135/1901835033131380723343798755727798236630630822893260898280718604976336, 6903569437967366115491140656841413940590115446361970698673749236453308039632974009377131687105/23824705641293116072622134184692403536287368369821449494110809798018932510655218400408567838244, -104045168525671249591041079719849497399996041700043502850772202329688307305088641374350539819605427369202543254840504393/336343179066158981219567858384370188228653348484643389680125331581668666417782988017116153567866910050558173611076188566, 17364896446872614316308854293900461816227874016083833845317635409805596076712587292709102644169067202695855757053850689884151423190037138770166/386297853024413209587597257266134473020154113943810807313724171926740941228296500529677168245440269211715987949254768285015088762326892169340849, -139085363380202316919021705904454429875383411437734238144934197312171287234798400155036335825328153239001546318737659652297370212068299138074706487919072946094749368693/294633441091812049249865333723338266881149420301901235865752889938620990447528643501943583834728585674593423138097077706026953852180614566482631000048849435755417139526, -213115736878878997581/47187517650053604161230, 4071138437073079667102078566347829803226223587/12476976190947917584560009006559875011344361682, 1008408249519606352005381198918531419703878396450437262540837935878319/39938535695758995190219773870283762969243247280758478863895090704503056, 7392514891826415134414646828995380683692124903312709972587395728032806198442033527192818163233/23824705641293116072622134184692403536287368369821449494110809798018932510655218400408567838244, 60848326612092996515407491557527421303581898859618223360569639676576747969250278674321402478577198318149544347584740811/336343179066158981219567858384370188228653348484643389680125331581668666417782988017116153567866910050558173611076188566, 65550251424176201059438582596290424819589619910252125414957691118806349106742468801447532219378506690528654204858768702955665616138918283796797/386297853024413209587597257266134473020154113943810807313724171926740941228296500529677168245440269211715987949254768285015088762326892169340849, -262100511753509793657639650117968302046326051033297532868660857366534706208390606830618059908788354649423105431750196278927520271135130532042951640090757619338145391225/883900323275436147749596001170014800643448260905703707597258669815862971342585930505830751504185757023780269414291233118080861556541843699447893000146548307266251418578, 261001974651838598069341750470816654577231344297710254328617573678181542223558117207481931786139087206701471360756642228979824837417822654845065906189131613203159606929544701426873247159298077/712171747800591405298462465228146968182197363384143197729300023089635850460198052983433647670958814769131683654626626559958337704960788455808051963241737771682744813529265363223656293694723559, -2263847727644885898481/3442866094639104166270, -11764267522248836772046583370246423764072707229/24953952381895835169120018013119750022688723364, 545996126377833801716129065227039734372455258735080840230132117231272/2496158480984937199388735866892735185577702955047404928993443169031441, -1643389846337424079046908794400917339242661318950356336973359250154637533819261481564691717607/11912352820646558036311067092346201768143684184910724747055404899009466255327609200204283919122, -8966585896991481001228790320550965039205052458447930249506059939546598212844658911158199969662608839844864195437025755/168171589533079490609783929192185094114326674242321694840062665790834333208891494008558076783933455025279086805538094283, -50017182009560551359537024309891143852154253632516118407884644336057176171386904453870814061561831962172883996453426628914241809000145054974635/386297853024413209587597257266134473020154113943810807313724171926740941228296500529677168245440269211715987949254768285015088762326892169340849, 17113819217945429986946105910225642025145083372220495480107242979811309300223253128412898611429568856926788304436122783640286795579501663753379978144689818675062242811/441950161637718073874798000585007400321724130452851853798629334907931485671292965252915375752092878511890134707145616559040430778270921849723946500073274153633125709289, -231426189056165778689363673830850128093517069915405771050780726272075242081482093115192641222989155607538225656866631839096551081865100981402325099521843067501332427423831777881189925300015488/712171747800591405298462465228146968182197363384143197729300023089635850460198052983433647670958814769131683654626626559958337704960788455808051963241737771682744813529265363223656293694723559, 1128727131168188253932634615348895911045263808019249844391127246246949060000407081443088147897542354994729617828010220692427016900376662540991806786098936863570502969243302816807742764958991693791976920436135409046440/2338727341071691465546635762264227416237440569344148026754075201943449421614672452254626649388947873833003190382229792621110898663609027712008422540323693211417161496239951670825754701544267222707720541429439902771639] }
(hist.len, cnt): (726, 2387)
[(0, 1), (0, 1), (0, 1), (0, 1), (0, 1), (0, 1), (0, 1), (0, 1), (0, 1), (0, 1), (0, 1), (0, 1), (0, 1), (0, 1), (0, 1), (0, 1), (0, 1), (0, 1), (0, 1), (0, 1), (0, 1), (0, 1), (0, 1), (0, 1), (0, 1), (0, 1), (0, 1), (0, 1), (0, 1), (0, 1), (0, 1), (0, 1), (0, 1), (0, 1), (0, 1), (0, 1), (0, 1), (0, 1), (0, 1), (0, 1), (0, 1), (0, 1), (0, 1), (0, 1), (0, 1), (0, 1), (0, 1), (0, 1), (0, 1), (0, 1), (0, 1), (0, 1), (0, 1), (0, 1), (0, 1), (0, 1), (0, 1), (0, 1), (0, 1), (0, 1), (0, 1), (0, 1), (0, 1), (0, 1), (0, 1), (0, 1), (0, 1), (0, 1), (0, 1), (0, 1), (0, 1), (0, 1), (0, 1), (0, 1), (0, 1), (0, 1), (0, 1), (0, 1), (0, 1), (0, 1), (0, 1), (0, 1), (0, 1), (0, 1), (0, 1), (0, 1), (0, 1), (0, 1), (0, 2), (0, 2), (0, 2), (0, 1), (0, 2), (1, 2), (0, 2), (1, 2), (0, 2), (0, 1), (0, 2), (0, 1), (0, 2), (1, 2), (0, 2), (0, 2), (0, 2), (0, 1), (0, 2), (1, 2), (0, 2), (0, 1), (0, 2), (0, 2), (0, 1), (0, 2), (0, 2), (0, 2), (0, 2), (0, 1), (0, 2), (0, 2), (0, 2), (0, 2), (0, 2), (0, 2), (0, 1), (0, 2), (1, 2), (0, 2), (0, 2), (0, 2), (1, 2), (0, 2), (0, 2), (0, 2), (1, 2), (0, 2), (0, 2), (0, 2), (0, 2), (0, 2), (0, 2), (0, 2), (1, 2), (0, 2), (0, 2), (0, 2), (0, 1), (0, 2), (1, 3), (0, 3), (1, 3), (0, 2), (1, 2), (0, 3), (0, 2), (0, 3), (1, 3), (0, 3), (1, 3), (0, 3), (0, 3), (1, 2), (0, 3), (0, 2), (1, 2), (0, 3), (0, 3), (1, 2), (0, 3), (1, 3), (1, 3), (0, 3), (1, 2), (0, 3), (2, 3), (1, 3), (0, 2), (1, 2), (0, 3), (0, 3), (0, 2), (0, 3), (0, 3), (0, 3), (0, 3), (1, 3), (0, 3), (1, 3), (1, 3), (0, 3), (1, 2), (0, 3), (1, 2), (0, 3), (0, 3), (1, 2), (1, 3), (0, 2), (0, 3), (0, 3), (1, 2), (0, 3), (1, 2), (0, 3), (0, 2), (0, 3), (0, 3), (1, 2), (0, 3), (0, 2), (1, 2), (0, 4), (1, 2), (0, 4), (0, 4), (0, 3), (1, 4), (0, 4), (0, 3), (0, 2), (0, 4), (1, 2), (0, 4), (2, 3), (1, 4), (0, 4), (1, 2), (2, 3), (0, 4), (2, 4), (0, 3), (0, 4), (1, 2), (0, 4), (1, 4), (0, 3), (1, 4), (0, 4), (1, 4), (1, 4), (0, 4), (1, 3), (1, 4), (1, 4), (2, 3), (0, 4), (2, 3), (0, 4), (1, 4), (0, 3), (1, 3), (0, 4), (1, 3), (0, 4), (0, 3), (0, 2), (1, 2), (0, 4), (2, 3), (0, 4), (1, 2), (0, 3), (1, 4), (0, 4), (1, 2), (1, 3), (0, 4), (1, 3), (0, 4), (0, 4), (1, 5), (1, 4), (1, 5), (2, 4), (0, 5), (0, 5), (1, 2), (2, 3), (0, 5), (2, 3), (2, 4), (0, 5), (2, 4), (3, 4), (0, 5), (0, 4), (1, 5), (0, 5), (1, 2), (0, 4), (0, 1), (2, 4), (0, 4), (2, 5), (0, 5), (1, 5), (3, 4), (0, 5), (0, 5), (2, 5), (0, 4), (2, 4), (1, 5), (0, 4), (2, 3), (0, 5), (0, 4), (0, 5), (3, 4), (1, 5), (0, 5), (1, 3), (2, 4), (0, 5), (0, 4), (2, 3), (4, 6), (0, 6), (1, 3), (0, 4), (2, 4), (3, 4), (2, 6), (2, 5), (0, 6), (3, 4), (1, 5), (3, 5), (0, 6), (1, 4), (0, 5), (0, 4), (3, 5), (2, 6), (1, 5), (0, 6), (2, 3), (0, 4), (0, 5), (2, 3), (4, 5), (0, 6), (1, 2), (3, 4), (0, 6), (0, 4), (0, 5), (2, 3), (0, 4), (1, 2), (3, 4), (1, 6), (4, 5), (0, 6), (1, 3), (3, 5), (4, 6), (0, 6), (2, 4), (0, 6), (1, 2), (0, 4), (2, 3), (4, 5), (0, 6), (1, 2), (2, 5), (0, 5), (1, 2), (1, 3), (2, 3), (4, 5), (0, 6), (0, 6), (2, 3), (0, 5), (0, 2), (1, 3), (0, 4), (1, 6), (1, 4), (2, 3), (0, 5), (3, 4), (0, 6), (1, 2), (1, 3), (0, 4), (2, 3), (3, 4), (0, 6), (3, 5), (0, 6), (1, 5), (4, 5), (0, 6), (2, 3), (4, 6), (0, 7), (3, 4), (0, 6), (1, 2), (3, 6), (0, 7), (2, 3), (4, 5), (0, 6), (2, 3), (0, 4), (1, 2), (4, 6), (0, 7), (0, 2), (3, 7), (1, 7), (2, 3), (3, 5), (1, 6), (2, 5), (0, 7), (1, 4), (4, 5), (1, 6), (2, 5), (3, 4), (3, 6), (4, 5), (0, 7), (1, 3), (2, 3), (4, 5), (4, 6), (5, 6), (0, 7), (1, 2), (3, 6), (0, 7), (1, 5), (0, 7), (2, 3), (3, 5), (4, 5), (0, 6), (2, 5), (4, 5), (4, 6), (0, 7), (0, 2), (3, 6), (0, 7), (1, 2), (3, 5), (0, 7), (0, 6), (1, 3), (4, 5), (4, 6), (3, 7), (3, 5), (4, 5), (3, 6), (1, 7), (2, 3), (2, 4), (1, 7), (3, 4), (4, 6), (0, 7), (2, 4), (0, 7), (1, 2), (1, 7), (2, 4), (2, 6), (0, 7), (1, 2), (3, 5), (1, 7), (2, 4), (2, 4), (2, 5), (2, 4), (1, 6), (2, 3), (0, 7), (1, 4), (2, 5), (1, 7), (3, 5), (3, 6), (0, 7), (2, 5), (4, 7), (6, 7), (0, 8), (4, 7), (0, 8), (3, 5), (3, 6), (0, 7), (3, 4), (4, 5), (0, 8), (1, 2), (1, 5), (4, 5), (6, 7), (1, 8), (3, 5), (0, 6), (4, 5), (6, 7), (0, 8), (2, 3), (2, 7), (4, 5), (6, 7), (1, 8), (2, 5), (4, 5), (1, 7), (4, 5), (3, 6), (3, 7), (6, 7), (1, 8), (3, 6), (4, 5), (4, 7), (5, 6), (5, 7), (6, 7), (0, 8), (1, 4), (0, 6), (3, 4), (2, 4), (3, 4), (0, 8), (1, 2), (0, 6), (0, 6), (1, 2), (3, 6), (3, 7), (3, 5), (3, 6), (3, 5), (0, 7), (1, 2), (3, 4), (2, 5), (3, 5), (2, 6), (4, 5), (5, 6), (0, 8), (2, 3), (2, 4), (4, 5), (6, 7), (0, 8), (2, 5), (1, 6), (3, 4), (3, 5), (4, 5), (0, 8), (2, 3), (1, 6), (2, 3), (5, 6), (3, 7), (6, 7), (0, 8), (1, 3), (3, 4), (3, 7), (5, 6), (4, 8), (5, 6), (6, 7), (1, 8), (3, 4), (3, 5), (4, 6), (0, 7), (1, 3), (4, 5), (3, 7), (0, 8), (2, 4), (5, 6), (2, 7), (1, 8), (2, 3), (0, 4), (0, 5), (1, 3), (3, 8), (5, 6), (7, 8), (0, 9), (1, 2), (1, 5), (4, 7), (4, 6), (0, 8), (1, 2), (3, 5), (1, 8), (3, 4), (6, 7), (3, 9), (4, 5), (5, 6), (6, 7), (1, 9), (2, 3), (3, 4), (4, 5), (3, 7), (0, 9), (1, 2), (4, 5), (1, 7), (3, 4), (2, 6), (3, 5), (4, 8), (4, 6), (5, 6), (7, 8), (1, 9), (3, 5), (3, 6), (3, 5), (5, 6), (6, 7), (1, 8), (3, 5), (3, 6), (5, 7), (0, 9), (2, 3), (0, 9), (3, 5), (4, 5), (1, 6), (1, 8), (5, 6), (2, 9), (4, 5), (3, 6), (4, 5), (3, 7), (5, 6), (7, 8), (1, 9), (2, 6), (5, 7), (6, 7), (1, 8), (5, 6), (0, 9), (1, 2), (1, 8), (3, 5), (4, 5), (6, 7), (7, 8), (1, 9), (2, 3), (2, 4), (5, 8), (7, 8), (1, 9), (3, 4), (1, 5), (0, 9), (2, 3), (2, 4), (3, 4), (6, 7), (0, 9), (1, 2), (1, 4), (2, 3), (2, 4), (3, 4), (0, 7), (0, 2), (3, 5), (4, 5), (3, 6), (4, 5), (3, 7), (2, 9), (1, 4), (5, 7), (6, 7), (0, 8), (0, 9), (1, 3), (2, 3), (2, 4), (4, 5), (1, 6), (5, 6), (7, 8), (2, 9), (4, 5), (5, 7), (7, 8), (4, 9), (3, 6), (1, 6), (3, 7), (1, 6), (3, 4), (5, 6), (0, 8), (2, 3), (3, 7), (3, 5), (7, 8)]
