results/deeplll/ndim25seed2cnt1000dim25delta0.98999995.txt: 779.242 sec
b: [[0, 0, 0, 0, 0, ..., 0, 0, 0, 0, 0],
 [0, 0, 0, 0, 0, ..., 0, 0, 0, 0, 0],
 [0, 0, 0, 0, 0, ..., 0, 0, 0, 0, 0],
 [0, 0, 0, 0, 0, ..., 0, 0, 0, 0, 0],
 [0, 0, 0, 0, -1, ..., 0, 0, 0, 0, 0],
 ...,
 [0, 0, 0, 0, 0, ..., 0, 0, 0, 0, 0],
 [0, 1, 0, 0, 0, ..., 0, 0, 0, 0, 0],
 [0, 0, 0, 0, 0, ..., 0, 0, 0, 0, 0],
 [0, 0, 0, 0, 0, ..., 0, 0, 0, 0, 0],
 [0, 0, 1, 0, 0, ..., 0, 0, 0, 0, 0]], shape=[25, 25], strides=[25, 1], layout=Cc (0x5), const ndim=2
v_norms: [1, 1, 1, 1, 1, 1, 1, 1, 1, 1, 1, 1, 1, 1, 1, 1, 1, 1, 1, 1, 1, 1, 1, 1, 1], shape=[25], strides=[1], layout=CFcf (0xf), const ndim=1
Mu { arr: [0, 0, 0, 0, 0, 0, 0, 0, 0, 0, 0, 0, 0, 0, 0, 0, 0, 0, 0, 0, 0, 0, 0, 0, 0, 0, 0, 0, 0, 0, 0, 0, 0, 0, 0, 0, 0, 0, 0, 0, 0, 0, 0, 0, 0, 0, 0, 0, 0, 0, 0, 0, 0, 0, 0, 0, 0, 0, 0, 0, 0, 0, 0, 0, 0, 0, 0, 0, 0, 0, 0, 0, 0, 0, 0, 0, 0, 0, 0, 0, 0, 0, 0, 0, 0, 0, 0, 0, 0, 0, 0, 0, 0, 0, 0, 0, 0, 0, 0, 0, 0, 0, 0, 0, 0, 0, 0, 0, 0, 0, 0, 0, 0, 0, 0, 0, 0, 0, 0, 0, 0, 0, 0, 0, 0, 0, 0, 0, 0, 0, 0, 0, 0, 0, 0, 0, 0, 0, 0, 0, 0, 0, 0, 0, 0, 0, 0, 0, 0, 0, 0, 0, 0, 0, 0, 0, 0, 0, 0, 0, 0, 0, 0, 0, 0, 0, 0, 0, 0, 0, 0, 0, 0, 0, 0, 0, 0, 0, 0, 0, 0, 0, 0, 0, 0, 0, 0, 0, 0, 0, 0, 0, 0, 0, 0, 0, 0, 0, 0, 0, 0, 0, 0, 0, 0, 0, 0, 0, 0, 0, 0, 0, 0, 0, 0, 0, 0, 0, 0, 0, 0, 0, 0, 0, 0, 0, 0, 0, 0, 0, 0, 0, 0, 0, 0, 0, 0, 0, 0, 0, 0, 0, 0, 0, 0, 0, 0, 0, 0, 0, 0, 0, 0, 0, 0, 0, 0, 0, 0, 0, 0, 0, 0, 0, 0, 0, 0, 0, 0, 0, 0, 0, 0, 0, 0, 0, 0, 0, 0, 0, 0, 0, 0, 0, 0, 0, 0, 0, 0, 0, 0, 0, 0, 0, 0, 0, 0, 0, 0, 0] }
(hist.len, cnt): (6693, 274690)
[(0, 1), (0, 1), (0, 1), (0, 2), (2, 3), (0, 3), (0, 3), (0, 3), (1, 4), (1, 4), (0, 5), (0, 3), (0, 5), (1, 2), (3, 4), (0, 5), (1, 3), (4, 5), (3, 6), (1, 6), (2, 3), (4, 5), (0, 6), (1, 2), (0, 3), (2, 3), (3, 5), (0, 6), (3, 4), (3, 5), (0, 6), (2, 5), (0, 7), (1, 4), (1, 6), (2, 3), (3, 5), (4, 5), (2, 6), (1, 4), (2, 3), (2, 6), (0, 7), (2, 3), (4, 5), (3, 6), (5, 6), (1, 7), (2, 4), (4, 7), (0, 8), (1, 4), (3, 4), (5, 6), (3, 8), (6, 7), (2, 8), (5, 6), (4, 7), (6, 7), (0, 8), (4, 5), (4, 6), (0, 8), (1, 2), (1, 3), (5, 7), (4, 8), (1, 9), (4, 9), (5, 7), (1, 9), (2, 3), (2, 7), (5, 7), (6, 8), (7, 8), (0, 9), (2, 4), (2, 5), (3, 4), (0, 8), (2, 3), (6, 8), (7, 8), (2, 9), (3, 4), (5, 6), (6, 7), (5, 8), (6, 8), (5, 9), (5, 9), (7, 8), (1, 10), (5, 6), (5, 7), (2, 8), (3, 5), (6, 8), (7, 8), (1, 10), (2, 3), (2, 4), (3, 5), (4, 5), (1, 7), (2, 4), (0, 10), (1, 7), (6, 7), (2, 8), (3, 4), (1, 9), (0, 3), (1, 2), (3, 4), (3, 6), (4, 6), (0, 10), (1, 2), (3, 4), (5, 7), (0, 10), (2, 3), (5, 6), (1, 8), (2, 3), (3, 5), (2, 8), (1, 9), (3, 5), (4, 6), (2, 7), (3, 5), (4, 5), (6, 7), (2, 10), (4, 8), (5, 7), (6, 7), (0, 11), (2, 3), (2, 8), (4, 6), (5, 6), (3, 9), (5, 7), (6, 9), (1, 11), (2, 3), (3, 4), (5, 7), (6, 7), (0, 8), (6, 9), (7, 10), (9, 10), (1, 11), (2, 3), (0, 4), (1, 5), (4, 5), (1, 6), (5, 6), (7, 9), (8, 9), (0, 11), (3, 4), (2, 4), (3, 4), (2, 5), (3, 4), (2, 6), (3, 6), (7, 10), (0, 11), (1, 6), (4, 5), (6, 8), (7, 8), (2, 11), (1, 5), (4, 5), (2, 6), (7, 8), (2, 10), (4, 7), (7, 10), (8, 9), (1, 11), (3, 5), (5, 10), (0, 11), (7, 8), (6, 9), (9, 11), (1, 12), (2, 3), (0, 4), (2, 3), (4, 7), (0, 10), (3, 5), (2, 5), (3, 4), (4, 5), (1, 8), (9, 10), (1, 12), (2, 3), (2, 4), (5, 9), (6, 7), (1, 12), (3, 4), (6, 9), (2, 10), (3, 8), (4, 5), (4, 7), (7, 8), (9, 10), (1, 12), (3, 4), (4, 6), (5, 6), (4, 8), (5, 7), (0, 12), (2, 3), (0, 4), (5, 6), (7, 8), (0, 12), (3, 4), (8, 10), (0, 11), (0, 2), (3, 5), (4, 5), (4, 6), (8, 9), (0, 12), (4, 6), (4, 7), (8, 9), (9, 10), (6, 11), (9, 11), (1, 12), (6, 8), (6, 10), (6, 13), (8, 9), (3, 10), (4, 5), (6, 7), (6, 10), (7, 9), (9, 10), (9, 11), (10, 11), (0, 12), (3, 5), (5, 6), (3, 12), (5, 6), (9, 12), (11, 12), (0, 13), (0, 2), (1, 2), (3, 4), (4, 7), (3, 6), (4, 5), (5, 6), (7, 8), (7, 9), (9, 10), (0, 13), (1, 3), (2, 3), (5, 7), (5, 9), (8, 11), (9, 10), (0, 12), (4, 5), (5, 6), (1, 7), (7, 11), (7, 9), (10, 11), (6, 12), (8, 9), (9, 10), (8, 11), (9, 11), (10, 11), (2, 13), (1, 5), (2, 3), (6, 8), (7, 10), (6, 9), (7, 8), (8, 10), (11, 12), (1, 13), (3, 5), (1, 8), (3, 8), (5, 6), (1, 9), (2, 6), (5, 7), (6, 7), (4, 10), (5, 7), (7, 11), (8, 9), (4, 12), (5, 6), (7, 9), (5, 9), (6, 11), (7, 8), (6, 9), (7, 8), (8, 9), (9, 10), (10, 11), (11, 12), (1, 13), (0, 3), (1, 2), (4, 5), (4, 7), (7, 8), (0, 9), (5, 6), (1, 7), (6, 7), (5, 13), (4, 6), (5, 6), (4, 7), (9, 10), (10, 11), (0, 13), (3, 6), (6, 7), (7, 8), (5, 9), (9, 10), (6, 11), (7, 10), (8, 9), (7, 12), (10, 11), (12, 13), (6, 14), (5, 7), (6, 7), (2, 8), (4, 6), (2, 11), (2, 4), (6, 8), (2, 9), (6, 7), (6, 12), (7, 9), (1, 12), (6, 9), (12, 13), (0, 14), (0, 3), (1, 2), (5, 6), (5, 7), (6, 7), (0, 9), (4, 9), (5, 9), (7, 9), (6, 10), (10, 11), (10, 13), (5, 14), (4, 6), (5, 6), (2, 9), (3, 4), (3, 6), (4, 6), (4, 8), (6, 7), (7, 8), (4, 12), (7, 8), (5, 11), (8, 11), (9, 12), (10, 11), (3, 13), (4, 6), (5, 6), (1, 7), (2, 3), (2, 4), (4, 6), (5, 6), (5, 7), (2, 8), (4, 5), (1, 9), (2, 3), (2, 8), (5, 6), (6, 7), (0, 9), (4, 5), (6, 7), (0, 14), (2, 3), (0, 7), (3, 5), (6, 7), (6, 8), (7, 8), (6, 9), (7, 9), (8, 9), (7, 10), (0, 11), (3, 5), (4, 6), (5, 7), (3, 8), (4, 5), (6, 8), (4, 8), (6, 7), (5, 8), (6, 7), (3, 10), (5, 7), (6, 7), (12, 13), (4, 14), (5, 6), (6, 8), (8, 9), (2, 12), (3, 4), (4, 5), (5, 6), (6, 7), (7, 8), (8, 9), (5, 10), (6, 8), (7, 8), (6, 11), (8, 9), (2, 13), (9, 12), (4, 13), (7, 9), (8, 9), (8, 11), (9, 10), (1, 14), (2, 3), (4, 7), (6, 7), (3, 8), (5, 6), (2, 8), (9, 10), (8, 10), (9, 10), (2, 11), (3, 4), (9, 10), (6, 11), (7, 9), (7, 9), (10, 11), (12, 13), (0, 14), (2, 3), (3, 5), (5, 10), (7, 10), (9, 10), (9, 11), (10, 11), (7, 12), (9, 14), (10, 11), (4, 13), (9, 10), (7, 10), (8, 10), (12, 13), (11, 14), (12, 14), (1, 15), (2, 6), (7, 9), (0, 10), (3, 4), (3, 5), (5, 6), (7, 11), (8, 10), (9, 11), (10, 11), (2, 13), (3, 4), (4, 5), (8, 9), (9, 10), (10, 11), (11, 12), (8, 14), (13, 14), (0, 15), (5, 6), (4, 8), (9, 10), (8, 10), (9, 10), (12, 13), (1, 15), (3, 5), (4, 8), (5, 7), (9, 12), (10, 12), (11, 13), (4, 14), (7, 10), (9, 11), (10, 12), (12, 13), (12, 14), (2, 15), (4, 8), (5, 6), (7, 9), (1, 11), (3, 4), (6, 7), (12, 14), (9, 14), (11, 13), (1, 15), (3, 6), (4, 5), (4, 6), (10, 11), (11, 12), (12, 14), (10, 13), (11, 12), (11, 13), (12, 13), (10, 14), (11, 13), (12, 14), (11, 14), (12, 13), (12, 14), (13, 14), (5, 15), (7, 8), (0, 9), (10, 11), (6, 12), (2, 8), (5, 7), (6, 7), (6, 8), (3, 13), (4, 6), (4, 7), (5, 9), (6, 7), (8, 11), (9, 10), (12, 13), (12, 14), (2, 15), (4, 5), (4, 7), (5, 7), (6, 9), (7, 8), (1, 9), (2, 8), (3, 8), (5, 8), (6, 7), (6, 8), (7, 8), (4, 9), (6, 8), (7, 8), (7, 9), (8, 9), (0, 14), (4, 5), (8, 10), (0, 15), (1, 2), (2, 3), (3, 4), (4, 6), (1, 7), (6, 7), (3, 8), (6, 8), (7, 8), (8, 9), (5, 10), (7, 12), (6, 13), (12, 14), (13, 14), (10, 15), (12, 13), (6, 16), (7, 9), (4, 10), (6, 7), (8, 9), (12, 13), (6, 14), (10, 11), (2, 12), (6, 7), (8, 10), (9, 11), (0, 15), (1, 2), (3, 5), (4, 5), (7, 8), (7, 9), (5, 9), (6, 8), (7, 9), (8, 9), (10, 11), (11, 12), (14, 15), (4, 16), (5, 6), (6, 8), (7, 8), (1, 10), (9, 10), (0, 12), (4, 5), (6, 7), (10, 11), (8, 12), (9, 10), (11, 12), (9, 13), (10, 12), (10, 12), (8, 13), (11, 12), (10, 13), (11, 12), (11, 13), (1, 14), (2, 3), (7, 8), (6, 9), (9, 10), (10, 11), (10, 12), (11, 13), (1, 15), (2, 3), (2, 12), (4, 6), (6, 7), (2, 8), (6, 7), (5, 8), (6, 7), (3, 8), (4, 6), (5, 6), (5, 7), (3, 9), (1, 5), (2, 5), (3, 5), (4, 5), (5, 6), (6, 7), (7, 8), (7, 9), (8, 10), (9, 11), (10, 12), (12, 13), (13, 14), (5, 16), (3, 8), (5, 6), (1, 7), (3, 4), (3, 6), (4, 7), (5, 6), (5, 7), (4, 8), (7, 8), (6, 9), (0, 10), (5, 6), (2, 8), (3, 6), (4, 5), (5, 6), (5, 9), (6, 10), (7, 10), (8, 11), (10, 12), (3, 13), (2, 4), (3, 4), (3, 5), (4, 10), (5, 6), (7, 9), (8, 10), (9, 10), (5, 12), (6, 7), (6, 8), (5, 9), (9, 11), (10, 11), (7, 13), (0, 16), (3, 4), (0, 5), (3, 4), (4, 5), (5, 6), (6, 7), (7, 8), (5, 9), (8, 9), (2, 10), (6, 13), (10, 14), (11, 12), (11, 13), (12, 13), (13, 14), (14, 15), (4, 16), (8, 10), (9, 10), (8, 11), (9, 11), (9, 12), (9, 11), (2, 13), (5, 6), (3, 8), (4, 5), (10, 11), (9, 14), (11, 13), (12, 13), (4, 14), (7, 8), (7, 9), (8, 9), (9, 10), (12, 13), (4, 15), (6, 8), (5, 13), (7, 9), (8, 9), (12, 13), (0, 16), (2, 3), (2, 4), (3, 5), (4, 6), (5, 6), (5, 9), (6, 9), (7, 9), (8, 9), (4, 10), (8, 10), (9, 10), (2, 11), (3, 4), (4, 7), (5, 7), (6, 7), (9, 10), (10, 11), (9, 12), (10, 12), (11, 12), (8, 13), (9, 10), (11, 13), (12, 13), (4, 15), (1, 4), (2, 3), (2, 4), (3, 8), (10, 11), (4, 12), (5, 7), (6, 7), (6, 8), (7, 9), (8, 10), (9, 13), (10, 13), (11, 13), (12, 13), (10, 14), (5, 13), (2, 9), (3, 6), (4, 5), (6, 8), (7, 8), (8, 10), (9, 10), (3, 11), (4, 9), (5, 6), (6, 7), (5, 9), (6, 7), (10, 13), (4, 14), (7, 10), (8, 11), (7, 11), (8, 11), (9, 11), (11, 12), (7, 13), (11, 14), (13, 14), (12, 15), (3, 16), (5, 6), (5, 10), (6, 7), (8, 10), (9, 10), (0, 11), (1, 3), (2, 3), (3, 4), (1, 5), (4, 6), (5, 7), (6, 12), (7, 8), (7, 9), (10, 11), (4, 14), (6, 8), (7, 8), (6, 9), (7, 9), (8, 9), (0, 11), (1, 2), (6, 7), (3, 8), (7, 8), (5, 9), (6, 7), (3, 9), (5, 6), (3, 13), (6, 8), (4, 8), (5, 7), (6, 7), (5, 8), (8, 9), (9, 10), (9, 11), (10, 11), (10, 12), (11, 12), (0, 15), (3, 6), (7, 10), (8, 9), (6, 10), (5, 6), (6, 9), (7, 9), (8, 9), (8, 10), (11, 12), (5, 15), (3, 6), (2, 5), (3, 5), (2, 6), (6, 7), (2, 16), (7, 8), (5, 8), (3, 5), (7, 8), (4, 9), (5, 6), (8, 12), (11, 12), (12, 13), (4, 14), (6, 7), (6, 8), (7, 8), (6, 11), (12, 13), (5, 15), (3, 7), (4, 7), (5, 7), (7, 11), (11, 13), (12, 13), (1, 16), (3, 6), (4, 6), (4, 9), (4, 7), (6, 10), (7, 8), (8, 9), (10, 11), (11, 13), (3, 14), (7, 10), (8, 9), (8, 10), (7, 11), (9, 10), (6, 14), (7, 8), (11, 12), (10, 13), (11, 12), (3, 16), (4, 5), (5, 6), (6, 9), (7, 10), (8, 10), (7, 12), (8, 11), (9, 10), (8, 11), (11, 12), (7, 13), (9, 13), (10, 12), (11, 12), (11, 13), (12, 13), (8, 14), (5, 15), (8, 10), (10, 11), (13, 15), (12, 16), (13, 14), (15, 16), (4, 17), (7, 8), (8, 9), (5, 10), (7, 10), (8, 9), (9, 11), (10, 12), (13, 14), (9, 14), (6, 9), (7, 11), (7, 11), (8, 14), (10, 11), (13, 14), (0, 15), (2, 3), (7, 8), (7, 10), (8, 9), (10, 11), (5, 16), (4, 6), (5, 6), (4, 7), (2, 8), (3, 6), (8, 9), (7, 12), (8, 9), (10, 11), (11, 12), (4, 16), (5, 7), (6, 7), (5, 11), (14, 16), (6, 17), (4, 8), (5, 6), (5, 7), (5, 9), (5, 9), (7, 8), (10, 12), (11, 12), (13, 14), (10, 15), (11, 12), (12, 14), (13, 15), (10, 16), (12, 13), (13, 14), (0, 17), (1, 2), (3, 6), (4, 6), (5, 6), (5, 8), (6, 9), (7, 9), (8, 9), (3, 10), (5, 6), (6, 7), (2, 8), (3, 4), (4, 5), (4, 6), (6, 7), (6, 8), (8, 11), (9, 10), (8, 12), (9, 10), (11, 12), (13, 14), (3, 15), (3, 5), (2, 6), (7, 10), (8, 9), (8, 10), (9, 10), (2, 11), (3, 4), (4, 6), (5, 6), (10, 11), (8, 12), (6, 10), (11, 15), (9, 16), (13, 14), (10, 15), (11, 12), (14, 15), (13, 16), (15, 16), (7, 17), (4, 11), (1, 6), (2, 3), (9, 10), (4, 15), (12, 14), (13, 14), (5, 15), (11, 12), (7, 13), (8, 9), (8, 13), (9, 13), (10, 11), (12, 13), (6, 14), (7, 8), (7, 10), (8, 10), (10, 14), (12, 13), (12, 14), (12, 15), (14, 15), (11, 16), (13, 14), (13, 15), (10, 16), (11, 12), (12, 13), (1, 17), (2, 4), (3, 10), (4, 5), (6, 8), (6, 12), (7, 10), (8, 9), (9, 10), (8, 11), (7, 12), (1, 13), (2, 3), (2, 5), (3, 4), (9, 10), (11, 14), (12, 13), (6, 14), (11, 13), (6, 13), (7, 12), (8, 10), (9, 10), (10, 11), (12, 14), (9, 14), (11, 12), (11, 13), (13, 14), (6, 15), (7, 11), (8, 10), (9, 13), (10, 13), (11, 12), (0, 15), (4, 5), (6, 9), (7, 8), (8, 9), (9, 10), (11, 15), (13, 14), (13, 15), (14, 15), (4, 16), (5, 7), (8, 13), (13, 14), (1, 15), (2, 3), (3, 7), (6, 7), (3, 8), (5, 9), (10, 12), (11, 12), (14, 16), (0, 17), (4, 5), (7, 8), (6, 11), (7, 8), (9, 10), (6, 13), (9, 11), (10, 11), (9, 12), (10, 11), (10, 13), (2, 15), (4, 7), (5, 6), (5, 7), (6, 8), (4, 12), (5, 6), (5, 7), (5, 9), (6, 7), (7, 9), (11, 12), (1, 13), (2, 3), (2, 5), (9, 10), (3, 11), (7, 9), (9, 10), (4, 11), (5, 6), (8, 9), (7, 10), (8, 9), (10, 11), (1, 16), (2, 7), (4, 7), (3, 10), (4, 5), (7, 9), (8, 9), (7, 10), (9, 10), (8, 11), (3, 12), (4, 8), (8, 9), (9, 10), (10, 11), (10, 12), (14, 15), (10, 16), (6, 13), (7, 9), (9, 11), (12, 13), (4, 14), (6, 7), (8, 10), (9, 14), (10, 14), (13, 14), (12, 15), (1, 17), (5, 6), (3, 7), (4, 7), (0, 8), (5, 6), (6, 10), (9, 10), (11, 14), (9, 15), (11, 13), (6, 13), (7, 10), (8, 9), (8, 10), (10, 11), (11, 12), (7, 12), (8, 11), (9, 11), (10, 11), (7, 12), (10, 12), (1, 16), (5, 6), (6, 7), (7, 8), (8, 9), (7, 10), (0, 11), (3, 4), (5, 7), (5, 9), (7, 8), (6, 9), (6, 8), (6, 11), (7, 11), (8, 10), (9, 10), (9, 13), (11, 13), (12, 13), (1, 17), (3, 4), (5, 6), (7, 8), (1, 9), (2, 4), (4, 5), (5, 6), (2, 10), (5, 7), (9, 11), (10, 11), (9, 13), (9, 14), (7, 10), (8, 10), (9, 10), (10, 11), (5, 15), (6, 7), (2, 14), (4, 5), (9, 11), (8, 13), (13, 14), (3, 15), (5, 6), (14, 15), (5, 17), (6, 10), (7, 8), (7, 10), (8, 9), (11, 12), (13, 14), (5, 18), (6, 8), (7, 8), (4, 12), (6, 9), (8, 10), (11, 13), (12, 13), (13, 14), (1, 15), (4, 5), (6, 8), (8, 13), (11, 13), (12, 13), (10, 14), (12, 13), (10, 15), (11, 12), (12, 13), (12, 14), (13, 14), (0, 16), (5, 6), (3, 8), (4, 6), (5, 6), (5, 7), (7, 8), (13, 15), (1, 17), (5, 6), (6, 10), (7, 10), (7, 10), (9, 11), (4, 12), (5, 7), (6, 7), (10, 11), (5, 13), (6, 14), (7, 9), (9, 10), (10, 11), (11, 12), (14, 15), (5, 16), (7, 10), (9, 10), (13, 15), (14, 15), (7, 17), (9, 10), (10, 11), (11, 12), (12, 13), (14, 15), (1, 18), (2, 4), (3, 4), (3, 7), (6, 7), (8, 9), (9, 10), (12, 13), (6, 14), (9, 10), (4, 11), (8, 10), (13, 14), (2, 18), (3, 5), (5, 6), (4, 7), (5, 13), (6, 7), (6, 10), (10, 13), (7, 14), (10, 12), (4, 15), (5, 7), (7, 9), (8, 9), (5, 10), (7, 8), (7, 9), (4, 12), (8, 9), (11, 13), (12, 16), (5, 15), (7, 8), (8, 9), (6, 10), (6, 9), (7, 9), (8, 9), (8, 10), (11, 13), (14, 15), (15, 16), (7, 18), (3, 7), (4, 5), (7, 9), (4, 10), (7, 9), (8, 9), (8, 10), (5, 11), (3, 8), (5, 6), (11, 13), (12, 16), (2, 17), (4, 5), (3, 6), (4, 5), (4, 6), (3, 7), (5, 7), (10, 11), (11, 15), (13, 15), (2, 18), (3, 4), (3, 9), (4, 5), (6, 10), (7, 9), (8, 9), (8, 10), (2, 11), (3, 4), (2, 10), (0, 12), (3, 4), (4, 5), (1, 6), (2, 3), (4, 5), (4, 7), (7, 8), (8, 9), (8, 10), (8, 13), (9, 10), (11, 14), (12, 16), (13, 14), (14, 16), (0, 18), (2, 4), (3, 4), (3, 5), (4, 5), (0, 6), (3, 9), (3, 11), (4, 9), (6, 7), (6, 9), (8, 9), (5, 12), (9, 12), (10, 11), (13, 15), (14, 15), (9, 16), (6, 9), (3, 6), (4, 6), (5, 7), (6, 9), (10, 12), (11, 12), (13, 16), (4, 18), (8, 9), (3, 10), (6, 11), (9, 10), (7, 12), (5, 13), (6, 8), (3, 9), (4, 7), (5, 6), (10, 11), (11, 12), (8, 13), (8, 12), (10, 12), (12, 13), (9, 14), (11, 12), (13, 14), (16, 17), (0, 18), (2, 6), (3, 4), (3, 7), (6, 8), (7, 8), (9, 11), (6, 14), (7, 11), (9, 10), (7, 12), (8, 10), (9, 10), (9, 11), (10, 11), (10, 12), (7, 13), (9, 10), (12, 14), (13, 14), (9, 15), (8, 11), (9, 10), (9, 11), (3, 13), (4, 5), (4, 6), (8, 11), (10, 11), (7, 12), (10, 12), (0, 16), (3, 12), (4, 5), (5, 6), (7, 8), (4, 9), (5, 6), (3, 13), (6, 7), (4, 8), (6, 7), (5, 8), (6, 7), (6, 10), (8, 10), (8, 12), (10, 12), (12, 13), (5, 14), (6, 8), (6, 9), (12, 14), (12, 15), (13, 14), (5, 16), (3, 7), (4, 6), (4, 6), (7, 8), (8, 9), (9, 10), (10, 11), (11, 12), (4, 13), (5, 6), (12, 13), (14, 15), (3, 17), (4, 5), (6, 9), (7, 8), (8, 9), (1, 12), (3, 5), (4, 5), (4, 6), (3, 7), (4, 5), (5, 8), (6, 7), (8, 9), (9, 10), (2, 13), (3, 8), (5, 6), (7, 8), (4, 9), (6, 8), (7, 8), (6, 10), (7, 10), (8, 9), (8, 12), (9, 10), (9, 13), (3, 13), (5, 10), (6, 7), (8, 10), (9, 10), (7, 12), (3, 14), (5, 7), (6, 7), (5, 11), (6, 7), (10, 11), (6, 11), (10, 11), (12, 14), (13, 14), (1, 16), (2, 5), (6, 9), (2, 9), (4, 8), (5, 7), (4, 8), (7, 8), (9, 10), (6, 12), (10, 11), (7, 12), (9, 12), (11, 13), (4, 15), (5, 6), (9, 10), (14, 15), (11, 16), (9, 11), (14, 15), (15, 16), (7, 18), (8, 9), (9, 10), (8, 12), (9, 10), (9, 13), (10, 13), (11, 12), (11, 13), (1, 14), (4, 6), (5, 6), (7, 8), (5, 9), (5, 13), (8, 9), (7, 10), (6, 9), (4, 6), (7, 8), (5, 9), (6, 7), (6, 8), (6, 10), (7, 9), (8, 9), (7, 10), (9, 10), (11, 13), (12, 13), (6, 15), (9, 12), (10, 11), (11, 12), (7, 14), (8, 10), (9, 12), (10, 11), (10, 12), (10, 13), (8, 14), (11, 15), (14, 15), (14, 16), (2, 17), (3, 7), (4, 10), (5, 7), (6, 7), (6, 8), (8, 10), (9, 11), (5, 13), (6, 10), (7, 11), (8, 10), (9, 11), (10, 12), (11, 12), (8, 13), (9, 13), (10, 12), (11, 13), (6, 15), (8, 9), (7, 10), (14, 15), (2, 19), (3, 5), (6, 7), (4, 8), (6, 9), (8, 9), (1, 10), (3, 6), (4, 7), (5, 8), (3, 11), (4, 5), (6, 10), (7, 9), (8, 9), (11, 15), (12, 13), (12, 14), (14, 15), (15, 16), (7, 18), (6, 7), (4, 6), (5, 6), (9, 10), (12, 14), (13, 14), (8, 16), (10, 11), (11, 14), (12, 13), (14, 16), (15, 16), (15, 17), (7, 19), (10, 11), (3, 13), (6, 7), (9, 10), (11, 13), (12, 13), (12, 15), (13, 14), (3, 15), (0, 10), (1, 4), (3, 4), (1, 5), (3, 4), (4, 5), (2, 6), (3, 6), (5, 6), (3, 7), (6, 8), (7, 8), (7, 9), (8, 9), (8, 10), (9, 10), (0, 11), (8, 9), (10, 11), (5, 15), (6, 8), (7, 9), (6, 10), (9, 10), (11, 12), (13, 14), (3, 16), (4, 6), (5, 8), (6, 8), (6, 9), (8, 9), (8, 10), (9, 10), (5, 11), (6, 7), (8, 9), (6, 12), (5, 13), (6, 7), (11, 12), (14, 15), (9, 16), (13, 16), (15, 16), (2, 17), (3, 10), (4, 5), (4, 6), (7, 12), (10, 14), (11, 13), (12, 14), (11, 15), (9, 16), (10, 11), (11, 12), (12, 13), (3, 14), (6, 7), (8, 9), (6, 11), (8, 9), (10, 11), (7, 13), (9, 10), (9, 12), (10, 11), (7, 14), (8, 9), (8, 10), (8, 12), (9, 10), (10, 12), (10, 15), (15, 16), (0, 19), (1, 2), (3, 6), (4, 6), (3, 7), (4, 9), (5, 6), (5, 9), (6, 7), (2, 10), (4, 5), (5, 7), (6, 7), (6, 8), (7, 8), (7, 9), (6, 12), (8, 9), (7, 10), (8, 9), (10, 13), (5, 14), (7, 8), (7, 9), (11, 15), (14, 17), (16, 18), (5, 19), (6, 7), (10, 11), (11, 12), (13, 14), (5, 15), (12, 13), (10, 15), (14, 16), (10, 16), (11, 12), (12, 14), (13, 14), (14, 15), (4, 17), (12, 13), (14, 18), (3, 19), (4, 6), (5, 6), (1, 8), (3, 4), (3, 5), (4, 5), (4, 6), (5, 7), (6, 7), (8, 9), (9, 10), (4, 11), (7, 9), (6, 9), (7, 8), (8, 9), (11, 12), (8, 13), (9, 12), (10, 13), (11, 12), (9, 14), (10, 12), (6, 13), (9, 11), (10, 11), (9, 12), (6, 14), (7, 8), (9, 12), (10, 12), (11, 12), (13, 16), (15, 17), (17, 18), (1, 19), (2, 3), (2, 7), (5, 6), (3, 8), (4, 5), (5, 7), (6, 7), (5, 8), (6, 7), (3, 9), (5, 8), (7, 8), (0, 10), (1, 2), (1, 5), (2, 7), (8, 9), (11, 12), (6, 14), (7, 11), (9, 12), (3, 15), (5, 8), (6, 7), (6, 8), (7, 8), (7, 9), (5, 10), (6, 8), (11, 12), (2, 13), (5, 7), (6, 7), (9, 12), (10, 12), (5, 13), (8, 12), (9, 10), (6, 11), (7, 9), (8, 10), (9, 10), (14, 15), (11, 16), (12, 14), (13, 14), (12, 15), (13, 15), (14, 15), (13, 16), (14, 16), (15, 16), (0, 17), (7, 10), (9, 10), (13, 14), (1, 15), (8, 11), (10, 11), (9, 12), (5, 13), (2, 12), (3, 6), (4, 5), (5, 7), (3, 8), (4, 5), (4, 6), (7, 8), (9, 10), (11, 12), (14, 15), (13, 16), (14, 15), (3, 17), (4, 6), (5, 6), (5, 7), (8, 9), (8, 11), (5, 12), (6, 9), (7, 10), (9, 11), (10, 11), (9, 12), (11, 12), (11, 13), (3, 14), (5, 6), (6, 8), (7, 8), (9, 10), (10, 12), (9, 13), (10, 11), (12, 13), (11, 14), (13, 15), (14, 16), (16, 17), (2, 18), (3, 5), (4, 5), (4, 8), (6, 7), (6, 8), (2, 9), (7, 8), (11, 12), (12, 13), (9, 14), (11, 13), (12, 13), (13, 14), (4, 15), (8, 10), (9, 10), (11, 13), (12, 13), (7, 15), (8, 9), (9, 10), (10, 11), (7, 13), (9, 11), (10, 11), (8, 13), (7, 17), (8, 11), (9, 10), (9, 11), (10, 11), (4, 12), (5, 8), (7, 8), (11, 13), (12, 13), (3, 14), (4, 6), (5, 6), (7, 8), (8, 9), (8, 10), (10, 12), (11, 12), (13, 14), (13, 15), (11, 16), (12, 18), (0, 19), (7, 8), (6, 8), (7, 8), (5, 9), (6, 8), (7, 8), (9, 10), (5, 11), (8, 11), (8, 10), (7, 17), (9, 12), (10, 12), (11, 12), (12, 13), (15, 16), (5, 17), (7, 8), (15, 17), (16, 17), (14, 18), (2, 19), (4, 7), (5, 6), (4, 7), (6, 9), (7, 11), (10, 12), (12, 15), (11, 15), (12, 15), (13, 14), (2, 16), (3, 4), (1, 6), (2, 4), (3, 4), (4, 5), (2, 6), (3, 4), (4, 5), (6, 8), (1, 9), (2, 4), (3, 4), (8, 9), (2, 10), (8, 11), (9, 12), (10, 12), (11, 12), (10, 13), (12, 15), (13, 15), (11, 17), (12, 14), (13, 14), (2, 18), (7, 8), (10, 12), (9, 13), (14, 15), (12, 16), (11, 15), (15, 17), (12, 18), (13, 14), (15, 16), (3, 19), (6, 9), (8, 9), (6, 10), (7, 8), (7, 10), (8, 9), (4, 12), (6, 11), (7, 9), (7, 9), (10, 11), (11, 12), (4, 13), (9, 12), (10, 11), (15, 16), (2, 17), (1, 4), (2, 3), (0, 7), (9, 12), (11, 12), (8, 13), (14, 15), (1, 18), (3, 4), (3, 6), (4, 7), (5, 6), (4, 9), (9, 10), (11, 16), (12, 16), (13, 15), (9, 17), (5, 18), (6, 10), (7, 10), (8, 10), (9, 10), (15, 16), (5, 17), (8, 9), (6, 11), (7, 12), (8, 11), (9, 10), (8, 13), (11, 12), (9, 13), (10, 12), (14, 16), (15, 16), (15, 17), (9, 19), (6, 9), (2, 6), (4, 6), (5, 6), (6, 9), (8, 9), (6, 10), (9, 10), (0, 11), (2, 3), (4, 6), (5, 6), (6, 8), (7, 9), (8, 9), (7, 11), (9, 12), (10, 13), (11, 12), (10, 14), (8, 15), (9, 10), (10, 11), (12, 14), (13, 14), (11, 16), (12, 13), (13, 14), (16, 17), (3, 18), (4, 5), (0, 6), (3, 4), (5, 7), (6, 7), (0, 12), (7, 8), (9, 10), (9, 11), (10, 11), (9, 12), (10, 11), (9, 14), (11, 13), (7, 14), (11, 12), (12, 13), (13, 14), (0, 15), (2, 5), (3, 7), (4, 5), (5, 6), (5, 7), (4, 8), (5, 12), (10, 12), (11, 12), (7, 13), (8, 9), (1, 14), (3, 5), (4, 5), (3, 6), (7, 8), (9, 16), (10, 11), (10, 12), (11, 14), (12, 14), (13, 14), (2, 15), (4, 10), (7, 10), (8, 10), (3, 11), (4, 5), (5, 6), (10, 12), (4, 13), (8, 11), (10, 11), (12, 13), (5, 14), (6, 8), (7, 9), (6, 12), (7, 9), (8, 10), (10, 12), (12, 13), (13, 14), (5, 15), (6, 7), (8, 13), (9, 11), (11, 12), (9, 14), (10, 15), (12, 15), (9, 17), (11, 12), (12, 14), (13, 14), (0, 16), (4, 6), (7, 12), (10, 11), (8, 12), (10, 11), (11, 12), (9, 13), (10, 11), (11, 12), (11, 13), (15, 16), (17, 18), (2, 19), (5, 6), (4, 10), (9, 10), (10, 11), (5, 12), (6, 7), (8, 9), (1, 10), (2, 6), (4, 5), (10, 12), (1, 14), (4, 6), (9, 10), (7, 11), (8, 9), (2, 9), (3, 4), (5, 8), (3, 9), (4, 7), (7, 8), (6, 9), (7, 8), (4, 10), (5, 6), (9, 11), (10, 12), (12, 14), (8, 14), (12, 13), (12, 14), (12, 14), (15, 18), (17, 18), (8, 19), (3, 11), (0, 5), (3, 4), (2, 4), (3, 4), (3, 6), (4, 9), (5, 7), (5, 10), (6, 7), (6, 10), (7, 8), (9, 10), (11, 12), (4, 16), (5, 6), (5, 9), (7, 11), (8, 9), (8, 13), (9, 13), (12, 13), (5, 14), (6, 7), (8, 13), (9, 12), (11, 12), (12, 13), (10, 14), (11, 12), (12, 13), (13, 14), (4, 15), (5, 6), (10, 16), (14, 15), (12, 18), (13, 18), (16, 17), (10, 19), (7, 13), (9, 11), (8, 11), (9, 10), (11, 13), (13, 14), (13, 15), (15, 16), (16, 17), (17, 18), (18, 19), (2, 20), (0, 4), (4, 10), (6, 8), (7, 9), (8, 9), (7, 10), (8, 10), (9, 10), (6, 11), (1, 6), (2, 5), (3, 5), (4, 5), (7, 9), (8, 9), (7, 10), (8, 9), (7, 11), (8, 9), (10, 11), (13, 14), (13, 15), (6, 15), (9, 10), (13, 14), (8, 15), (10, 11), (9, 12), (11, 13), (12, 15), (13, 15), (0, 17), (2, 6), (4, 7), (5, 6), (9, 10), (5, 12), (9, 11), (10, 11), (0, 13), (1, 2), (4, 6), (7, 10), (9, 10), (13, 16), (14, 16), (14, 16), (11, 17), (7, 18), (10, 12), (8, 14), (12, 13), (10, 14), (13, 14), (15, 17), (16, 17), (16, 18), (6, 19), (7, 8), (8, 9), (10, 11), (9, 11), (10, 11), (13, 14), (14, 15), (13, 16), (14, 15), (5, 17), (6, 9), (7, 8), (7, 10), (13, 14), (3, 20), (5, 6), (6, 7), (0, 11), (1, 2), (1, 3), (3, 4), (4, 5), (5, 6), (9, 11), (10, 11), (5, 12), (8, 9), (11, 13), (11, 14), (5, 15), (9, 12), (9, 12), (1, 16), (2, 4), (8, 9), (13, 17), (14, 17), (15, 17), (16, 17), (4, 20), (7, 8), (9, 10), (9, 11), (10, 11), (10, 12), (11, 12), (6, 13), (12, 14), (10, 15), (11, 12), (11, 16), (13, 14), (4, 17), (7, 8), (8, 9), (9, 10), (11, 12), (11, 14), (1, 15), (2, 9), (3, 4), (5, 7), (4, 9), (5, 6), (7, 8), (10, 11), (13, 15), (14, 15), (13, 16), (9, 18), (10, 11), (12, 15), (13, 14), (5, 15), (6, 8), (7, 8), (8, 9), (6, 10), (3, 6), (2, 3), (3, 6), (5, 6), (7, 8), (3, 9), (4, 9), (5, 8), (5, 9), (7, 8), (7, 10), (7, 10), (12, 14), (13, 15), (13, 16), (14, 15), (15, 16), (11, 17), (2, 20), (3, 5), (4, 5), (4, 6), (1, 7), (2, 5), (3, 4), (4, 5), (1, 6), (3, 4), (3, 8), (4, 6), (4, 8), (8, 9), (0, 13), (2, 7), (6, 7), (7, 8), (8, 9), (14, 16), (15, 17), (16, 17), (4, 18), (5, 6), (5, 7), (8, 11), (9, 10), (9, 11), (1, 13), (6, 7), (2, 9), (7, 8), (3, 8), (3, 5), (5, 6), (6, 7), (5, 8), (6, 7), (3, 9), (4, 5), (6, 8), (7, 10), (1, 13), (3, 4), (8, 10), (9, 10), (4, 12), (6, 10), (5, 10), (6, 7), (5, 10), (7, 8), (9, 10), (9, 13), (15, 18), (17, 18), (17, 19), (3, 20), (3, 11), (4, 5), (6, 8), (9, 10), (5, 12), (6, 7), (8, 11), (9, 10), (9, 11), (8, 13), (3, 14), (7, 10), (10, 11), (10, 12), (12, 13), (13, 14), (16, 17), (4, 19), (10, 11), (8, 12), (6, 8), (10, 11), (10, 12), (11, 12), (14, 15), (16, 17), (17, 18), (9, 19), (15, 16), (16, 17), (17, 19), (1, 20), (7, 8), (10, 12), (9, 13), (10, 11), (10, 13), (11, 12), (11, 14), (1, 15), (4, 9), (5, 6), (7, 8), (11, 14), (12, 13), (12, 14), (12, 16), (16, 17), (2, 20), (3, 5), (6, 10), (7, 9), (8, 9), (8, 10), (9, 10), (9, 11), (10, 11), (9, 12), (7, 13), (8, 9), (8, 10), (10, 14), (13, 15), (10, 16), (12, 13), (14, 17), (15, 16), (7, 18), (8, 11), (11, 12), (13, 14), (13, 19), (10, 14), (13, 14), (4, 20), (5, 7), (8, 12), (9, 11), (10, 11), (8, 13), (10, 12), (11, 12), (6, 15), (12, 13), (11, 14), (12, 13), (7, 15), (9, 10), (10, 11), (12, 13), (14, 15), (3, 16), (7, 9), (8, 10), (9, 10), (9, 11), (10, 11), (8, 12), (7, 14), (10, 11), (13, 14), (12, 16), (14, 15), (13, 16), (14, 16), (8, 18), (9, 14), (11, 12), (15, 16), (14, 18), (15, 16), (16, 17), (16, 18), (7, 19), (0, 9), (1, 2), (2, 4), (3, 4), (3, 5), (4, 5), (7, 9), (4, 8), (7, 8), (3, 10), (5, 6), (6, 7), (2, 11), (5, 7), (6, 7), (11, 12), (12, 13), (13, 14), (14, 15), (10, 16), (11, 12), (13, 14), (12, 17), (14, 18), (15, 16), (7, 20), (0, 8), (1, 2), (3, 4), (4, 5), (4, 8), (5, 9), (3, 12), (4, 6), (5, 6), (8, 10), (9, 10), (9, 11), (9, 13), (10, 11), (10, 12), (7, 13), (8, 10), (9, 11), (10, 13), (14, 15), (9, 16), (10, 11), (10, 14), (13, 14), (11, 15), (4, 11), (5, 7), (6, 7), (6, 10), (7, 9), (8, 9), (8, 10), (5, 14), (8, 9), (7, 11), (6, 12), (7, 8), (9, 10), (8, 14), (9, 10), (10, 11), (12, 13), (10, 15), (11, 12), (8, 13), (9, 11), (10, 11), (10, 12), (1, 17), (2, 3), (2, 4), (3, 4), (7, 8), (7, 9), (0, 10), (2, 4), (3, 4), (1, 5), (2, 3), (3, 6), (4, 5), (5, 6), (6, 7), (7, 8), (10, 11), (6, 12), (9, 10), (10, 11), (10, 12), (7, 13), (9, 11), (10, 13), (6, 15), (7, 8), (9, 10), (15, 16), (16, 17), (8, 19), (5, 8), (3, 5), (7, 8), (8, 9), (6, 13), (1, 9), (2, 4), (3, 4), (5, 7), (8, 9), (11, 12), (13, 14), (14, 15), (13, 16), (14, 15), (8, 17), (12, 13), (15, 16), (12, 18), (13, 14), (13, 15), (14, 15), (15, 16), (16, 17), (15, 19), (17, 18), (1, 20), (3, 4), (2, 5), (3, 4), (3, 5), (4, 6), (5, 6), (0, 10), (6, 7), (8, 10), (9, 11), (10, 11), (10, 12), (3, 14), (7, 8), (7, 12), (8, 10), (9, 11), (7, 12), (8, 10), (9, 10), (7, 14), (9, 11), (13, 15), (6, 16), (7, 9), (9, 11), (10, 11), (9, 12), (13, 15), (14, 15), (16, 17), (13, 18), (14, 15), (18, 19), (13, 20), (14, 15), (15, 16), (16, 17), (17, 18), (18, 19), (10, 21), (14, 15), (1, 16), (2, 4), (3, 4), (1, 5), (2, 5), (0, 9), (1, 2), (2, 3), (3, 7), (4, 5), (5, 6), (5, 7), (7, 8), (8, 9), (9, 10), (8, 11), (9, 11), (10, 11), (15, 16), (13, 18), (6, 19), (8, 9), (3, 10), (5, 11), (6, 8), (5, 9), (6, 9), (7, 8), (7, 9), (6, 10), (7, 13), (1, 12), (4, 6), (6, 7), (4, 8), (6, 7), (6, 9), (7, 9), (8, 10), (8, 11), (4, 13), (5, 7), (8, 10), (9, 10), (10, 14), (11, 14), (12, 13), (12, 14), (1, 15), (4, 5), (5, 7), (7, 8), (6, 11), (7, 10), (8, 9), (9, 11), (9, 12), (10, 13), (14, 16), (17, 18), (15, 18), (8, 20), (9, 10), (10, 11), (3, 13), (6, 7), (4, 9), (9, 10), (10, 11), (11, 13), (9, 13), (9, 14), (12, 13), (14, 15), (2, 16), (3, 4), (9, 10), (5, 11), (6, 7), (9, 11), (10, 11), (12, 15), (13, 15), (17, 19), (18, 19), (16, 20), (13, 20), (14, 17), (16, 17), (15, 17), (16, 17), (15, 18), (2, 20), (3, 9), (5, 7), (6, 7), (6, 8), (11, 13), (12, 13), (10, 14), (11, 13), (12, 13), (11, 14), (13, 14), (2, 15), (3, 9), (4, 6), (5, 9), (6, 8), (7, 8), (7, 9), (8, 10), (10, 11), (14, 15), (9, 16), (10, 11), (11, 12), (13, 14), (13, 15), (12, 16), (13, 14), (13, 16), (14, 16), (15, 16), (2, 21), (4, 5), (7, 8), (6, 9), (7, 10), (8, 9), (11, 12), (8, 15), (11, 13), (12, 15), (13, 14), (4, 16), (5, 7), (6, 7), (2, 8), (0, 5), (2, 3), (6, 8), (0, 10), (2, 3), (2, 8), (3, 4), (3, 7), (4, 9), (7, 8), (5, 9), (4, 11), (6, 13), (7, 8), (10, 11), (7, 14), (8, 9), (12, 13), (13, 14), (0, 15), (1, 2), (3, 5), (1, 6), (2, 3), (3, 4), (7, 8), (9, 19), (10, 11), (13, 15), (14, 15), (14, 17), (18, 19), (2, 20), (6, 7), (8, 12), (9, 12), (10, 12), (10, 13), (13, 14), (12, 15), (13, 14), (3, 16), (4, 7), (5, 7), (6, 7), (5, 9), (6, 10), (7, 11), (8, 9), (9, 10), (8, 10), (9, 10), (12, 14), (13, 15), (12, 16), (15, 17), (16, 17), (16, 18), (8, 20), (10, 12), (11, 16), (15, 16), (0, 18), (6, 7), (13, 14), (14, 15), (15, 16), (5, 21), (7, 8), (2, 10), (3, 6), (4, 5), (4, 9), (8, 9), (9, 10), (11, 12), (8, 13), (11, 12), (1, 15), (2, 4), (3, 4), (4, 5), (2, 6), (3, 7), (4, 7), (4, 8), (6, 9), (7, 8), (9, 10), (14, 15), (13, 16), (14, 15), (7, 17), (8, 12), (10, 11), (9, 12), (10, 11), (7, 15), (11, 14), (13, 14), (11, 18), (12, 14), (13, 14), (6, 15), (9, 12), (10, 11), (10, 12), (12, 14), (13, 14), (7, 15), (8, 10), (11, 12), (10, 13), (11, 12), (12, 13), (13, 16), (7, 17), (15, 16), (16, 17), (16, 18), (2, 19), (3, 4), (3, 5), (5, 6), (4, 7), (5, 6), (3, 6), (4, 6), (6, 7), (10, 12), (11, 12), (7, 13), (3, 7), (4, 7), (5, 6), (11, 13), (15, 16), (16, 17), (6, 20), (9, 10), (13, 18), (16, 17), (17, 18), (11, 19), (12, 14), (13, 14), (13, 16), (14, 15), (12, 18), (14, 15), (15, 16), (16, 17), (14, 18), (15, 16), (15, 18), (16, 17), (13, 20), (14, 15), (4, 21), (5, 6), (3, 7), (4, 5), (9, 10), (9, 12), (10, 12), (11, 12), (1, 13), (2, 3), (2, 5), (3, 4), (3, 5), (10, 13), (12, 13), (6, 14), (7, 9), (8, 9), (10, 12), (16, 17), (3, 18), (4, 5), (11, 12), (5, 13), (17, 18), (13, 19), (16, 17), (18, 19), (0, 20), (5, 6), (15, 19), (16, 19), (17, 18), (17, 19), (2, 21), (4, 5), (3, 6), (4, 5), (4, 6), (3, 7), (1, 8), (2, 4), (3, 4), (3, 5), (3, 6), (6, 7), (7, 8), (6, 9), (9, 12), (11, 12), (7, 13), (9, 10), (8, 11), (9, 10), (9, 11), (11, 12), (9, 13), (10, 12), (11, 12), (7, 14), (8, 9), (9, 10), (8, 11), (9, 10), (11, 13), (12, 13), (8, 14), (11, 15), (12, 13), (12, 14), (13, 15), (10, 16), (11, 13), (12, 13), (13, 14), (14, 15), (11, 17), (12, 13), (16, 17), (8, 18), (2, 11), (8, 9), (7, 11), (8, 9), (3, 10), (7, 8), (8, 11), (9, 11), (10, 11), (7, 12), (13, 14), (4, 15), (5, 6), (11, 12), (10, 13), (11, 13), (6, 11), (9, 10), (10, 11), (12, 13), (12, 15), (17, 18), (6, 19), (7, 9), (8, 9), (2, 12), (10, 11), (11, 12), (9, 13), (10, 11), (12, 15), (13, 15), (14, 15), (17, 18), (18, 19), (18, 20), (19, 20), (0, 21), (3, 7), (4, 5), (5, 6), (4, 7), (5, 8), (8, 9), (9, 10), (2, 12), (9, 12), (10, 11), (11, 12), (7, 15), (12, 13), (7, 14), (8, 13), (9, 10), (10, 11), (11, 12), (12, 13), (9, 14), (10, 11), (10, 12), (11, 13), (14, 15), (13, 16), (9, 16), (11, 12), (11, 13), (12, 13), (12, 14), (13, 15), (15, 16), (7, 17), (10, 14), (11, 12), (12, 13), (13, 14), (12, 15), (13, 14), (15, 16), (13, 17), (6, 18), (10, 12), (11, 13), (12, 14), (15, 17), (9, 18), (10, 14), (13, 15), (14, 16), (15, 16), (14, 17), (16, 17), (15, 18), (14, 19), (15, 19), (16, 18), (17, 19), (18, 19), (12, 20), (11, 14), (8, 11), (9, 11), (10, 11), (12, 13), (1, 14), (2, 3), (2, 4), (1, 9), (8, 9), (10, 12), (11, 12), (11, 13), (5, 17), (6, 7), (8, 9), (5, 14), (6, 8), (7, 9), (7, 12), (8, 12), (9, 10), (9, 11), (11, 12), (9, 14), (10, 14), (14, 15), (6, 17), (7, 10), (8, 11), (9, 11), (10, 11), (12, 13), (12, 17), (16, 17), (10, 18), (16, 17), (5, 21), (6, 9), (8, 9), (6, 10), (8, 9), (8, 10), (2, 11), (12, 13), (9, 13), (12, 13), (15, 16), (16, 18), (5, 16), (8, 9), (7, 10), (8, 9), (10, 11), (11, 12), (6, 15), (7, 8), (14, 15), (14, 16), (9, 17), (11, 12), (10, 14), (11, 12), (11, 13), (11, 15), (12, 13), (10, 14), (11, 12), (13, 16), (16, 18), (7, 19), (11, 13), (10, 13), (11, 13), (12, 13), (13, 15), (14, 16), (11, 17), (12, 13), (12, 14), (16, 18), (17, 18), (17, 19), (5, 20), (5, 7), (7, 9), (10, 11), (4, 13), (5, 8), (7, 8), (5, 9), (6, 7), (11, 13), (12, 13), (0, 14), (2, 3), (3, 5), (11, 12), (6, 13), (7, 8), (7, 9), (9, 11), (10, 11), (4, 18), (5, 9), (8, 9), (6, 9), (8, 9), (13, 14), (11, 15), (14, 15), (14, 20), (12, 16), (14, 16), (15, 16), (8, 17), (12, 13), (11, 13), (12, 13), (2, 14), (3, 4), (4, 6), (5, 7), (3, 8), (6, 8), (7, 8), (5, 9), (6, 7), (6, 8), (9, 12), (11, 12), (11, 13), (7, 13), (8, 12), (9, 10), (11, 12), (11, 13), (12, 13), (8, 14), (10, 12), (11, 13), (12, 14), (5, 15), (8, 15), (9, 13), (10, 11), (12, 13), (9, 15), (12, 14), (10, 15), (14, 15), (12, 17), (13, 14), (2, 18), (12, 13), (9, 17), (11, 14), (12, 14), (13, 15), (10, 16), (11, 14), (12, 14), (13, 14), (14, 15), (16, 17), (15, 18), (16, 17), (1, 19), (3, 4), (4, 5), (3, 6), (4, 5), (6, 7), (6, 8), (8, 9), (9, 10), (9, 11), (3, 11), (9, 10), (5, 13), (6, 7), (2, 21), (4, 5), (4, 8), (6, 8), (3, 10), (5, 7), (6, 10), (10, 11), (11, 12), (4, 13), (6, 7), (5, 8), (7, 8), (6, 9), (7, 8), (7, 9), (7, 11), (9, 10), (8, 12), (9, 10), (11, 12), (16, 17), (15, 17), (9, 17), (4, 9), (4, 9), (7, 9), (6, 16), (7, 12), (8, 10), (9, 10), (9, 11), (10, 11), (15, 16), (15, 17), (16, 17), (16, 18), (11, 17), (10, 11), (6, 10), (4, 6), (8, 10), (9, 11), (13, 14), (15, 17), (8, 19), (12, 13), (10, 15), (0, 15), (2, 4), (3, 4), (3, 8), (5, 8), (6, 8), (1, 9), (3, 4), (6, 7), (3, 8), (4, 5), (7, 8), (10, 11), (10, 12), (10, 16), (11, 12), (15, 17), (9, 18), (10, 12), (11, 12), (11, 14), (12, 13), (13, 14), (11, 19), (12, 16), (13, 15), (13, 16), (14, 15), (14, 16), (15, 16), (15, 17), (13, 18), (14, 15), (14, 16), (4, 20), (2, 5), (3, 5), (4, 5), (7, 9), (8, 9), (9, 10), (0, 11), (1, 3), (2, 3), (7, 8), (8, 13), (10, 12), (5, 16), (6, 7), (15, 16), (11, 17), (14, 15), (8, 16), (9, 10), (9, 13), (6, 13), (2, 6), (3, 5), (4, 5), (7, 9), (8, 9), (8, 10), (9, 10), (11, 12), (7, 13), (8, 11), (9, 10), (9, 11), (8, 13), (11, 12), (9, 12), (10, 12), (11, 13), (6, 14), (7, 10), (9, 11), (1, 15), (2, 4), (3, 4), (4, 5), (5, 8), (6, 7), (6, 8), (3, 12), (9, 11), (10, 11), (4, 12), (6, 7), (4, 8), (6, 7), (5, 8), (6, 7), (8, 9), (10, 11), (10, 13), (11, 13), (6, 14), (7, 10), (9, 10), (12, 13), (13, 14), (0, 18), (1, 2), (3, 7), (4, 5), (6, 7), (1, 9), (9, 10), (10, 11), (12, 14), (17, 20), (18, 21), (11, 22), (5, 12), (2, 5), (3, 5), (4, 5), (7, 12), (4, 9), (5, 8), (6, 8), (7, 8), (6, 9), (8, 9), (8, 11), (8, 11), (4, 12), (5, 6), (8, 11), (9, 12), (9, 13), (10, 11), (10, 12), (12, 13), (12, 14), (14, 15), (7, 17), (9, 10), (10, 11), (11, 12), (12, 13), (13, 15), (9, 17), (10, 13), (12, 13), (11, 14), (12, 13), (12, 19), (1, 17), (2, 3), (3, 5), (4, 5), (4, 6), (5, 6), (10, 11), (5, 12), (12, 13), (2, 17), (4, 6), (5, 6), (4, 7), (5, 8), (10, 11), (11, 12), (5, 13), (8, 9), (7, 9), (8, 9), (5, 12), (8, 10), (9, 10), (11, 12), (13, 14), (13, 15), (14, 16), (15, 17), (16, 17), (16, 18), (7, 20), (8, 10), (9, 11), (9, 12), (11, 12), (8, 17), (9, 12), (10, 11), (12, 13), (13, 16), (14, 15), (15, 16), (3, 17), (4, 6), (5, 11), (10, 12), (11, 12), (12, 13), (15, 17), (16, 17), (6, 18), (7, 11), (9, 11), (10, 11), (11, 12), (12, 13), (6, 14), (7, 8), (8, 10), (9, 10), (10, 11), (11, 12), (12, 13), (12, 14), (5, 15), (6, 7), (10, 11), (10, 12), (11, 13), (13, 16), (16, 17), (17, 18), (8, 17), (12, 13), (14, 15), (14, 16), (15, 17), (18, 21), (0, 22), (5, 7), (6, 7), (3, 8), (1, 7), (2, 4), (3, 4), (4, 5), (5, 6), (1, 11), (5, 11), (6, 9), (7, 8), (8, 9), (10, 11), (8, 12), (9, 10), (11, 12), (12, 13), (11, 14), (15, 16), (13, 16), (14, 16), (16, 17), (2, 18), (7, 8), (5, 9), (10, 12), (14, 15), (3, 16), (5, 6), (9, 10), (8, 10), (9, 10), (6, 12), (7, 8), (7, 10), (8, 10), (7, 11), (10, 11), (4, 12), (6, 7), (11, 12), (7, 13), (8, 9), (10, 12), (9, 12), (10, 11), (9, 13), (11, 14), (1, 15), (4, 7), (5, 8), (6, 8), (7, 8), (8, 9), (5, 11), (6, 7), (2, 9), (3, 4), (7, 8), (4, 12), (6, 9), (8, 9), (11, 14), (12, 13), (14, 15), (1, 17), (3, 5), (4, 5), (5, 6), (6, 8), (7, 8), (2, 9), (6, 10), (2, 13), (5, 6), (11, 12), (12, 14), (13, 15), (4, 16), (9, 11), (10, 13), (11, 12), (11, 13), (12, 13), (12, 14), (13, 14), (5, 15), (6, 11), (7, 11), (10, 11), (11, 12), (12, 13), (10, 15), (14, 15), (5, 17), (6, 7), (7, 8), (7, 9), (8, 9), (10, 11), (16, 17), (7, 18), (9, 10), (8, 13), (11, 13), (12, 13), (11, 14), (13, 15), (14, 15), (12, 16), (13, 14), (15, 16), (17, 18), (12, 19), (11, 16), (12, 13), (13, 14), (13, 16), (14, 17), (15, 17), (16, 17), (9, 20), (6, 12), (1, 11), (5, 9), (6, 8), (7, 8), (6, 9), (5, 10), (6, 7), (4, 8), (6, 8), (7, 8), (10, 11), (5, 12), (6, 7), (3, 15), (5, 6), (4, 8), (14, 15), (9, 17), (11, 12), (16, 17), (6, 19), (7, 8), (7, 13), (8, 9), (11, 12), (12, 13), (13, 14), (14, 15), (15, 16), (16, 18), (17, 18), (19, 20), (7, 21), (1, 10), (2, 4), (5, 6), (6, 7), (4, 8), (5, 7), (8, 9), (6, 10), (7, 9), (8, 11), (11, 12), (8, 13), (11, 12), (12, 13), (9, 14), (1, 15), (2, 4), (4, 5), (7, 8), (3, 10), (4, 6), (9, 10), (3, 12), (9, 11), (5, 12), (6, 7), (7, 8), (8, 9), (8, 10), (9, 10), (12, 13), (11, 15), (13, 15), (14, 15), (5, 16), (13, 14), (8, 15), (9, 15), (10, 11), (11, 12), (10, 13), (11, 12), (11, 13), (12, 13), (11, 15), (13, 14), (9, 16), (11, 12), (12, 17), (13, 16), (14, 16), (1, 17), (2, 3), (7, 9), (8, 9), (9, 10), (8, 11), (9, 11), (5, 12), (7, 8), (6, 9), (7, 8), (10, 14), (11, 12), (12, 13), (7, 12), (10, 12), (7, 12), (9, 11), (10, 11), (8, 12), (9, 12), (10, 11), (10, 12), (11, 12), (7, 15), (12, 13), (8, 15), (12, 15), (13, 14), (8, 16), (11, 13), (14, 17), (15, 17), (8, 18), (11, 12), (9, 14), (11, 12), (3, 15), (4, 8), (5, 8), (6, 10), (7, 10), (9, 10), (7, 11), (10, 11), (11, 12), (6, 13), (11, 12), (15, 16), (10, 18), (11, 12), (15, 16), (15, 18), (10, 17), (13, 14), (13, 15), (12, 16), (13, 14), (14, 16), (15, 17), (16, 17), (11, 18), (10, 20), (15, 18), (0, 19), (4, 5), (3, 8), (3, 9), (5, 7), (6, 7), (1, 10), (3, 4), (2, 11), (3, 5), (4, 5), (4, 6), (5, 7), (7, 8), (7, 9), (9, 10), (11, 12), (12, 13), (9, 14), (14, 16), (15, 16), (16, 17), (3, 18), (7, 8), (4, 15), (7, 11), (8, 11), (8, 11), (5, 13), (6, 8), (7, 8), (7, 9), (8, 9), (8, 10), (9, 10), (7, 13), (15, 16), (3, 17), (7, 8), (5, 14), (15, 18), (16, 17), (16, 19), (17, 18), (5, 20), (7, 8), (11, 13), (12, 13), (17, 19), (2, 21), (3, 4), (7, 9), (13, 16), (12, 16), (13, 14), (15, 16), (10, 18), (12, 14), (13, 14), (11, 16), (14, 16), (12, 17), (14, 15), (12, 16), (13, 15), (14, 15), (14, 16), (15, 17), (15, 17), (7, 20), (16, 17), (17, 19), (9, 19), (13, 18), (15, 16), (15, 18), (14, 19), (17, 18), (3, 22), (3, 6), (5, 6), (7, 8), (9, 10), (0, 11), (1, 3), (2, 3), (4, 5), (6, 7), (6, 11), (7, 12), (8, 10), (9, 10), (10, 13), (0, 14), (2, 5), (3, 5), (4, 5), (5, 6), (4, 6), (5, 6), (7, 8), (7, 12), (8, 11), (9, 11), (10, 11), (12, 13), (16, 18), (14, 17), (15, 16), (15, 17), (12, 18), (15, 17), (15, 18), (16, 18), (19, 20), (0, 21), (6, 7), (5, 7), (6, 7), (6, 12), (7, 8), (9, 13), (10, 13), (11, 13), (12, 13), (13, 14), (10, 14), (11, 13), (12, 13), (11, 14), (12, 13), (0, 16), (5, 6), (7, 9), (8, 9), (9, 17), (12, 13), (14, 18), (15, 17), (14, 19), (16, 18), (17, 18), (16, 20), (3, 21), (5, 6), (7, 10), (8, 10), (9, 10), (5, 11), (1, 12), (6, 7), (8, 9), (5, 10), (6, 8), (7, 8), (6, 9), (7, 8), (8, 10), (9, 10), (8, 11), (8, 12), (9, 12), (10, 12), (0, 14), (6, 10), (7, 10), (15, 16), (16, 17), (5, 18), (7, 13), (8, 9), (13, 14), (17, 18), (10, 20), (11, 13), (12, 13), (8, 14), (11, 12), (9, 13), (10, 12), (10, 14), (10, 12), (13, 15), (13, 16), (13, 17), (16, 18), (14, 19), (15, 17), (16, 17), (1, 21), (6, 15), (7, 8), (10, 13), (12, 13), (8, 14), (12, 13), (15, 16), (6, 17), (7, 9), (13, 15), (14, 15), (10, 17), (11, 16), (13, 15), (11, 15), (10, 11), (11, 14), (12, 14), (13, 14), (12, 15), (13, 15), (14, 15), (13, 16), (11, 15), (13, 14), (14, 16), (12, 17), (13, 14), (14, 16), (16, 17), (17, 18), (3, 19), (4, 5), (8, 10), (8, 13), (9, 12), (9, 12), (11, 12), (9, 13), (12, 13), (11, 15), (13, 15), (14, 15), (11, 16), (8, 13), (10, 12), (11, 12), (14, 15), (13, 16), (14, 16), (15, 16), (13, 18), (14, 15), (19, 21), (15, 20), (16, 20), (17, 18), (16, 21), (4, 22), (5, 6), (7, 8), (8, 9), (3, 11), (4, 7), (5, 7), (6, 7), (6, 8), (8, 9), (6, 10), (8, 9), (7, 12), (9, 10), (0, 13), (5, 6), (5, 8), (6, 7), (10, 12), (11, 12), (11, 13), (12, 13), (12, 14), (13, 14), (9, 16), (10, 14), (12, 13), (13, 14), (11, 15), (13, 15), (12, 17), (13, 14), (0, 18), (1, 2), (2, 4), (3, 5), (4, 5), (10, 11), (6, 13), (7, 9), (8, 9), (7, 10), (11, 13), (3, 14), (4, 5), (4, 6), (5, 6), (4, 7), (5, 10), (9, 10), (10, 11), (10, 12), (11, 12), (7, 15), (8, 9), (14, 15), (8, 15), (9, 10), (11, 12), (10, 15), (13, 15), (14, 15), (11, 16), (13, 16), (14, 16), (15, 17), (16, 17), (6, 18), (7, 10), (10, 11), (9, 12), (8, 12), (9, 12), (9, 12), (11, 12), (8, 13), (9, 12), (10, 12), (11, 13), (12, 13), (12, 14), (11, 15), (12, 16), (13, 16), (14, 16), (13, 18), (15, 17), (16, 17), (17, 18), (3, 19), (4, 9), (6, 7), (5, 8), (6, 7), (5, 9), (9, 12), (10, 11), (10, 12), (8, 13), (11, 12), (11, 14), (7, 15), (13, 14), (13, 15), (13, 16), (15, 16), (3, 17), (4, 6), (5, 6), (4, 7), (5, 6), (7, 9), (9, 10), (7, 11), (11, 12), (12, 13), (9, 14), (10, 12), (10, 14), (10, 16), (11, 17), (12, 13), (11, 18), (2, 19), (10, 11), (12, 13), (13, 14), (14, 15), (15, 16), (16, 17), (17, 18), (3, 21), (4, 8), (5, 6), (6, 7), (12, 14), (13, 14), (10, 15), (4, 12), (5, 9), (7, 9), (8, 9), (10, 11), (14, 15), (13, 15), (14, 15), (13, 18), (15, 18), (17, 18), (2, 22), (7, 11), (10, 11), (9, 12), (7, 11), (8, 10), (9, 11), (8, 13), (6, 11), (7, 9), (8, 10), (9, 10), (8, 13), (12, 13), (4, 14), (6, 7), (9, 14), (10, 13), (11, 13), (7, 15), (8, 9), (10, 13), (11, 14), (12, 15), (8, 16), (11, 14), (14, 15), (5, 19), (6, 10), (7, 10), (8, 10), (9, 10), (10, 11), (11, 13), (12, 16), (13, 16), (16, 17), (17, 18), (14, 19), (15, 17), (16, 17), (16, 19), (5, 21), (7, 8), (6, 9), (7, 8), (10, 11), (8, 12), (9, 10), (9, 11), (5, 12), (8, 9), (10, 11), (8, 13), (9, 11), (10, 11), (8, 12), (10, 12), (14, 16), (15, 16), (8, 15), (9, 13), (10, 12), (12, 13), (14, 16), (15, 16), (11, 17), (12, 13), (20, 21), (19, 21), (20, 21), (3, 22), (1, 7), (2, 4), (6, 7), (9, 13), (11, 12), (11, 13), (10, 14), (11, 13), (12, 14), (10, 15), (10, 14), (9, 15), (10, 11), (11, 12), (8, 16), (12, 13), (17, 18), (0, 19), (1, 2), (8, 9), (7, 15), (10, 11), (9, 12), (10, 11), (11, 16), (12, 13), (17, 18), (9, 19), (10, 11), (12, 13), (8, 13), (10, 13), (11, 12), (10, 13), (13, 14), (14, 15), (15, 16), (16, 17), (2, 20), (8, 10), (9, 10), (10, 11), (11, 14), (12, 13), (14, 17), (16, 17), (16, 18), (17, 19), (18, 19), (6, 21), (2, 7), (4, 5), (3, 7), (4, 5), (4, 6), (3, 7), (5, 6), (5, 8), (8, 9), (8, 10), (10, 11), (3, 15), (9, 12), (10, 11), (10, 15), (11, 12), (14, 15), (1, 16), (2, 4), (3, 4), (4, 5), (6, 7), (10, 11), (12, 14), (13, 14), (1, 15), (3, 5), (4, 5), (13, 17), (15, 16), (12, 18), (11, 13), (12, 13), (3, 15), (10, 12), (9, 13), (10, 11), (13, 14), (18, 19), (7, 20), (8, 9), (11, 18), (12, 16), (14, 15), (13, 16), (14, 16), (15, 16), (15, 17), (16, 17), (15, 18), (16, 18), (17, 18), (16, 21), (17, 19), (18, 19), (5, 22), (6, 7), (12, 14), (13, 14), (18, 21), (19, 20), (4, 23), (5, 8), (7, 8), (7, 10), (8, 10), (2, 11), (4, 5), (12, 13), (11, 14), (13, 15), (14, 15), (10, 16), (8, 12), (10, 12), (5, 13), (9, 11), (10, 12), (11, 12), (11, 14), (14, 15), (15, 16), (17, 18), (20, 21), (16, 22), (17, 18), (21, 22), (20, 22), (21, 22), (6, 23), (10, 12), (11, 12), (4, 13), (5, 6), (5, 7), (9, 10), (10, 11), (12, 13), (2, 14), (3, 6), (4, 5), (4, 6), (5, 7), (6, 7), (4, 9), (6, 8), (7, 8), (8, 9), (8, 10), (10, 11), (12, 13), (9, 14), (10, 11), (10, 12), (12, 13), (15, 16), (6, 16), (7, 8), (10, 11), (13, 14), (15, 16), (7, 19), (8, 9), (8, 10), (18, 19), (18, 20), (5, 18), (3, 5), (2, 3), (4, 5), (6, 13), (10, 11), (7, 12), (12, 13), (17, 18), (1, 22), (2, 3), (3, 4), (4, 5), (5, 6), (10, 12), (11, 12), (9, 13), (11, 12), (10, 13), (9, 14), (10, 12), (10, 13), (11, 12), (11, 13), (13, 14), (15, 16), (9, 18), (11, 12), (12, 13), (0, 17), (1, 2), (1, 4), (4, 5), (1, 9), (3, 4), (8, 9), (6, 11), (7, 8), (7, 14), (9, 11), (8, 13), (9, 10), (11, 12), (11, 13), (12, 13), (9, 14), (12, 14), (13, 14), (2, 15), (3, 4), (3, 5), (5, 7), (6, 8), (7, 8), (7, 9), (8, 9), (10, 16), (12, 17), (13, 14), (8, 15), (10, 11), (12, 15), (13, 14), (17, 18), (2, 19), (1, 9), (5, 7), (6, 7), (2, 10), (7, 8), (6, 10), (3, 9), (4, 7), (5, 6), (6, 8), (5, 9), (6, 7), (4, 12), (8, 9), (9, 10), (10, 11), (5, 12), (6, 8), (7, 8), (9, 10), (6, 11), (7, 8), (7, 10), (8, 9), (10, 11), (13, 18), (4, 19), (6, 8), (7, 9), (8, 9), (9, 10), (5, 12), (6, 10), (7, 9), (5, 13), (7, 8), (8, 13), (9, 11), (11, 12), (9, 13), (10, 13), (12, 13), (11, 14), (12, 16), (13, 15), (14, 15), (13, 16), (14, 15), (18, 20), (19, 20), (10, 21), (11, 12), (6, 12), (8, 12), (9, 11), (10, 11), (9, 16), (12, 13), (2, 15), (8, 10), (9, 12), (10, 12), (11, 12), (10, 16), (11, 20), (12, 14), (15, 18), (15, 20), (17, 18), (1, 23), (0, 5), (1, 2), (3, 5), (6, 9), (7, 9), (8, 11), (9, 11), (9, 14), (11, 12), (11, 13), (12, 13), (5, 15), (6, 8), (7, 8), (7, 10), (12, 15), (13, 15), (14, 15), (11, 16), (13, 16), (12, 16), (13, 15), (14, 15), (14, 16), (8, 17), (9, 10), (14, 20), (15, 16), (13, 17), (14, 15), (12, 17), (13, 16), (14, 15), (13, 16), (0, 19), (1, 3), (2, 3), (4, 9), (6, 7), (7, 8), (8, 9), (6, 10), (8, 12), (10, 12), (9, 13), (12, 14), (7, 16), (11, 13), (13, 14), (12, 15), (14, 16), (8, 17), (9, 13), (10, 12), (10, 13), (12, 13), (11, 15), (12, 14), (13, 14), (5, 20), (6, 8), (6, 11), (7, 11), (10, 11), (10, 12), (10, 19), (11, 12), (12, 13), (12, 14), (15, 16), (15, 19), (12, 17), (14, 16), (15, 16), (9, 18), (10, 14), (11, 14), (12, 14), (13, 14), (12, 15), (14, 15), (11, 16), (11, 16), (8, 20), (10, 11), (14, 16), (15, 16), (16, 17), (17, 18), (10, 21), (13, 14), (15, 16), (10, 17), (15, 17), (18, 19), (19, 20), (18, 21), (3, 22), (4, 6), (8, 10), (9, 10), (7, 11), (8, 10), (9, 10), (10, 11), (4, 13), (5, 7), (10, 11), (4, 13), (6, 9), (7, 8), (7, 9), (6, 11), (7, 9), (10, 11), (11, 12), (15, 17), (13, 17), (14, 17), (16, 17), (3, 18), (6, 7), (8, 9), (14, 16), (16, 17), (15, 18), (17, 18), (0, 20), (1, 2), (6, 8), (7, 8), (4, 14), (6, 7), (10, 15), (14, 15), (11, 16), (5, 16), (9, 10), (9, 11), (10, 11), (6, 12), (7, 10), (9, 10), (7, 11), (9, 11), (8, 11), (13, 14), (7, 15), (8, 9), (10, 11), (8, 12), (10, 13), (11, 12), (12, 13), (9, 14), (8, 9), (11, 13), (12, 13), (13, 14), (7, 16), (11, 12), (8, 13), (9, 10), (9, 12), (10, 11), (10, 12), (10, 13), (11, 14), (9, 15), (10, 11), (11, 12), (5, 21), (1, 11), (2, 6), (5, 6), (7, 8), (9, 11), (10, 11), (10, 12), (11, 12), (2, 13), (3, 4), (4, 5), (7, 8), (7, 9), (9, 10), (3, 12), (4, 6), (4, 10), (8, 12), (5, 14), (6, 7), (6, 8), (7, 8), (12, 16), (15, 16), (16, 17), (10, 19), (13, 14), (15, 17), (16, 17), (16, 18), (15, 20), (19, 20), (16, 21), (17, 18), (17, 19), (20, 21), (2, 22), (15, 16), (16, 17), (17, 19), (18, 19), (18, 21), (4, 23), (5, 8), (6, 8), (6, 9), (7, 10), (7, 9), (10, 11), (12, 14), (13, 15), (7, 16), (9, 10), (8, 11), (9, 10), (8, 14), (9, 11), (10, 11), (11, 12), (10, 14), (11, 14), (14, 15), (9, 16), (13, 15), (14, 15), (0, 17), (1, 2), (2, 3), (3, 4), (4, 5), (5, 6), (6, 8), (7, 8), (7, 9), (8, 10), (9, 10), (10, 11), (5, 12), (7, 8), (10, 11), (6, 13), (13, 14), (12, 18), (11, 19), (12, 13), (15, 16), (14, 17), (16, 17), (2, 18), (3, 7), (5, 7), (9, 10), (11, 15), (12, 13), (13, 14), (13, 15), (14, 15), (14, 16), (8, 17), (9, 10), (9, 14), (11, 13), (13, 15), (15, 17), (16, 17), (8, 20), (11, 12), (10, 13), (11, 12), (12, 13), (13, 15), (14, 15), (14, 18), (15, 16), (14, 19), (15, 16), (10, 21), (12, 13), (9, 15), (10, 14), (11, 12), (11, 14), (13, 14), (12, 15), (16, 18), (13, 19), (14, 17), (16, 17), (15, 18), (6, 19), (9, 10), (11, 13), (12, 14), (13, 14), (8, 15), (10, 11), (11, 12), (9, 13), (10, 11), (12, 16), (13, 14), (13, 15), (15, 17), (16, 17), (9, 18), (15, 16), (13, 16), (14, 16), (14, 17), (15, 16), (14, 18), (16, 17), (10, 20), (12, 14), (13, 14), (14, 16), (17, 18), (19, 22), (12, 21), (11, 19), (17, 19), (18, 19), (9, 21), (13, 14), (16, 17), (18, 19), (4, 23), (3, 6), (4, 5), (2, 5), (3, 5), (10, 11), (3, 12), (4, 11), (8, 9), (9, 10), (12, 13), (11, 15), (14, 15), (2, 16), (6, 7), (3, 8), (4, 7), (4, 8), (11, 12), (9, 14), (10, 12), (10, 12), (10, 13), (10, 12), (15, 16), (10, 18), (15, 16), (8, 18), (10, 13), (11, 13), (15, 20), (16, 22), (5, 18), (2, 5), (1, 2), (10, 11), (8, 13), (12, 13), (9, 14), (10, 16), (12, 13), (11, 16), (12, 14), (13, 14), (15, 16), (15, 17), (6, 18), (11, 12), (14, 16), (14, 16), (11, 14), (12, 15), (14, 15), (13, 16), (14, 15), (14, 17), (15, 16), (14, 18), (14, 19), (20, 21), (20, 22), (5, 23), (6, 8), (7, 8), (8, 9), (3, 11), (5, 6), (5, 8), (7, 8), (4, 10), (8, 9), (4, 10), (6, 10), (7, 8), (7, 10), (8, 9), (8, 10), (9, 10), (9, 11), (10, 11), (1, 12), (5, 8), (6, 9), (8, 9), (11, 12), (8, 14), (11, 12), (12, 13), (13, 14), (14, 15), (15, 17), (17, 18), (15, 19), (16, 17), (16, 18), (2, 19), (4, 12), (6, 7), (7, 10), (8, 10), (9, 11), (10, 12), (5, 14), (7, 8), (6, 13), (7, 13), (9, 11), (8, 12), (9, 10), (10, 12), (11, 12), (12, 13), (5, 14), (7, 8), (8, 9), (7, 12), (8, 12), (11, 12), (10, 13), (11, 13), (9, 14), (10, 11), (12, 13), (10, 14), (11, 12), (12, 13), (11, 15), (12, 15), (13, 14), (14, 18), (16, 17), (12, 19), (15, 16), (13, 17), (15, 18), (16, 17), (14, 18), (15, 16), (15, 17), (16, 17), (16, 18), (14, 20), (17, 20), (0, 21), (4, 5), (5, 6), (6, 7), (7, 8), (11, 12), (6, 13), (9, 11), (10, 11), (12, 13), (9, 14), (6, 15), (9, 10), (8, 13), (12, 13), (8, 18), (10, 22), (11, 13), (13, 14), (14, 15), (16, 18), (18, 20), (12, 21), (15, 16), (13, 17), (15, 16), (17, 18), (1, 19), (2, 4), (3, 4), (4, 6), (2, 7), (3, 4), (10, 11), (11, 12), (12, 13), (10, 14), (11, 12), (11, 13), (14, 16), (15, 16), (10, 18), (11, 16), (13, 16), (14, 17), (15, 17), (16, 17), (17, 18), (12, 19), (15, 19), (16, 18), (17, 18), (1, 22), (2, 3), (4, 5), (11, 14), (12, 15), (13, 14), (12, 16), (13, 17), (14, 15), (15, 17), (16, 17), (14, 18), (15, 18), (18, 21), (16, 22), (18, 19), (1, 23), (2, 5), (4, 6), (5, 8), (6, 9), (7, 8), (7, 9), (4, 10), (11, 12), (12, 13), (9, 16), (13, 15), (15, 16), (16, 17), (17, 18), (8, 19), (9, 11), (9, 12), (13, 14), (13, 16), (9, 18), (15, 16), (12, 17), (15, 18), (13, 20), (16, 17), (14, 19), (15, 17), (17, 18), (17, 19), (18, 19), (3, 22), (4, 5), (1, 6), (3, 4), (7, 8), (3, 12), (6, 7), (7, 8), (7, 9), (10, 11), (7, 12), (10, 12), (10, 12), (11, 13), (8, 14), (9, 10), (11, 12), (13, 15), (14, 15), (14, 17), (11, 19), (12, 15), (17, 19), (13, 21), (16, 17), (17, 18), (2, 22), (4, 5), (4, 6), (7, 11), (12, 13), (14, 17), (8, 18), (4, 12), (8, 9), (10, 12), (11, 12), (13, 15), (14, 15), (16, 19), (17, 18), (17, 19), (12, 20), (15, 16), (15, 17), (17, 18), (17, 19), (14, 21), (15, 16), (15, 19), (21, 22), (7, 23), (10, 11), (8, 12), (9, 10), (9, 11), (10, 11), (9, 14), (10, 12), (13, 15), (13, 16), (0, 18), (1, 4), (1, 5), (2, 5), (3, 4), (4, 5), (2, 6), (6, 10), (9, 10), (9, 11), (7, 13), (8, 13), (10, 11), (12, 13), (16, 18), (17, 18), (15, 19), (16, 17), (18, 19), (16, 20), (17, 18), (15, 20), (16, 17), (9, 23), (10, 11), (1, 10), (3, 4), (2, 5), (3, 4), (3, 6), (7, 8), (8, 10), (9, 10), (6, 11), (7, 8), (7, 9), (9, 10), (10, 11), (10, 12), (4, 13), (12, 13), (13, 14), (1, 15), (8, 9), (3, 10), (6, 10), (7, 8), (9, 10), (7, 11), (8, 12), (9, 13), (9, 14), (11, 12), (14, 15), (11, 16), (3, 14), (4, 5), (7, 8), (8, 9), (9, 10), (9, 11), (13, 14), (1, 15), (3, 5), (3, 6), (4, 5), (6, 7), (7, 8), (4, 9), (5, 7), (6, 7), (5, 8), (9, 10), (13, 15), (0, 17), (1, 3), (1, 7), (6, 8), (7, 8), (7, 9), (8, 9), (11, 13), (12, 13), (14, 15), (17, 18), (13, 20), (3, 17), (12, 14), (9, 14), (10, 13), (11, 12), (11, 13), (11, 15), (13, 14), (14, 15), (12, 16), (13, 17), (5, 19), (6, 8), (9, 10), (10, 11), (10, 13), (11, 15), (12, 16), (13, 14), (13, 16), (14, 16), (15, 17), (16, 17), (13, 18), (7, 16), (10, 11), (11, 14), (12, 14), (5, 15), (6, 7), (7, 8), (7, 9), (8, 10), (9, 11), (10, 12), (12, 13), (9, 14), (11, 15), (12, 13), (12, 14), (14, 16), (16, 17), (17, 18), (18, 19), (17, 20), (9, 18), (11, 13), (9, 13), (10, 12), (11, 12), (12, 13), (10, 14), (13, 15), (15, 16), (16, 17), (17, 18), (5, 21), (7, 8), (6, 9), (7, 8), (7, 9), (9, 10), (8, 11), (9, 10), (10, 12), (6, 13), (10, 11), (7, 12), (8, 9), (8, 10), (13, 14), (11, 15), (10, 12), (11, 12), (7, 16), (10, 11), (4, 15), (5, 8), (6, 9), (7, 9), (8, 9), (7, 10), (8, 11), (2, 12), (7, 8), (5, 9), (6, 7), (6, 8), (7, 9), (7, 10), (8, 11), (9, 10), (3, 13), (4, 5), (4, 8), (5, 8), (6, 8), (7, 8), (8, 9), (9, 10), (4, 11), (6, 9), (8, 10), (4, 12), (6, 7), (5, 8), (7, 8), (13, 14), (6, 15), (11, 14), (12, 16), (13, 17), (17, 18), (19, 20), (13, 21), (1, 15), (3, 6), (5, 6), (4, 9), (5, 6), (6, 7), (4, 11), (6, 7), (9, 10), (10, 11), (6, 13), (10, 12), (12, 13), (13, 14), (11, 15), (12, 14), (13, 14), (2, 16), (3, 4), (4, 5), (5, 6), (7, 8), (3, 9), (6, 8), (7, 8), (9, 10), (10, 11), (7, 12), (6, 11), (7, 13), (8, 9), (6, 14), (5, 7), (4, 5), (5, 7), (5, 7), (5, 9), (7, 9), (6, 11), (7, 8), (7, 11), (9, 12), (11, 12), (13, 15), (15, 16), (16, 17), (17, 18), (11, 19), (12, 13), (14, 15), (20, 21), (13, 23), (14, 15), (15, 16), (15, 17), (5, 18), (6, 9), (9, 10), (8, 11), (11, 16), (12, 13), (13, 14), (12, 16), (15, 16), (8, 17), (9, 13), (10, 11), (11, 12), (10, 13), (11, 14), (12, 13), (13, 15), (15, 16), (15, 17), (17, 18), (15, 20), (16, 17), (16, 18), (6, 21), (7, 8), (10, 11), (4, 15), (5, 6), (5, 7), (8, 9), (6, 14), (12, 13), (16, 19), (17, 18), (17, 19), (19, 22), (17, 23), (11, 22), (12, 14), (5, 15), (8, 9), (6, 10), (7, 8), (7, 9), (8, 10), (9, 10), (7, 12), (11, 12), (6, 15), (7, 13), (8, 11), (9, 11), (9, 11), (8, 12), (9, 12), (11, 12), (12, 13), (9, 14), (10, 12), (11, 14), (15, 17), (16, 18), (17, 19), (17, 20), (19, 20), (14, 23), (15, 21), (22, 23), (9, 24), (7, 13), (8, 10), (9, 11), (10, 11), (12, 13), (2, 14), (3, 5), (4, 5), (6, 8), (7, 8), (10, 12), (11, 12), (10, 14), (11, 14), (12, 13), (12, 14), (1, 15), (2, 3), (5, 7), (0, 8), (1, 2), (1, 3), (6, 9), (8, 15), (9, 13), (10, 11), (9, 13), (9, 14), (12, 14), (12, 14), (13, 15), (14, 15), (11, 16), (11, 13), (12, 17), (13, 15), (4, 18), (5, 7), (6, 7), (6, 11), (8, 11), (6, 14), (8, 9), (8, 14), (9, 10), (7, 11), (8, 9), (8, 10), (9, 11), (10, 11), (9, 14), (10, 15), (13, 14), (10, 16), (13, 15), (13, 15), (12, 15), (13, 14), (13, 15), (14, 15), (12, 16), (13, 19), (14, 16), (15, 16), (16, 17), (4, 18), (7, 10), (8, 10), (9, 10), (8, 11), (10, 12), (11, 12), (11, 13), (8, 14), (9, 10), (11, 12), (16, 17), (13, 18), (14, 16), (15, 18), (16, 17), (16, 18), (17, 18), (17, 19), (18, 19), (17, 22), (12, 18), (10, 12), (8, 10), (6, 8), (5, 6), (7, 9), (7, 9), (10, 11), (15, 18), (16, 17), (9, 18), (10, 11), (13, 16), (14, 15), (15, 16), (17, 18), (14, 19), (15, 18), (16, 17), (17, 18), (17, 19), (9, 20), (10, 12), (11, 12), (12, 13), (11, 15), (12, 14), (15, 16), (10, 18), (13, 14), (11, 15), (13, 14), (11, 16), (17, 18), (19, 22), (20, 22), (4, 23), (5, 6), (6, 7), (2, 8), (3, 5), (4, 5), (3, 6), (3, 7), (5, 9), (7, 9), (0, 10), (5, 6), (2, 8), (3, 4), (3, 11), (5, 7), (6, 10), (8, 9), (11, 12), (11, 13), (4, 13), (2, 4), (1, 2), (3, 7), (4, 5), (4, 8), (5, 9), (9, 10), (10, 11), (4, 12), (6, 7), (9, 10), (6, 11), (9, 10), (12, 13), (14, 17), (15, 16), (6, 17), (7, 8), (8, 9), (8, 11), (15, 16), (16, 17), (14, 18), (7, 16), (13, 14), (8, 15), (9, 11), (9, 12), (10, 11), (12, 13), (14, 15), (9, 16), (11, 12), (10, 12), (11, 12), (12, 14), (14, 15), (13, 17), (14, 15), (14, 17), (16, 17), (14, 18), (0, 19), (9, 10), (5, 12), (8, 12), (10, 11), (7, 13), (11, 14), (12, 13), (16, 18), (10, 19), (15, 16), (11, 18), (13, 15), (14, 15), (15, 17), (16, 17), (17, 18), (12, 19), (13, 14), (14, 15), (13, 16), (14, 15), (17, 18), (15, 18), (16, 17), (15, 20), (10, 18), (11, 16), (12, 16), (13, 16), (15, 16), (14, 18), (15, 19), (16, 18), (16, 18), (15, 19), (17, 18), (15, 20), (16, 21), (18, 20), (19, 20), (1, 23), (6, 7), (8, 9), (9, 10), (10, 11), (9, 12), (12, 14), (13, 14), (13, 15), (14, 16), (15, 16), (2, 17), (6, 9), (7, 8), (8, 9), (11, 12), (12, 22), (7, 15), (8, 10), (14, 15), (14, 17), (15, 17), (17, 18), (4, 20), (5, 13), (7, 12), (8, 12), (11, 12), (11, 13), (8, 14), (10, 11), (12, 13), (9, 15), (10, 11), (10, 12), (11, 12), (12, 13), (13, 14), (15, 16), (15, 18), (16, 17), (14, 19), (20, 22), (16, 22), (19, 20), (17, 21), (18, 20), (19, 21), (20, 21), (19, 22), (21, 22), (21, 23), (22, 23), (5, 24), (6, 7), (7, 11), (8, 9), (9, 11), (1, 12), (3, 4), (8, 9), (11, 12), (9, 15), (12, 13), (10, 13), (14, 15), (3, 16), (0, 3), (1, 3), (12, 14), (12, 14), (9, 16), (10, 12), (11, 13), (12, 14), (13, 16), (14, 16), (17, 18), (6, 19), (2, 9), (4, 6), (5, 7), (6, 7), (6, 9), (7, 8), (10, 13), (9, 15), (10, 15), (11, 13), (11, 14), (13, 14), (12, 15), (13, 14), (10, 16), (9, 14), (10, 11), (12, 14), (13, 14), (2, 17), (5, 6), (3, 8), (6, 7), (6, 8), (7, 8), (4, 9), (5, 6), (6, 9), (7, 8), (7, 9), (8, 9), (16, 17), (10, 20), (13, 14), (12, 15), (13, 20), (14, 15), (17, 18), (5, 19), (6, 7), (7, 8), (8, 9), (9, 10), (10, 11), (11, 12), (6, 13), (12, 13), (12, 14), (13, 15), (14, 16), (12, 18), (16, 19), (21, 22), (9, 23), (10, 12), (7, 13), (9, 10), (9, 11), (8, 11), (9, 10), (9, 11), (9, 11), (12, 14), (13, 14), (15, 16), (7, 19), (8, 13), (9, 12), (10, 11), (10, 12), (16, 17), (9, 20), (17, 18), (19, 20), (17, 21), (18, 20), (19, 20), (3, 24), (5, 8), (6, 8), (7, 8), (12, 16), (13, 15), (14, 15), (14, 16), (15, 16), (13, 17), (15, 17), (16, 17), (8, 19), (13, 14), (16, 17), (16, 18), (17, 18), (12, 20), (13, 15), (12, 19), (14, 15), (18, 19), (1, 20), (5, 6), (6, 7), (7, 8), (4, 9), (5, 7), (6, 7), (2, 11), (3, 6), (4, 6), (5, 6), (5, 7), (6, 8), (6, 9), (7, 8), (7, 12), (10, 11), (10, 12), (2, 13), (5, 6), (10, 11), (14, 15), (4, 17), (7, 10), (8, 9), (3, 11), (4, 9), (7, 9), (8, 9), (8, 10), (9, 10), (8, 11), (10, 11), (11, 12), (7, 13), (5, 10), (6, 8), (7, 8), (6, 10), (7, 10), (9, 10), (10, 11), (9, 12), (10, 11), (12, 13), (13, 14), (14, 15), (15, 17), (10, 17), (14, 15), (15, 16), (8, 19), (12, 16), (14, 16), (14, 16), (16, 18), (17, 18), (9, 19), (12, 14), (13, 14), (15, 18), (16, 18), (17, 18), (16, 20), (17, 21), (13, 19), (12, 13), (15, 17), (16, 17), (15, 18), (16, 20), (17, 18), (2, 20), (8, 10), (9, 10), (4, 11), (9, 11), (10, 11), (9, 12), (8, 13), (11, 12), (12, 13), (7, 14), (10, 11), (8, 15), (9, 10), (11, 12), (13, 16), (14, 15), (14, 17), (15, 17), (16, 17), (11, 19), (5, 19), (8, 10), (9, 10), (9, 11), (10, 13), (11, 14), (12, 13), (12, 14), (13, 14), (13, 15), (14, 15), (10, 20), (11, 12), (11, 13), (11, 16), (12, 14), (13, 14), (12, 15), (13, 14), (13, 15), (6, 15), (8, 13), (4, 11), (5, 8), (6, 10), (7, 11), (8, 12), (11, 12), (10, 13), (11, 12), (12, 13), (11, 14), (13, 15), (11, 16), (12, 14), (8, 15), (9, 12), (10, 12), (11, 12), (12, 13), (12, 14), (10, 15), (12, 13), (11, 14), (13, 14), (12, 15), (10, 17), (12, 16), (13, 15), (14, 16), (17, 18), (19, 21), (3, 22), (5, 6), (6, 7), (7, 15), (11, 13), (13, 14), (11, 15), (13, 14), (8, 16), (9, 13), (10, 12), (7, 12), (9, 11), (10, 11), (8, 12), (9, 10), (11, 13), (13, 14), (14, 15), (15, 16), (19, 21), (20, 22), (4, 24), (5, 8), (7, 9), (8, 9), (6, 10), (7, 8), (6, 11), (10, 12), (2, 14), (3, 4), (6, 8), (6, 10), (8, 10), (7, 11), (10, 12), (11, 12), (13, 14), (8, 18), (6, 10), (7, 9), (9, 10), (16, 17), (15, 18), (4, 19), (8, 10), (11, 13), (12, 13), (11, 16), (12, 14), (13, 14), (16, 17), (13, 18), (16, 17), (17, 19), (2, 20), (3, 4), (3, 5), (6, 8), (7, 8), (5, 14), (10, 14), (13, 14), (16, 17), (7, 19), (8, 9), (9, 10), (10, 12), (8, 12), (9, 10), (9, 11), (16, 17), (16, 20), (8, 18), (7, 15), (8, 9), (12, 15), (13, 16), (14, 17), (14, 18), (15, 16), (17, 19), (18, 19), (8, 20), (9, 11), (12, 13), (13, 15), (14, 15), (15, 16), (13, 20), (14, 19), (16, 17), (16, 19), (12, 19), (13, 14), (16, 17), (18, 19), (16, 21), (12, 22), (11, 12), (8, 11), (9, 11), (10, 12), (11, 13), (3, 16), (5, 7), (8, 11), (10, 11), (10, 12), (11, 12), (15, 16), (13, 17), (9, 18), (10, 13), (12, 13), (11, 14), (12, 14), (15, 16), (15, 17), (9, 19), (13, 15), (16, 19), (17, 19), (0, 21), (2, 5), (3, 4), (4, 5), (5, 6), (6, 7), (7, 9), (8, 9), (9, 11), (10, 12), (13, 14), (14, 15), (13, 15), (14, 15), (18, 19), (20, 21), (11, 21), (12, 13), (14, 16), (15, 16), (15, 17), (12, 17), (13, 17), (14, 15), (15, 16), (18, 19), (19, 20), (12, 21), (17, 18), (1, 22), (2, 3), (5, 7), (3, 12), (4, 5), (5, 7), (6, 9), (7, 8), (10, 11), (7, 12), (2, 13), (8, 9), (4, 10), (7, 9), (8, 9), (9, 10), (10, 14), (11, 12), (13, 14), (13, 15), (10, 16), (15, 16), (2, 18), (4, 5), (8, 11), (8, 12), (13, 14), (16, 17), (13, 18), (11, 13), (6, 11), (9, 10), (15, 16), (14, 17), (17, 18), (7, 19), (8, 9), (13, 17), (14, 16), (16, 17), (17, 18), (9, 20), (13, 14), (18, 20), (19, 20), (0, 22), (4, 6), (7, 8), (1, 9), (8, 9), (5, 10), (8, 10), (9, 10), (2, 11), (3, 4), (10, 12), (12, 14), (8, 15), (9, 14), (7, 15), (8, 9), (9, 10), (10, 11), (11, 12), (11, 13), (13, 14), (14, 15), (13, 16), (14, 15), (5, 17), (4, 12), (14, 16), (15, 16), (8, 18), (11, 14), (12, 14), (13, 14), (5, 20), (6, 7), (7, 8), (7, 9), (2, 10), (10, 11), (11, 12), (10, 13), (11, 12), (13, 14), (13, 15), (13, 16), (13, 17), (13, 18), (17, 19), (6, 20), (6, 9), (7, 9), (8, 9), (9, 10), (10, 11), (11, 12), (12, 13), (13, 14), (14, 15), (15, 16), (17, 21), (18, 20), (18, 21), (3, 22), (6, 8), (7, 8), (4, 9), (5, 8), (6, 8), (7, 8), (1, 10), (10, 11), (0, 14), (11, 15), (1, 16), (2, 4), (3, 5), (4, 9), (5, 13), (6, 15), (7, 18)]
