results/deeplll/svpchallengedim40seed0dim15delta0.98999995.txt: 163.919 sec
b: [[-10487525, 55966197, 3659784, 54035535, -23290482, 44164635, -36885786, -27233921, -18465572, -24877146, 14166440, 43119232, -4887683, -9125371, -11905183],
 [-1740650, 62483264, -27899134, -15981560, 25733963, 58091229, 43362226, 14534191, -10320901, -13737560, -1552187, 65571075, -13987145, -15601289, -2917621],
 [-19024994, -65511804, -5930240, 8822073, 26554781, -30969428, -13880595, 10514250, -20104340, -24762000, -52537056, 12616622, 16457332, -45961838, 41504786],
 [59645282, 39940759, -22373563, 22367635, 35252943, 3245999, 20745750, -58776845, -12174756, -7918063, -41855463, 23620293, -4064375, -32183417, 53407943],
 [-25426736, -30837000, -64057518, -45910516, -31435232, 7541750, 28556884, 27811929, -17593547, -46415124, -47116398, 6701189, 31834021, 7955015, -38532054],
 [4265562, -12664160, 10997567, 42961894, -38426890, -9088393, 85689224, -8673488, -22597234, -33567795, -64450557, -1352118, 2585112, -36889195, 10332964],
 [-51790451, 77979674, -14739476, -17089041, -5790206, 23840314, -8739759, -38102341, 6835356, 28572285, -41127831, 863979, 2015025, 69274066, -22655442],
 [-104992184, 26011848, -11508508, 51591537, -10767310, 20288709, 2711433, 21468676, 31757973, 19035229, 33970230, -45735112, -6742379, 12959348, 14814148],
 [-2028535, -21195124, 3509703, 12300672, -57694788, 48053820, 25035593, 33642587, 60017544, -2050104, 24372713, -26768928, 47135474, -55215891, -18064801],
 [-3734429, 50325225, -69290533, -16211096, -19010991, -42470366, -46749816, -43783656, 13089964, 21812894, -36669414, 7017593, 45755750, -56377573, 25711607],
 [-17941790, 52910626, 21851705, 9706943, 46878775, -48721938, 34176343, -10422995, -39306800, 67130920, 29265771, -52827146, 22763807, 12454780, 1013989],
 [27567487, 38533686, 21527979, 77870782, 42445853, -17107054, -50686424, -49771752, 25337174, -1063000, -44298362, 3047783, 41710728, 2480486, -45575140],
 [-9055343, 2576681, -30918374, -46994095, 22060583, 55150820, 14562060, -64460778, 3493344, 12742838, 22422271, -36290450, -29298096, -38387500, -8639989],
 [36989750, -46979758, -42468832, 20578479, -74951324, -9644011, 38858807, 50679040, -46791784, 52830675, -33308064, -18839012, 17955638, -24467136, 22163624],
 [78890477, 120648685, 52864342, -2159912, -17720037, 22285437, 20912759, 56861053, 16645518, -39918209, -19242315, -18452793, -12635699, -45683858, -26675040]], shape=[15, 15], strides=[15, 1], layout=Cc (0x5), const ndim=2
v_norms: [14039346803474444, 188976499059877244069655752374435/14039346803474444, 2506765757835135912434338990793703935037188036834/188976499059877244069655752374435, 17087268713473785033728707175008732424275445401434674448496819687/1253382878917567956217169495396851967518594018417, 403084548485143365488069663708934067555001387027227161950939811518281051152691945/34174537426947570067457414350017464848550890802869348896993639374, 1012365443116134391101654626114821657940783084155918153182624322353522119448233261811598379584989/80616909697028673097613932741786813511000277405445432390187962303656210230538389, 62531173405323730175469606887979095970344829797715217899461783039929359218648639923519979518989999071830870881401/5061827215580671955508273130574108289703915420779590765913121611767610597241166309057991897924945, 682797348957755102776810658379046355862656808102128952944270771993108313473938874648552800545397694963662391145027853660757957544/62531173405323730175469606887979095970344829797715217899461783039929359218648639923519979518989999071830870881401, 88027319152440954638861254921391719339073251425427983396814406580665137845156309560848333162153297307143568198574756084434427210631918131496645/9483296513302154205233481366375643831425789001418457679781538499904282131582484370118788896463856874495310988125386856399416077, 6917119739226060619624549851460833435865244690939023583840767183223454897428946697541790726638625985965802554119685536429128037018289980517798863001812704159928/792245872371968591749751294292525474051659262828851850571329659225986240606406786047634998459379675764292113787172804759909844895687263183469805, 218866080522962411120649516384247630834059355910835453149801563449203632237076836532521730925048721110972316426065876614034899684428233960832993585856537841256920534149997479855/27668478956904242478498199405843333743460978763756094335363068732893819589715786790167162906554503943863210216478742145716512148073159922071195452007250816639712, 3800820814404597900711763182479565133092737733339961299765250868740999084663001078575120955165637235013166267034569303228911861614197047725489217291490668621916218779410477230031173028404176769/437732161045924822241299032768495261668118711821670906299603126898407264474153673065043461850097442221944632852131753228069799368856467921665987171713075682513841068299994959710, 35756865981121442824515724602507823734227803588648793860860979928490347134932731573740357537607250018680132528580756556541785053444292780871100111783249541859611284349167836061018664671751642626767142775206026/3800820814404597900711763182479565133092737733339961299765250868740999084663001078575120955165637235013166267034569303228911861614197047725489217291490668621916218779410477230031173028404176769, 316870382010027839406817336306033461573367064220952562021011291415633715392928644160258983330527839985928332864094750821673550459949843068174429934855210438873786948078844830724434272355050390048009727356066041338460713827009/35756865981121442824515724602507823734227803588648793860860979928490347134932731573740357537607250018680132528580756556541785053444292780871100111783249541859611284349167836061018664671751642626767142775206026, 4479162007073151170053182782743010606980316030715060474323054884337061641018044345714802639116581702744224211114079778384050910591371708226269714637437377066499267496599054455079188695195638785002287791358960525877967803096509204846118949649/316870382010027839406817336306033461573367064220952562021011291415633715392928644160258983330527839985928332864094750821673550459949843068174429934855210438873786948078844830724434272355050390048009727356066041338460713827009], shape=[15], strides=[1], layout=CFcf (0xf), const ndim=1
Mu { arr: [6103662699592453/14039346803474444, -4140633565665997/14039346803474444, -27772007741070529932959138756867/188976499059877244069655752374435, 3419424994541539/14039346803474444, 64080274024056799101575566874753/188976499059877244069655752374435, 449234391522468346295955229707723078765536539487/1253382878917567956217169495396851967518594018417, -3588379398393441/14039346803474444, 60999027159165946966191079727497/188976499059877244069655752374435, 663052020689458250501100885938988678176760852221/2506765757835135912434338990793703935037188036834, -7590542696282845035088217695559954412633409777377810869762774799/17087268713473785033728707175008732424275445401434674448496819687, -85176842882511/3509836700868611, 23076719790685013086128437958152/188976499059877244069655752374435, 1134841790975186260703053317875107264561351295461/2506765757835135912434338990793703935037188036834, 4606468748977941270142604333857081473993371234018938684594854977/17087268713473785033728707175008732424275445401434674448496819687, 32471816214796927749543772270606921028423166186132992919773373458785681911593441/80616909697028673097613932741786813511000277405445432390187962303656210230538389, 2361572739134161/7019673401737222, 35255912419842333154494040884382/188976499059877244069655752374435, -600979644367695513888026754901329954541946008277/1253382878917567956217169495396851967518594018417, 209343703258917368633101585292890379171261755104688674921632240/17087268713473785033728707175008732424275445401434674448496819687, 130955703311078880619643036757896975024265182404645124768384040296824811633923744/403084548485143365488069663708934067555001387027227161950939811518281051152691945, -214992883517278144133675263165551010279978065652529193699346490553329032593979545332365535918149/1012365443116134391101654626114821657940783084155918153182624322353522119448233261811598379584989, 2952213339727271/14039346803474444, -34252407588705677567265328932999/188976499059877244069655752374435, -559465904632053171724186274903560877135825404327/2506765757835135912434338990793703935037188036834, -8522794734653735652257045213822643160336243763198145874472367693/17087268713473785033728707175008732424275445401434674448496819687, -113631900765899224863421317989326554916247430859393621728899247308910125783680897/403084548485143365488069663708934067555001387027227161950939811518281051152691945, 71044999063315095328401169681324487656535591477344743311647128605328287537482433164394109891928/337455147705378130367218208704940552646927694718639384394208107451174039816077753937199459861663, 30870207940996804612797830752267954666222035632658092477949139020458393424257784497278573389367481857249381396227/62531173405323730175469606887979095970344829797715217899461783039929359218648639923519979518989999071830870881401, -59691963355312/3509836700868611, -10665194975501932399448935351064/188976499059877244069655752374435, -357461701050758838070582742805460709008517230367/2506765757835135912434338990793703935037188036834, -6090678074499151406818534815090207799771680016648012448598037448/17087268713473785033728707175008732424275445401434674448496819687, 59360576323670038408635813816190321928267909337775219933081282856024137846077687/403084548485143365488069663708934067555001387027227161950939811518281051152691945, 416329198093784819023321156906334392548323215041083016308644006407377026010456692830620130149257/1012365443116134391101654626114821657940783084155918153182624322353522119448233261811598379584989, -29957322353417231520187910864851201835413321658352537190752586834803714149600933073903500261547869598727700682542/62531173405323730175469606887979095970344829797715217899461783039929359218648639923519979518989999071830870881401, 4039484288420109525459714495056847044495325239005048266121507915018159344302078411125139428144149372431666714397998739565211783/9483296513302154205233481366375643831425789001418457679781538499904282131582484370118788896463856874495310988125386856399416077, 1096745620174429/7019673401737222, -13807326025819831401332409840746/188976499059877244069655752374435, 787387482336414316535086213933598895000318034297/2506765757835135912434338990793703935037188036834, 8079960076399050279823903629342193981628908725715909726922868413/17087268713473785033728707175008732424275445401434674448496819687, 158555691399573590857871748502264887884214119945957616229599469079487665912431937/403084548485143365488069663708934067555001387027227161950939811518281051152691945, -495912887571808087493755440135933206918176369325277853615915422705815360360926125596387248825810/1012365443116134391101654626114821657940783084155918153182624322353522119448233261811598379584989, 15045230923641495411349400327771106511186337853812102789601033253645942363319163213290397131773506352409071741373/62531173405323730175469606887979095970344829797715217899461783039929359218648639923519979518989999071830870881401, 49806737101081565670285877108740938773300820046163094681998079991775344771505472769728514630296568460718293041482326349439956285/170699337239438775694202664594761588965664202025532238236067692998277078368484718662138200136349423740915597786256963415189489386, 39474510824231384768124385270880904823743206294815672671912914304571564550463518782614287203257901272386549694985369774522973212842489619170616/88027319152440954638861254921391719339073251425427983396814406580665137845156309560848333162153297307143568198574756084434427210631918131496645, -1755490035313993/7019673401737222, -10334839887975989833877006213266/188976499059877244069655752374435, -507837693675988280601070521469203423298531618964/1253382878917567956217169495396851967518594018417, 4579433212174338835911174747726304402982338068391467269166266508/17087268713473785033728707175008732424275445401434674448496819687, -176461234422255106410198773179208204579469593324680596219609178010029233086486726/403084548485143365488069663708934067555001387027227161950939811518281051152691945, 41213558418665503839767642379287620918494599521556134682954353323797109848260769167968451193647/337455147705378130367218208704940552646927694718639384394208107451174039816077753937199459861663, 26414775934297718142665355791817503496371359946237742817086293412563822151115425374962020107071294510198158680736/62531173405323730175469606887979095970344829797715217899461783039929359218648639923519979518989999071830870881401, 6612529388299490634884030800471746443433916600042905637952570850448361391111641063947383442890650297294493323170168964491076201/32514159474178814417943364684716493136316990862006140616393846285386110165425660697550133359304652141126780530715612079083712264, -31425824108374796932502866066474464157151333423389348531878854401248080148042522953698328888796999480968699398147586460182272786100947189605334/88027319152440954638861254921391719339073251425427983396814406580665137845156309560848333162153297307143568198574756084434427210631918131496645, 5999617100019291829689966158553770241342833950284278361856049969035989147456427412785977342973503786883084394812181981191513605416894276653746011315108465377071/13834239478452121239249099702921666871730489381878047167681534366446909794857893395083581453277251971931605108239371072858256074036579961035597726003625408319856, 7013546832802731/14039346803474444, -81775331532834178813253329874759/188976499059877244069655752374435, 212346861512470450102143724120969761864279728543/2506765757835135912434338990793703935037188036834, 8228398018833026798616977523118325399605209144738764794495161951/17087268713473785033728707175008732424275445401434674448496819687, -1082114877784752985321757106982364909814740775379321739366223569333166036762967/403084548485143365488069663708934067555001387027227161950939811518281051152691945, -45686982284309867442678524384639402228609215151389817153440373366688480508022743877876013637819/337455147705378130367218208704940552646927694718639384394208107451174039816077753937199459861663, 18755903662805728964970979183020444429036380741555734623165801283286817836999346483794950959390525482787947105682/62531173405323730175469606887979095970344829797715217899461783039929359218648639923519979518989999071830870881401, -75099375451710893534530906274105401990486859086270499414088656852242807045804422632569302466393198499513176413406205475251624429/341398674478877551388405329189523177931328404051064476472135385996554156736969437324276400272698847481831195572513926830378978772, 26110950910257404220403643806626655564631552481130591173197773237924127670576529584581967670314825096665934152325977084619726420427274705448358/88027319152440954638861254921391719339073251425427983396814406580665137845156309560848333162153297307143568198574756084434427210631918131496645, -111181526822037222464838816110942474017313941306899656927076960245736793786674744601804779058278131695502960549803669884353803412173061653647289617886272562982/864639967403257577453068731432604179483155586367377947980095897902931862178618337192723840829828248245725319264960692053641004627286247564724857875226588019991, 97059508995740754048757062130503369457033300807088858613573994665350635422087785034972341933407391252654699028607521986654841417672970405591108395768015671484833524696787949016/218866080522962411120649516384247630834059355910835453149801563449203632237076836532521730925048721110972316426065876614034899684428233960832993585856537841256920534149997479855, -152676754921479/7019673401737222, 10663095598557408216727701366514/37795299811975448813931150474887, -540440127992271461438694415081883815471075501215/2506765757835135912434338990793703935037188036834, 3781024548761455761568776775653865558337250914796962731198754693/17087268713473785033728707175008732424275445401434674448496819687, 3891407416228780182390313599934405136626565407141215743893037077092359041903555/80616909697028673097613932741786813511000277405445432390187962303656210230538389, -229194080818335399796663395538028437831499428530677014955663861577866818763842228516548264476392/1012365443116134391101654626114821657940783084155918153182624322353522119448233261811598379584989, -2258481877162055192186130368818835774554191523529719363713072699438227434046502151513076378012602782255139110940/62531173405323730175469606887979095970344829797715217899461783039929359218648639923519979518989999071830870881401, 53641268588334814036012892160266741070630275932684955679415960431726802424703655615678310963345638116410822623304735776629227155/170699337239438775694202664594761588965664202025532238236067692998277078368484718662138200136349423740915597786256963415189489386, 16437386497399802748523977835071258382184940861289591701632358714802602253405889570552138351904230028226766040932447538791296412747835446661292/88027319152440954638861254921391719339073251425427983396814406580665137845156309560848333162153297307143568198574756084434427210631918131496645, -946651489133975933055765041726828889731076036822903229123000593787714796199626957825751479918850603269492097400098668268778173437082322230209483679758044225619/6917119739226060619624549851460833435865244690939023583840767183223454897428946697541790726638625985965802554119685536429128037018289980517798863001812704159928, 5797723242086922890545546291234852248407592872002175938811606214372811090402770346996388515057454243884641020348947775833295938121808194926695271049396116690753727493774087282/218866080522962411120649516384247630834059355910835453149801563449203632237076836532521730925048721110972316426065876614034899684428233960832993585856537841256920534149997479855, -1591023734235795291918589947986941398974832408182476849346263640380687162733650128363118233233909562582079607528960588851873720353356446233447536037130630579244240077636289424706928202590800577/3800820814404597900711763182479565133092737733339961299765250868740999084663001078575120955165637235013166267034569303228911861614197047725489217291490668621916218779410477230031173028404176769, -2708618436951297/7019673401737222, -17081182626374978082878711829082/188976499059877244069655752374435, 532423634964225664481048146195298045071532108189/2506765757835135912434338990793703935037188036834, 770855110002461986471374045486885478188121535490148198896556263/17087268713473785033728707175008732424275445401434674448496819687, 169494251305724734042329032962430760182338025588889585017491646979845329738260531/403084548485143365488069663708934067555001387027227161950939811518281051152691945, 503055146856187990700168618494071850650747499380214036691074390823170602409397502429122816276119/1012365443116134391101654626114821657940783084155918153182624322353522119448233261811598379584989, -19651703392137296854986520573184211989627507850643392516510080600296235697516905634645458806948270501296213800471/62531173405323730175469606887979095970344829797715217899461783039929359218648639923519979518989999071830870881401, 38915223835666370070048307468339590585154084754295041210667801529793925458095763615257856251281630693706635601591930971683751311/341398674478877551388405329189523177931328404051064476472135385996554156736969437324276400272698847481831195572513926830378978772, 8627550721143811731883968446863314323230377513625392702020141085393538705543888478923069700961951660516415246836600241778743207583657025800709/88027319152440954638861254921391719339073251425427983396814406580665137845156309560848333162153297307143568198574756084434427210631918131496645, 2500334942612494364564224074912871157029135786643892336971794787986492064056147958485789670587695045260768267352300676308818922062151159150108192937120210191457/6917119739226060619624549851460833435865244690939023583840767183223454897428946697541790726638625985965802554119685536429128037018289980517798863001812704159928, 19883631733144130400195763098101905517505148753851487582940900514337101953294190469768771201162980845972643805184101787022172964331663234049806461533199924451773015988943409762/218866080522962411120649516384247630834059355910835453149801563449203632237076836532521730925048721110972316426065876614034899684428233960832993585856537841256920534149997479855, -1749903952791560707724368031021963929341754983813351433172214454949106377191778181744793724026292307773499042507695322143843964556649510481029434471188361734279719662751502449398257745696693412/3800820814404597900711763182479565133092737733339961299765250868740999084663001078575120955165637235013166267034569303228911861614197047725489217291490668621916218779410477230031173028404176769, -16798638404953364504420762137232217827883851425728155557396531401004729654331184006382041544484988639441768624963014141896023639421638207509099050680554735768366560018551094064871070556446728252172852946761867/35756865981121442824515724602507823734227803588648793860860979928490347134932731573740357537607250018680132528580756556541785053444292780871100111783249541859611284349167836061018664671751642626767142775206026, 5492275126247367/14039346803474444, 88569615935793131880410833609109/188976499059877244069655752374435, -550582121626057152827840233198702413186152456824/1253382878917567956217169495396851967518594018417, 5043685693807496098347930067527897551677226013035517086114565957/17087268713473785033728707175008732424275445401434674448496819687, -27628266761182792449531389176800875579134163226430030947869899554655495337814352/403084548485143365488069663708934067555001387027227161950939811518281051152691945, 159136291458781004317678943391659457932695155177905028919698220341277537191499315226415335521575/337455147705378130367218208704940552646927694718639384394208107451174039816077753937199459861663, -21867870178387371898890016307806074744451230038906538265650515278603446353313706569381431377929244461042843519648/62531173405323730175469606887979095970344829797715217899461783039929359218648639923519979518989999071830870881401, -10522259954310727611071909964604540524294034851553440573265994846805508852272241463719722301177255588109949439247424691526716859/32514159474178814417943364684716493136316990862006140616393846285386110165425660697550133359304652141126780530715612079083712264, 6938435985843624141118298534782791607715248324329322192960207486521325881670984853258682037979858239606128354899463505446555589391038749584036/17605463830488190927772250984278343867814650285085596679362881316133027569031261912169666632430659461428713639714951216886885442126383626299329, 3939437256895071774027697992010270686812938949372215469120320095040477022631806971155565689265667661542657812240671785275886268496987439053452784347946428875325/13834239478452121239249099702921666871730489381878047167681534366446909794857893395083581453277251971931605108239371072858256074036579961035597726003625408319856, 13149385562850162406100477211451687120168411446261314793293392227104731872652739235279164845262663990534444581765200207948021164439543565410528970610778898675856020170004954501/218866080522962411120649516384247630834059355910835453149801563449203632237076836532521730925048721110972316426065876614034899684428233960832993585856537841256920534149997479855, 1527625205313256631289842782438904023739303498288361365507255297024027267149186346367661999365312676821282339769094342859842678341703577068242625358411827761934518578764804525371168804235702469/3800820814404597900711763182479565133092737733339961299765250868740999084663001078575120955165637235013166267034569303228911861614197047725489217291490668621916218779410477230031173028404176769, -10203660371039195898783687383563984935484926067343003094154688099883003648777436406429182982408345794022081949098234095830595748529826498342315261660529678383117581826989060357430645006556766765808621924322053/35756865981121442824515724602507823734227803588648793860860979928490347134932731573740357537607250018680132528580756556541785053444292780871100111783249541859611284349167836061018664671751642626767142775206026, -92912600412291118300468047751549763235700230356155895211644371151089801301372706415128011991176939352549239083164812597460224916552044394559597208581720362166023735733370128199722351309068905638299278113844447571951153632879/316870382010027839406817336306033461573367064220952562021011291415633715392928644160258983330527839985928332864094750821673550459949843068174429934855210438873786948078844830724434272355050390048009727356066041338460713827009] }
(hist.len, cnt): (1774, 32610)
[(0, 1), (0, 1), (0, 1), (0, 1), (0, 1), (0, 1), (0, 1), (0, 1), (0, 1), (0, 1), (0, 1), (0, 1), (0, 1), (0, 1), (0, 1), (0, 1), (0, 1), (0, 1), (0, 1), (0, 1), (0, 1), (0, 1), (0, 1), (0, 1), (0, 1), (0, 1), (0, 1), (0, 1), (0, 1), (0, 1), (0, 1), (0, 1), (0, 1), (0, 1), (0, 1), (0, 1), (0, 1), (0, 1), (0, 1), (0, 1), (0, 1), (0, 1), (0, 1), (0, 1), (0, 1), (0, 1), (0, 1), (0, 1), (0, 1), (0, 1), (0, 1), (0, 1), (0, 1), (0, 1), (0, 1), (0, 1), (0, 1), (0, 1), (0, 1), (0, 1), (0, 1), (0, 1), (0, 1), (0, 1), (0, 1), (0, 1), (0, 1), (0, 1), (0, 1), (0, 1), (0, 1), (0, 1), (0, 1), (0, 1), (0, 1), (0, 1), (0, 1), (0, 1), (0, 1), (0, 1), (0, 1), (0, 1), (0, 1), (0, 1), (0, 1), (0, 1), (0, 1), (0, 1), (0, 2), (0, 2), (0, 2), (0, 1), (0, 2), (1, 2), (0, 2), (1, 2), (0, 2), (0, 1), (0, 2), (0, 1), (0, 2), (1, 2), (0, 2), (0, 2), (0, 2), (0, 1), (0, 2), (1, 2), (0, 2), (0, 1), (0, 2), (0, 2), (0, 1), (0, 2), (0, 2), (0, 2), (0, 2), (0, 1), (0, 2), (0, 2), (0, 2), (0, 2), (0, 2), (0, 2), (0, 1), (0, 2), (1, 2), (0, 2), (0, 2), (0, 2), (1, 2), (0, 2), (0, 2), (0, 2), (1, 2), (0, 2), (0, 2), (0, 2), (0, 2), (0, 2), (0, 2), (0, 2), (1, 2), (0, 2), (0, 2), (0, 2), (0, 1), (0, 2), (1, 3), (0, 3), (1, 3), (0, 2), (1, 2), (0, 3), (0, 2), (0, 3), (1, 3), (0, 3), (1, 3), (0, 3), (0, 3), (1, 2), (0, 3), (0, 2), (1, 2), (0, 3), (0, 3), (1, 2), (0, 3), (1, 3), (1, 3), (0, 3), (1, 2), (0, 3), (2, 3), (1, 3), (0, 2), (0, 3), (0, 2), (0, 2), (0, 3), (0, 3), (0, 3), (0, 3), (1, 3), (0, 3), (1, 3), (1, 3), (0, 3), (1, 2), (0, 3), (1, 2), (0, 3), (0, 3), (1, 2), (1, 3), (0, 2), (0, 3), (0, 3), (1, 2), (0, 3), (1, 2), (0, 3), (0, 2), (0, 3), (0, 3), (1, 2), (0, 3), (0, 2), (1, 2), (0, 4), (1, 2), (0, 4), (0, 4), (0, 3), (1, 4), (0, 4), (0, 3), (0, 2), (0, 4), (1, 2), (0, 4), (2, 3), (1, 4), (0, 4), (1, 2), (0, 4), (2, 3), (0, 3), (0, 4), (1, 2), (0, 4), (1, 4), (0, 3), (1, 4), (0, 4), (1, 4), (1, 4), (0, 4), (1, 3), (1, 4), (1, 4), (0, 4), (0, 4), (1, 3), (0, 3), (1, 3), (0, 4), (1, 3), (0, 4), (0, 3), (0, 2), (1, 2), (0, 4), (2, 3), (0, 4), (1, 2), (0, 3), (1, 4), (0, 4), (1, 2), (1, 3), (0, 4), (1, 3), (0, 4), (0, 4), (1, 5), (1, 4), (1, 5), (2, 4), (1, 5), (0, 5), (0, 5), (2, 4), (2, 4), (0, 5), (2, 4), (3, 4), (0, 5), (0, 4), (1, 5), (0, 5), (1, 2), (0, 4), (0, 1), (2, 4), (0, 4), (2, 5), (0, 5), (1, 5), (3, 4), (0, 5), (0, 5), (3, 5), (0, 4), (2, 4), (1, 5), (0, 4), (2, 3), (0, 5), (0, 4), (0, 5), (3, 4), (1, 5), (1, 3), (0, 5), (1, 2), (2, 3), (1, 4), (2, 4), (0, 5), (0, 4), (2, 3), (4, 6), (0, 6), (1, 3), (0, 4), (2, 4), (3, 4), (2, 6), (2, 5), (0, 6), (3, 4), (2, 5), (3, 5), (0, 6), (2, 3), (1, 4), (0, 5), (0, 4), (3, 5), (2, 6), (1, 5), (0, 6), (2, 3), (0, 4), (0, 5), (2, 3), (4, 5), (0, 6), (1, 2), (3, 4), (0, 6), (0, 4), (0, 5), (0, 4), (1, 6), (2, 3), (4, 5), (0, 6), (1, 3), (3, 5), (4, 6), (0, 6), (3, 4), (0, 6), (0, 4), (4, 5), (0, 6), (1, 2), (2, 5), (0, 5), (1, 2), (1, 3), (2, 3), (4, 5), (0, 6), (0, 6), (0, 3), (0, 5), (0, 3), (1, 2), (0, 4), (1, 6), (1, 4), (2, 3), (0, 5), (3, 4), (0, 6), (1, 2), (1, 3), (0, 4), (2, 3), (3, 4), (0, 6), (3, 5), (0, 6), (1, 5), (4, 5), (0, 6), (2, 3), (4, 6), (1, 7), (0, 6), (3, 6), (3, 6), (0, 7), (2, 3), (1, 4), (0, 6), (2, 3), (2, 4), (0, 5), (1, 2), (4, 6), (0, 7), (0, 2), (3, 7), (1, 7), (2, 3), (3, 5), (1, 6), (2, 5), (0, 7), (1, 4), (4, 5), (1, 6), (2, 5), (3, 4), (3, 6), (4, 5), (0, 7), (1, 3), (2, 3), (4, 5), (4, 6), (5, 6), (0, 7), (1, 2), (3, 6), (0, 7), (1, 5), (0, 7), (2, 3), (3, 5), (4, 5), (0, 6), (2, 5), (4, 5), (4, 6), (0, 7), (1, 2), (4, 6), (2, 7), (0, 5), (0, 7), (0, 6), (1, 3), (4, 5), (4, 6), (3, 7), (3, 5), (4, 5), (4, 6), (1, 7), (2, 3), (2, 5), (1, 7), (3, 4), (4, 6), (0, 7), (2, 4), (0, 7), (1, 7), (2, 3), (2, 4), (2, 6), (0, 7), (1, 2), (3, 5), (1, 7), (2, 4), (2, 4), (2, 5), (2, 4), (1, 6), (2, 3), (0, 7), (1, 4), (2, 5), (1, 7), (4, 5), (3, 6), (1, 4), (2, 3), (3, 4), (1, 5), (0, 7), (4, 5), (2, 6), (4, 5), (4, 6), (4, 7), (6, 7), (0, 8), (4, 7), (4, 6), (0, 8), (0, 5), (2, 6), (5, 6), (3, 7), (6, 7), (0, 8), (1, 2), (1, 3), (6, 7), (1, 8), (3, 5), (0, 6), (4, 5), (6, 7), (0, 8), (2, 3), (2, 7), (4, 5), (6, 7), (1, 8), (2, 5), (4, 5), (1, 7), (4, 5), (3, 6), (3, 7), (6, 7), (1, 8), (4, 6), (5, 7), (6, 7), (0, 8), (2, 3), (0, 4), (2, 3), (0, 5), (2, 5), (0, 7), (3, 4), (0, 5), (4, 5), (0, 6), (3, 5), (0, 7), (1, 5), (1, 6), (3, 4), (0, 7), (1, 2), (1, 6), (4, 5), (4, 6), (5, 6), (0, 8), (2, 3), (2, 4), (4, 5), (6, 7), (0, 8), (2, 5), (1, 6), (3, 4), (3, 5), (4, 5), (0, 8), (2, 3), (1, 6), (2, 3), (5, 6), (3, 7), (0, 8), (1, 3), (3, 4), (3, 8), (5, 6), (4, 8), (2, 6), (6, 7), (1, 8), (4, 5), (3, 6), (2, 4), (3, 4), (3, 5), (4, 6), (0, 7), (4, 6), (5, 6), (1, 7), (3, 6), (0, 8), (2, 4), (5, 6), (2, 7), (1, 8), (2, 3), (0, 4), (0, 5), (1, 3), (4, 8), (5, 6), (7, 8), (0, 9), (1, 2), (1, 4), (4, 7), (5, 6), (0, 8), (1, 2), (3, 6), (1, 8), (6, 7), (3, 9), (5, 6), (6, 7), (1, 9), (2, 3), (3, 4), (4, 5), (3, 7), (0, 9), (1, 2), (4, 5), (1, 7), (3, 4), (2, 6), (3, 5), (4, 8), (4, 6), (5, 6), (7, 8), (1, 9), (3, 5), (3, 6), (3, 5), (5, 6), (6, 7), (1, 8), (3, 5), (3, 6), (5, 7), (0, 9), (2, 3), (0, 9), (3, 5), (4, 5), (1, 6), (1, 8), (5, 6), (2, 9), (4, 5), (3, 6), (4, 5), (4, 7), (7, 8), (1, 9), (4, 5), (4, 6), (5, 6), (2, 7), (1, 8), (5, 6), (0, 9), (1, 2), (1, 8), (1, 5), (2, 3), (4, 5), (6, 7), (7, 8), (1, 9), (3, 4), (5, 8), (7, 8), (1, 9), (3, 4), (1, 5), (0, 9), (0, 4), (1, 2), (1, 3), (6, 7), (0, 9), (0, 2), (0, 7), (1, 2), (3, 5), (4, 5), (3, 6), (4, 5), (3, 7), (1, 9), (2, 3), (5, 7), (6, 7), (0, 8), (1, 4), (2, 5), (0, 9), (1, 3), (2, 3), (2, 4), (4, 5), (1, 6), (7, 8), (2, 9), (4, 5), (5, 6), (7, 8), (4, 9), (1, 5), (4, 5), (3, 7), (2, 6), (5, 6), (0, 8), (4, 5), (3, 7), (3, 5), (3, 10), (2, 7), (3, 4), (5, 9), (1, 10), (1, 5), (1, 3), (4, 5), (4, 7), (1, 8), (5, 6), (6, 7), (4, 8), (0, 9), (1, 4), (3, 4), (1, 9), (3, 5), (4, 5), (4, 6), (4, 7), (5, 6), (1, 9), (4, 7), (6, 7), (3, 8), (4, 9), (5, 8), (6, 7), (7, 8), (5, 9), (7, 8), (6, 9), (0, 10), (5, 6), (7, 8), (6, 9), (2, 10), (4, 5), (3, 9), (2, 10), (3, 4), (5, 6), (7, 8), (3, 10), (4, 5), (5, 6), (6, 7), (7, 8), (1, 9), (2, 3), (6, 7), (2, 9), (3, 6), (4, 6), (5, 7), (7, 8), (0, 10), (1, 3), (2, 3), (3, 4), (3, 5), (2, 6), (3, 5), (6, 7), (2, 8), (6, 7), (8, 9), (2, 10), (0, 5), (2, 3), (3, 4), (5, 7), (4, 8), (5, 7), (7, 8), (1, 10), (3, 7), (4, 5), (3, 8), (0, 9), (6, 7), (3, 9), (2, 10), (4, 5), (3, 7), (5, 6), (1, 7), (2, 10), (2, 4), (2, 6), (3, 6), (1, 7), (3, 4), (7, 9), (5, 10), (0, 5), (0, 1), (2, 3), (6, 7), (2, 8), (3, 6), (7, 8), (0, 10), (0, 2), (0, 4), (4, 5), (1, 6), (5, 7), (6, 7), (3, 8), (5, 6), (1, 7), (3, 5), (4, 5), (3, 8), (4, 6), (5, 6), (6, 7), (8, 9), (7, 9), (8, 9), (0, 10), (1, 3), (2, 3), (2, 4), (1, 6), (4, 6), (4, 7), (7, 8), (2, 9), (1, 2), (0, 3), (4, 7), (3, 8), (0, 9), (1, 7), (6, 7), (7, 8), (4, 10), (4, 6), (3, 8), (1, 10), (2, 3), (4, 5), (2, 6), (6, 7), (1, 8), (2, 5), (4, 5), (5, 6), (5, 8), (6, 10), (1, 11), (3, 4), (3, 7), (5, 8), (0, 10), (4, 11), (0, 7), (4, 5), (5, 6), (6, 7), (7, 10), (0, 11), (2, 3), (3, 4), (5, 8), (6, 7), (3, 10), (3, 7), (7, 8), (0, 9), (2, 5), (2, 6), (3, 5), (4, 5), (2, 7), (7, 8), (0, 10), (3, 9), (5, 7), (6, 7), (6, 8), (5, 9), (6, 7), (4, 10), (2, 7), (2, 9), (3, 5), (6, 7), (5, 10), (7, 8), (0, 9), (3, 4), (3, 5), (4, 5), (7, 9), (3, 10), (4, 6), (5, 6), (5, 7), (6, 7), (5, 9), (6, 8), (7, 8), (9, 10), (0, 11), (2, 3), (2, 4), (3, 4), (0, 5), (3, 6), (7, 8), (0, 9), (2, 4), (4, 5), (3, 10), (2, 5), (5, 6), (5, 9), (8, 10), (5, 11), (4, 6), (1, 4), (2, 4), (3, 5), (4, 5), (2, 6), (3, 5), (4, 5), (6, 7), (4, 9), (6, 8), (7, 8), (8, 9), (2, 10), (3, 4), (4, 5), (3, 9), (7, 9), (8, 9), (4, 10), (5, 8), (6, 8), (7, 10), (9, 10), (0, 11), (0, 8), (4, 5), (0, 5), (2, 3), (4, 5), (8, 9), (2, 10), (3, 4), (0, 5), (2, 3), (3, 4), (4, 6), (1, 7), (3, 4), (2, 5), (0, 11), (2, 4), (3, 4), (3, 8), (4, 7), (5, 7), (1, 9), (2, 4), (3, 4), (5, 6), (2, 8), (3, 8), (1, 10), (5, 6), (2, 7), (8, 9), (2, 11), (2, 3), (4, 5), (1, 6), (2, 3), (3, 4), (2, 5), (3, 4), (2, 6), (1, 7), (2, 3), (4, 5), (2, 6), (3, 5), (5, 9), (3, 6), (5, 6), (4, 6), (5, 6), (7, 8), (0, 9), (5, 6), (0, 10), (0, 2), (3, 5), (4, 5), (0, 9), (1, 2), (3, 4), (5, 6), (6, 7), (7, 8), (5, 9), (7, 8), (0, 11), (4, 9), (1, 8), (3, 8), (4, 8), (0, 10), (3, 4), (4, 6), (7, 9), (7, 9), (8, 9), (1, 11), (3, 4), (7, 8), (1, 9), (6, 7), (2, 10), (0, 5), (6, 8), (7, 8), (8, 9), (4, 10), (5, 7), (8, 10), (9, 10), (1, 11), (3, 5), (4, 5), (0, 12), (3, 4), (2, 6), (3, 6), (4, 5), (7, 8), (2, 9), (0, 10), (7, 9), (8, 9), (7, 10), (0, 11), (4, 5), (6, 7), (8, 10), (9, 10), (1, 11), (2, 3), (0, 12), (2, 3), (5, 6), (1, 8), (5, 6), (4, 11), (10, 11), (0, 12), (4, 5), (2, 8), (4, 8), (5, 9), (8, 9), (1, 10), (0, 3), (4, 5), (4, 6), (3, 7), (3, 8), (5, 9), (7, 8), (4, 12), (3, 7), (4, 5), (5, 6), (8, 9), (8, 10), (0, 12), (2, 3), (6, 7), (7, 9), (7, 9), (1, 10), (2, 3), (3, 4), (5, 7), (4, 6), (5, 6), (8, 9), (9, 10), (3, 11), (6, 7), (1, 9), (3, 4), (3, 6), (4, 5), (4, 6), (5, 6), (9, 10), (0, 11), (1, 2), (2, 4), (1, 5), (0, 6), (5, 7), (2, 8), (3, 4), (1, 5), (4, 5), (0, 6), (1, 2), (7, 8), (1, 11), (4, 10), (5, 8), (9, 10), (9, 11), (10, 11), (4, 12), (4, 7), (6, 8), (1, 10), (8, 9), (5, 11), (4, 11), (8, 9), (10, 11), (0, 12), (1, 3), (3, 4), (4, 7), (5, 6), (6, 7), (2, 8), (7, 8), (1, 9), (2, 3), (2, 4), (3, 4), (5, 6), (8, 9), (9, 10), (7, 11), (0, 12), (2, 3), (3, 6), (5, 6), (3, 8), (0, 10), (1, 2), (1, 3), (3, 4), (3, 6), (8, 9), (0, 10), (2, 3), (1, 7), (2, 12), (3, 6), (4, 5), (4, 7), (0, 10), (1, 2), (6, 7), (8, 9), (9, 10), (0, 12), (1, 3), (2, 3), (3, 6), (9, 11), (0, 12), (1, 2), (5, 8), (7, 8), (9, 10), (2, 12), (3, 5), (4, 5), (6, 7), (1, 8), (3, 5), (3, 6), (9, 10), (7, 11), (0, 12), (1, 2), (5, 7), (6, 7), (6, 9), (7, 8), (0, 10), (4, 6), (5, 6), (2, 7), (3, 4), (6, 8), (10, 11), (1, 13), (2, 4), (4, 5), (5, 7), (9, 10), (2, 13), (4, 5), (3, 7), (4, 7), (5, 6), (5, 8), (2, 9), (3, 13), (4, 5), (7, 8), (8, 10), (9, 10), (4, 11), (5, 7), (11, 12), (0, 13), (1, 2), (3, 4), (5, 7), (3, 8), (9, 10), (10, 11), (6, 11), (8, 11), (9, 10), (10, 11), (11, 12), (1, 13), (4, 5), (0, 6), (4, 5), (6, 7), (4, 8), (5, 7), (6, 7), (7, 9), (5, 12), (4, 10), (5, 6), (10, 12), (3, 13), (2, 4), (3, 4), (0, 9), (1, 3), (2, 3), (4, 5), (3, 6), (4, 5), (5, 6), (11, 12), (0, 13), (3, 4), (3, 5), (4, 5), (4, 6), (1, 7), (2, 4), (3, 4), (5, 6), (6, 7), (3, 8), (6, 7), (2, 9), (4, 5), (6, 7), (10, 11), (9, 12), (5, 13), (7, 8), (7, 11), (0, 12), (3, 4), (2, 6), (3, 4), (6, 7), (6, 8), (8, 11), (9, 10), (10, 11), (0, 13), (4, 7), (5, 6), (0, 11), (5, 7), (6, 7), (5, 10), (8, 9), (6, 10), (8, 9), (7, 9), (8, 9), (7, 12), (5, 8), (4, 5), (7, 8), (6, 8), (7, 8), (6, 9), (8, 10), (9, 11), (6, 12), (8, 9), (8, 10), (7, 11), (0, 13), (2, 4), (6, 7), (5, 8), (6, 7), (7, 9), (0, 10), (1, 3), (2, 3), (4, 5), (5, 6), (8, 9), (9, 10), (3, 13), (4, 5), (4, 7), (5, 6), (7, 8), (6, 9), (8, 9), (5, 11), (6, 9), (1, 11), (2, 3), (6, 7), (2, 13), (3, 4), (6, 8), (5, 8), (6, 7), (7, 8), (6, 9), (2, 10), (5, 6), (5, 7), (3, 11), (6, 7), (6, 8), (10, 11), (2, 12), (3, 5), (4, 5), (5, 6), (5, 8), (7, 8), (8, 9), (8, 10), (0, 11), (2, 4), (2, 5), (4, 9), (5, 6), (8, 10), (7, 11), (2, 12), (3, 4), (3, 5), (0, 13), (2, 6), (5, 6), (9, 11), (1, 12), (3, 4), (5, 6), (3, 7), (4, 6), (5, 6), (5, 8), (8, 9), (9, 10), (10, 11), (11, 12), (1, 13), (3, 4), (3, 6), (1, 10), (4, 6), (9, 10), (2, 11), (3, 5), (3, 5), (8, 9), (7, 10), (7, 11), (9, 10), (8, 11), (9, 10), (10, 11), (0, 12), (1, 2), (5, 7), (5, 8), (5, 9), (6, 7), (1, 11), (2, 3), (4, 6), (5, 6), (6, 7), (5, 7), (6, 7), (0, 12), (2, 4), (5, 6), (2, 8), (7, 10), (8, 10), (9, 10), (2, 11), (3, 5), (4, 6), (5, 7), (6, 7), (7, 8), (6, 9), (7, 8), (0, 12), (1, 2), (1, 3), (2, 3), (2, 4), (3, 5), (4, 6), (4, 7), (5, 6), (2, 10), (3, 6), (4, 6), (4, 8), (10, 11), (2, 12), (3, 6), (7, 8), (8, 9), (6, 13), (4, 8), (5, 7), (6, 10), (9, 10), (10, 11), (11, 12), (4, 14), (2, 6), (4, 5), (1, 10), (4, 5), (2, 6), (3, 5), (4, 6), (5, 6), (3, 7), (4, 8), (0, 14), (2, 4), (3, 4), (7, 8), (8, 9), (6, 11), (5, 12), (1, 6), (2, 6), (3, 4), (1, 12), (3, 5), (6, 7), (4, 10), (5, 6), (7, 9), (5, 11), (6, 7), (2, 12), (3, 5), (4, 5), (8, 9), (10, 11), (10, 12), (0, 13), (2, 6), (3, 5), (4, 5), (6, 7), (8, 9), (3, 10), (4, 6), (5, 6), (3, 10), (4, 8), (7, 8), (5, 9), (7, 8), (5, 12), (6, 7), (1, 14), (2, 4), (3, 5), (9, 10), (2, 11), (3, 4), (5, 8), (7, 8), (5, 9), (8, 9), (10, 12), (0, 13), (7, 11), (9, 10), (9, 12), (3, 13), (4, 5), (8, 12), (10, 12), (11, 13), (4, 14), (2, 8), (3, 5), (4, 6), (6, 7), (8, 10), (0, 11), (6, 7), (8, 13), (11, 13), (4, 14), (1, 8), (2, 5), (3, 5), (3, 6), (4, 8), (6, 7), (5, 9), (6, 7), (7, 8), (3, 11), (4, 5), (5, 6), (9, 10), (0, 12), (3, 4), (4, 6), (5, 6), (7, 8), (0, 9), (1, 9), (7, 8), (7, 9), (8, 9), (10, 11), (7, 13), (4, 9), (6, 7), (7, 8), (4, 10), (8, 9), (8, 12), (9, 10), (10, 11), (11, 12), (4, 13), (7, 8), (3, 12), (4, 5), (4, 7), (5, 6), (5, 7), (6, 8), (7, 9), (7, 10), (8, 9), (11, 12), (1, 14), (5, 8), (4, 7), (3, 4), (4, 7), (1, 9), (3, 4), (3, 5), (6, 8), (6, 8), (7, 11), (10, 11), (11, 12), (0, 13), (2, 3), (5, 6), (5, 7), (5, 8), (6, 8), (7, 8), (5, 9), (6, 9), (4, 11), (6, 7), (5, 10), (6, 8), (7, 8), (9, 10), (9, 11), (8, 11), (9, 10), (4, 14), (5, 6), (4, 7), (0, 9), (5, 7), (8, 9), (8, 10), (8, 10), (0, 12), (1, 2), (3, 6), (6, 7), (4, 8), (5, 9), (6, 7), (6, 8), (6, 10), (7, 8), (7, 11), (8, 9), (1, 14), (2, 3), (2, 4), (5, 6), (2, 6), (3, 4), (5, 6), (7, 8), (4, 9), (1, 6), (4, 5), (3, 6), (4, 5), (2, 7), (4, 5), (5, 6), (6, 7), (8, 10), (9, 10), (8, 13), (1, 14), (1, 3), (3, 4), (0, 7), (6, 9), (7, 12), (8, 9), (4, 13), (5, 7), (2, 9), (3, 5), (4, 6), (6, 7), (3, 10), (6, 9), (8, 9), (7, 10), (8, 10), (8, 11), (9, 10), (1, 13), (7, 9), (4, 10), (5, 8), (4, 11), (0, 14), (2, 3), (4, 6), (5, 7), (6, 7), (0, 8), (6, 8), (7, 8), (1, 10), (2, 4), (3, 4), (1, 6), (6, 10), (8, 12), (10, 11), (11, 12), (8, 13), (0, 14), (2, 3), (8, 9), (8, 10), (9, 10), (1, 12), (6, 7), (6, 8), (7, 8), (8, 9), (9, 10), (6, 11), (11, 12), (0, 13), (2, 7), (4, 7), (3, 10), (4, 6), (5, 9), (7, 10), (8, 12), (3, 13), (2, 3), (4, 6), (5, 6), (7, 8), (4, 9), (5, 9), (6, 7), (8, 9), (5, 10), (7, 8), (10, 11), (7, 12), (6, 8), (7, 8), (4, 9), (5, 6), (2, 10), (3, 4), (3, 5), (7, 8), (6, 9), (7, 9), (7, 9), (9, 10), (6, 12), (3, 7), (4, 5), (4, 7), (5, 6), (6, 7), (8, 9), (5, 10), (7, 10), (8, 10), (9, 10), (12, 13)]
