results/deeplll/svpchallengedim40seed1dim15delta0.98999995.txt: 119.847 sec
b: [[-12003801, 20597107, 33891312, 21579372, 4925482, 298076, -6742438, 20387810, -15406432, -43422435, 6647930, -73956810, 12498150, -25154287, -22362880],
 [17041308, 11932974, -20128724, 23607371, 15416690, -11935642, 43605322, 25931572, 66618491, -6254573, -21315734, -72931431, -17893224, -1665546, 12918498],
 [25609557, 1709213, -34292386, 35264628, 21881547, 9501446, -7872922, -34281145, -87288527, 20404849, -20530328, 17371542, -48639287, -7086679, -6883199],
 [-34904964, 20180158, -11702545, -49810165, 22016623, -843785, 15065120, 75350350, 45646080, -436008, 6399803, 8548046, -34746120, -50089663, 14512186],
 [3266028, -24993557, -25093485, -18069120, 19284770, -7149896, -28327959, 42872353, -21709668, 48709411, -38941537, -65134235, -52695480, -8574243, 46415559],
 [-3751914, 16460969, -40786782, 2358329, -13051230, 42849884, 44967308, 4267712, 54805218, 32425411, 36608492, -24011956, -22090486, -37300220, -65885205],
 [60544430, -37042301, -73843702, 19806612, -14806801, 709196, -36379808, -32068209, 36035388, 57247317, -29186057, -34503231, 31783486, -28911394, 29379520],
 [1453106, 27153767, -22841672, 35454681, -57724514, 12855622, -55868646, -76370437, -52024801, -15963731, -12648560, -16465159, -8977616, -13461570, 40423582],
 [69305611, -998221, -665626, -700330, -47121507, -27691297, 36292799, -56962182, -6168898, -29443331, 15383840, 18502872, -28862507, 1911803, 53536799],
 [-3473320, -1456382, -74186794, 11210085, 875995, 64460040, -74833108, 34911893, 22234850, 20274257, 15826201, 23079972, -58889202, 3290395, 15221351],
 [-38828256, -6799422, 1734518, 5906056, -10860039, 7150985, 36900795, 51520160, -88336076, -1368748, -51120357, -10604042, 55220520, 20331410, -39026109],
 [-18878134, -77111663, -85721007, 10550254, -39012358, -34857070, -7397279, -14511932, 44441067, 1180532, -30517896, -5904228, 35432003, 13439965, 10307919],
 [-32154749, -16881500, 69537800, -5149005, 46041152, 72287181, 48136230, -19172799, 789881, 16651209, -27764799, -20608308, 17337971, -6567833, -29309391],
 [-58034679, -59989354, 13393404, 8925170, 61801249, 8422004, -21169396, 35048369, 31383251, -11394858, 45872875, -24526384, 12466170, -1846860, 64458140],
 [-22703249, 15459450, 52923390, 53634061, -87201671, 57098341, -858290, 50433236, 47426458, -28295006, -8997243, 36492600, -3006497, -16608228, -24325336]], shape=[15, 15], strides=[15, 1], layout=Cc (0x5), const ndim=2
v_norms: [11593805905982940, 157287472937558356349475447626879/11593805905982940, 2255327819493200218773295331357551840336380229567/157287472937558356349475447626879, 30055699652392605928324080296757442938883790797758887723510363460/2255327819493200218773295331357551840336380229567, 88179166551506624542874855698541539447862008674802481057593424896159990560097712/7513924913098151482081020074189360734720947699439721930877590865, 1038783546317477757779901322746013367119924800136408998324605037930576930894435111152921295001411/88179166551506624542874855698541539447862008674802481057593424896159990560097712, 44611871541869486549303575274381859987944804251920587457678068983171750285770604842032802177355859402722756303987/4155134185269911031119605290984053468479699200545635993298420151722307723577740444611685180005644, 445929171383332988833909681802427243013990035080373487157555242688272546280768405577417836681100589277006433269134036743057018765/44611871541869486549303575274381859987944804251920587457678068983171750285770604842032802177355859402722756303987, 451262463986585821852798352454128702099597150052206461140656843734746677285150273343823062619891064875320781717950382632955804899911284834603332/49547685709259220981545520200269693668221115008930387461950582520919171808974267286379759631233398808556270363237115193673002085, 12962344209622209883353586800547436464351094182561236218557160749293494639292251683342939905888835586056830018317335744587763568320209807655731136322337522401533/1353787391959757465558395057362386106298791450156619383421970531204240031855450820031469187859673194625962345153851147898867414699733854503809996, 388848542425561179229046840002724973215913695235600875384747891098350054388331104060281092987832624317854234683236808905095657431593032813886192601709122225565870969998955535800/38887032628866629650060760401642309393053282547683708655671482247880483917876755050028819717666506758170490054952007233763290704960629422967193408967012567204599, 3212462677314641100262705894601855639712047599388609233003968765651659244990394640511035278242968458241539004581715807351475381758459729863916048713233833497551382028496192628711390491114755641/388848542425561179229046840002724973215913695235600875384747891098350054388331104060281092987832624317854234683236808905095657431593032813886192601709122225565870969998955535800, 27973970557610017903431298837852172700498449990130893278912789184958362533662045872900188176290474456770528639806387792810361743444309000317509003599337479793827763358247290527607397789837054913140682072920947/3212462677314641100262705894601855639712047599388609233003968765651659244990394640511035278242968458241539004581715807351475381758459729863916048713233833497551382028496192628711390491114755641, 199126753690871873861971808217321571218622706144173580637673554424515830813193832847613984990793427163428298862439234108419423909449058702863414684788420802861075051124499038416811992232866045409443321403288511055052754674167/27973970557610017903431298837852172700498449990130893278912789184958362533662045872900188176290474456770528639806387792810361743444309000317509003599337479793827763358247290527607397789837054913140682072920947, 1984083717671826650609068492491545474568058220941746014967236068107902685534469572773757007874341231374906887799917497788436679281525975919995230620271736429153086793429180102932127637234353921652915495645689402607670627759947945034459581929/199126753690871873861971808217321571218622706144173580637673554424515830813193832847613984990793427163428298862439234108419423909449058702863414684788420802861075051124499038416811992232866045409443321403288511055052754674167], shape=[15], strides=[1], layout=CFcf (0xf), const ndim=1
Mu { arr: [4202200951333201/11593805905982940, -407803692647169/1932300984330490, -47774134320305877823781224126986/157287472937558356349475447626879, 133224176585267/11593805905982940, 55582068861059466212725400661313/157287472937558356349475447626879, -784769534685868222781528835765242552783183634278/2255327819493200218773295331357551840336380229567, 660281660931581/11593805905982940, 60775183572862323123099203028739/157287472937558356349475447626879, 938126588366121495345015715183951905763493200147/2255327819493200218773295331357551840336380229567, 2898567262305309124791141015260250082875771694709073318520763287/7513924913098151482081020074189360734720947699439721930877590865, 34369828538197/579690295299147, 71234866151712072101650539713860/157287472937558356349475447626879, -71127880206800584582166999963928561358509316003/2255327819493200218773295331357551840336380229567, 7574114201260238885220287658129977555393224820449951104099339929/30055699652392605928324080296757442938883790797758887723510363460, -42517966145636651489662810376854516931175114013643929496704783315964278585709219/88179166551506624542874855698541539447862008674802481057593424896159990560097712, -2131003717349801/5796902952991470, 75056440340180738540921399035642/157287472937558356349475447626879, 524164110314311952836007994148582900606337427450/2255327819493200218773295331357551840336380229567, -1023360565234325461434532328969834175652869585655110942014684403/2504641637699383827360340024729786911573649233146573976959196955, 43325942524345597985829141999248047644167041996646872204092377978475305244714111/88179166551506624542874855698541539447862008674802481057593424896159990560097712, 377637765215143347622978158938458340374659369987582818999376655435040165522794817991967001514621/1038783546317477757779901322746013367119924800136408998324605037930576930894435111152921295001411, 102272700285737/1159380590598294, -62320510958882042717934539149730/157287472937558356349475447626879, 1110486271714627049427577830943554046172887130398/2255327819493200218773295331357551840336380229567, -12520534418180754164764127267809571491105610253851350287683231971/30055699652392605928324080296757442938883790797758887723510363460, 14780976953245010669042403887347535575745623073233033504060641373769532550230661/88179166551506624542874855698541539447862008674802481057593424896159990560097712, -46963507878946133186267914749833026941801579360368217766671428865579913180424128846917766028085/1038783546317477757779901322746013367119924800136408998324605037930576930894435111152921295001411, 18762755611903413638922073777131897923239353502916228472122787454317686410514156680083719748469468835776996993724/44611871541869486549303575274381859987944804251920587457678068983171750285770604842032802177355859402722756303987, -1008801260539072/2898451476495735, 18999755707002955967220766503028/157287472937558356349475447626879, 433379089599567311054166636581967300421372649409/2255327819493200218773295331357551840336380229567, -950644267489582004009774863160329403704745656061442352336698967/2504641637699383827360340024729786911573649233146573976959196955, -19638321192667985497030857400776563393868200473955383591262642913749922430351341/88179166551506624542874855698541539447862008674802481057593424896159990560097712, -31826044798051872598441426211844968841590214589063916496020152657740083917153840386657139465973/94434867847043432525445574795092124283629527285128090756782276175506993717675919195720117727401, 3377241974469730332638054871593409098800183647502676881872280114555148945174898869801765860551350692255421285211/44611871541869486549303575274381859987944804251920587457678068983171750285770604842032802177355859402722756303987, 24279623909721442838304121518450799248486850450042336444446403175846638669244759783000498777536862103405620523622042664542763178/49547685709259220981545520200269693668221115008930387461950582520919171808974267286379759631233398808556270363237115193673002085, -1251153971330582/2898451476495735, 11133998009609789646725981788808/157287472937558356349475447626879, 533594815829537101971493610449608061359877763055/2255327819493200218773295331357551840336380229567, 2321225861890415614126482853145813669947876175122342015805891393/5009283275398767654720680049459573823147298466293147953918393910, 11812259121489808822999355654686640490797973718844774917476837839841201088236231/44089583275753312271437427849270769723931004337401240528796712448079995280048856, 403950347292721112657064206440326256523318336284409354182306001524160483927263984229844936808498/1038783546317477757779901322746013367119924800136408998324605037930576930894435111152921295001411, 10761817856877095769923662850034664504824181552607936986591448945050864522995664843984604973397740786765488393208/44611871541869486549303575274381859987944804251920587457678068983171750285770604842032802177355859402722756303987, 32959629213441745736528645655450369250550888407167376335681518549030974680418854602562740843356310029371266519958275094352838365/89185834276666597766781936360485448602798007016074697431511048537654509256153681115483567336220117855401286653826807348611403753, -69355272417813789089973086143217205385008211046734692100457424582382434025638334114309383842957467002999306835075660184617276223156305374692635/150420821328861940617599450818042900699865716684068820380218947911582225761716757781274354206630354958440260572650127544318601633303761611534444, 2089368961475137/5796902952991470, -57968141154280688218825962129314/157287472937558356349475447626879, 356479770621866942580298707274759547292327977934/2255327819493200218773295331357551840336380229567, -262311691200382914893278938909698927665721096255028555852566557/10018566550797535309441360098919147646294596932586295907836787820, 88453839190461959917869201028641433386046716495401954004749795405645116272138/787313987067023433418525497308406602213053648882165009442798436572857058572301, -69954506076659064071272693071033532107151671986990201086641786485510855310899719966143565521892/1038783546317477757779901322746013367119924800136408998324605037930576930894435111152921295001411, -14245574140556659007697369494636045369021096131857176625237758972739516012906115218819133580323037876791765439269/44611871541869486549303575274381859987944804251920587457678068983171750285770604842032802177355859402722756303987, -208913706413756634825317629722648156812102206437224328056121742524065450956238506263196119256847141000352834537060772407577275151/445929171383332988833909681802427243013990035080373487157555242688272546280768405577417836681100589277006433269134036743057018765, -195313810576407966455881800435085550689689721948471948909026020574862468433287641119551316427643672922655897923251953944571402885564443944981711/451262463986585821852798352454128702099597150052206461140656843734746677285150273343823062619891064875320781717950382632955804899911284834603332, -6464451638885855121913154095703569367839217688208233763405290611751868901370241360955504042256105470944178486683509670234348519825197894227537260241170281838073/12962344209622209883353586800547436464351094182561236218557160749293494639292251683342939905888835586056830018317335744587763568320209807655731136322337522401533, -2557824355401043/5796902952991470, 60446076348795703308637458373946/157287472937558356349475447626879, -416735931185866173147621527009809111408778509217/2255327819493200218773295331357551840336380229567, -3858101321808510561823383108049503364348951397980402341362833143/10018566550797535309441360098919147646294596932586295907836787820, 1841295106758612116499830318082727220402219483218593762214496197810392165477201/6298511896536187467348203978467252817704429191057320075542387492582856468578408, 113301098477422551045092634480852568580864033939932128484530137191818322428634564694717306010238/1038783546317477757779901322746013367119924800136408998324605037930576930894435111152921295001411, 22193878631318051784289441361849428831874158949207003376649383087016103296066649021002538542937052433592124809195/44611871541869486549303575274381859987944804251920587457678068983171750285770604842032802177355859402722756303987, 23488105159846623148016186419976136652089667049469976321312503735379381596023734331532001830427241472287844965289047998000838969/445929171383332988833909681802427243013990035080373487157555242688272546280768405577417836681100589277006433269134036743057018765, -20372581927258176426807441985698738314088049085923963814628811827469835395754232488319694281861561303286043685937738872668795560362220427818991/75210410664430970308799725409021450349932858342034410190109473955791112880858378890637177103315177479220130286325063772159300816651880805767222, -924575092297880598408810323227080285544035275683320662411536573652877971511296543467706044112940719939847982013519388297835761790592218406209602162263008227542/12962344209622209883353586800547436464351094182561236218557160749293494639292251683342939905888835586056830018317335744587763568320209807655731136322337522401533, 161082963400353407157123403205671588590395296990294421737032514568865088424072732952382508316950251745939470546919865863723385108731351391141859936574671847897606321048215529871/388848542425561179229046840002724973215913695235600875384747891098350054388331104060281092987832624317854234683236808905095657431593032813886192601709122225565870969998955535800, 1152814746740661/3864601968660980, -8231559312621625467858674191803/157287472937558356349475447626879, -164189814982560323244548811118465218266561148915/2255327819493200218773295331357551840336380229567, -162011768960076382825321433311380592882655076821948056130138681/3005569965239260592832408029675744293888379079775888772351036346, -10227429936368239386123341559171563416789424717021440969446475685570106322027405/88179166551506624542874855698541539447862008674802481057593424896159990560097712, 267772927399919301180887128326187531348824732934036320924336879161542351072670307322092824971377/1038783546317477757779901322746013367119924800136408998324605037930576930894435111152921295001411, -20020011810588286014397164083358562665475493968684675661736166404924736676593862533937134485152057658335284932591/44611871541869486549303575274381859987944804251920587457678068983171750285770604842032802177355859402722756303987, -36383251354785757949488949691241029710228829382052187293723738810913755059484088626499323140051487878403259053696059271506363460/89185834276666597766781936360485448602798007016074697431511048537654509256153681115483567336220117855401286653826807348611403753, -66183713402774410920645489506384365467531529599597692953772930228845123670593078843454827783684934419906109542216283438305985633581418938476565/225631231993292910926399176227064351049798575026103230570328421867373338642575136671911531309945532437660390858975191316477902449955642417301666, -5355833645935986945977262046782194137472904565492758092794101601560326279812607533042381666115961786636997195974817719000617924365766109708557125251975408792746/12962344209622209883353586800547436464351094182561236218557160749293494639292251683342939905888835586056830018317335744587763568320209807655731136322337522401533, -70418893331691599106573328526191762232172687210433474485238709759097866418039731380963310331249502770281289363947217225842137097470501556981823400526178547861387146271554221227/388848542425561179229046840002724973215913695235600875384747891098350054388331104060281092987832624317854234683236808905095657431593032813886192601709122225565870969998955535800, -1361097230245421988071515140053350359781860094284208853875928561341200020695002542918073028017869509017922511178935299428822594880951966055601818812666722131150869366823246004417517289013507917/3212462677314641100262705894601855639712047599388609233003968765651659244990394640511035278242968458241539004581715807351475381758459729863916048713233833497551382028496192628711390491114755641, 2162685557689657/11593805905982940, 21750354712404636181238147070563/157287472937558356349475447626879, -894379679433480502701939260249941271879155370794/2255327819493200218773295331357551840336380229567, 753082850296739569733442413577976709373663754203838068147120887/3005569965239260592832408029675744293888379079775888772351036346, 39080121164430767182218197345133040074011022803642506322659920378705475364040175/88179166551506624542874855698541539447862008674802481057593424896159990560097712, -252939105508191993273907931967289821770636135690535551670408660046438169199291809947611443927387/1038783546317477757779901322746013367119924800136408998324605037930576930894435111152921295001411, 148155519988687431769867274731171821857880067518867913694192042905130914145915129542498278834501810420523285413/44611871541869486549303575274381859987944804251920587457678068983171750285770604842032802177355859402722756303987, -30300836100583876253321910553334566476228643122342373802394211549566672906134425675949185525716967128057414861402563202746361842/148643057127777662944636560600809081004663345026791162385851747562757515426922801859139278893700196425668811089711345581019006255, -38525857938828922184830753938031497858979769569846323862231541249803613737769232180302248633578755251902813853187063432770065637280258818299987/150420821328861940617599450818042900699865716684068820380218947911582225761716757781274354206630354958440260572650127544318601633303761611534444, 4951514768436867890906593653729693676578391994764837331550387028011113006688933624424599554412398140598832682277295347275642089092470390421023085285155417944309/12962344209622209883353586800547436464351094182561236218557160749293494639292251683342939905888835586056830018317335744587763568320209807655731136322337522401533, -138581745072933399999311267971261227072422003163051885898915148334928716295124293956831871165968862169392072496096992882668103319337448762072907920706002097243108454901195297089/388848542425561179229046840002724973215913695235600875384747891098350054388331104060281092987832624317854234683236808905095657431593032813886192601709122225565870969998955535800, 1273146644386578705042415507714292077789215803380534667866324953870006843903815579663371052542013928555523290090187118947912537574700426820877871713926573692901280243373522869767335087692633881/3212462677314641100262705894601855639712047599388609233003968765651659244990394640511035278242968458241539004581715807351475381758459729863916048713233833497551382028496192628711390491114755641, 13648605456725206996685476544611182423387444921562717774469304775696084713548669982409425921020831232936480349135332877492784678024093501179138732322893640470980353856393153597200909553702705744581378072954705/27973970557610017903431298837852172700498449990130893278912789184958362533662045872900188176290474456770528639806387792810361743444309000317509003599337479793827763358247290527607397789837054913140682072920947, 188463371716865/772920393732196, -13305776601280400245640401536675/157287472937558356349475447626879, -1067245954746349058996262403970000291743696981783/2255327819493200218773295331357551840336380229567, 123978111375429252136395328866309215875906625196769372467774167/2504641637699383827360340024729786911573649233146573976959196955, -38120585731901625895425128899371753996392058152479087783722649527109760632735299/88179166551506624542874855698541539447862008674802481057593424896159990560097712, 208044655772255444397984031500315257633583652543030631789487987406215294250994633506189596613079/1038783546317477757779901322746013367119924800136408998324605037930576930894435111152921295001411, -5053981507535941401779812506104944349140283076676095397780305248273016919121711340225662287285379613646755807863/44611871541869486549303575274381859987944804251920587457678068983171750285770604842032802177355859402722756303987, 37370569177313193932975336249727815236307821049160309233219642523897711560142260911560893194743962518310859044957935694514347525/89185834276666597766781936360485448602798007016074697431511048537654509256153681115483567336220117855401286653826807348611403753, -90470551202679063916233412938025362522438124726307934781628170428364750177103766994493508122114811162111942016954233687280016717222671566846625/451262463986585821852798352454128702099597150052206461140656843734746677285150273343823062619891064875320781717950382632955804899911284834603332, 5469240650315139532740375673294877727764341311410812368328689054373233764735474328225904625789180929949367338387064971046835858452555191354775054321835880311253/12962344209622209883353586800547436464351094182561236218557160749293494639292251683342939905888835586056830018317335744587763568320209807655731136322337522401533, 90410039442242874373195381308030664044686108202206191741046061754801256412640529124424333652722177681265839925315741668468660514729718653110371300374391661583572642543169442467/194424271212780589614523420001362486607956847617800437692373945549175027194165552030140546493916312158927117341618404452547828715796516406943096300854561112782935484999477767900, -905626864194689056788132274430731317344190192168290296056338171208737254763420699526123551139056093722780193305861136686417634494560956255499443192515395846025706319915556037761298786865680686/3212462677314641100262705894601855639712047599388609233003968765651659244990394640511035278242968458241539004581715807351475381758459729863916048713233833497551382028496192628711390491114755641, 7725282165936478833939771472505635486353085193370299793669309591337530442538621464239929692718625652735708136372310326668289968631727157236442906301265956378325673562418165682946472008637263655196168724329801/27973970557610017903431298837852172700498449990130893278912789184958362533662045872900188176290474456770528639806387792810361743444309000317509003599337479793827763358247290527607397789837054913140682072920947, -77333855199980316459844349748336137258641152034733907440003546383247017944677966972453640463217898953660414495367835373056065591046299685644527558420836968470173716650426228777366168322544445088262487482734004058064468842273/199126753690871873861971808217321571218622706144173580637673554424515830813193832847613984990793427163428298862439234108419423909449058702863414684788420802861075051124499038416811992232866045409443321403288511055052754674167] }
(hist.len, cnt): (1691, 29289)
[(0, 1), (0, 1), (0, 1), (0, 1), (0, 1), (0, 1), (0, 1), (0, 1), (0, 1), (0, 1), (0, 1), (0, 1), (0, 1), (0, 1), (0, 1), (0, 1), (0, 1), (0, 1), (0, 1), (0, 1), (0, 1), (0, 1), (0, 1), (0, 1), (0, 1), (0, 1), (0, 1), (0, 1), (0, 1), (0, 1), (0, 1), (0, 1), (0, 1), (0, 1), (0, 1), (0, 1), (0, 1), (0, 1), (0, 1), (0, 1), (0, 1), (0, 1), (0, 1), (0, 1), (0, 1), (0, 1), (0, 1), (0, 1), (0, 1), (0, 1), (0, 1), (0, 1), (0, 1), (0, 1), (0, 1), (0, 1), (0, 1), (0, 1), (0, 1), (0, 1), (0, 1), (0, 1), (0, 1), (0, 1), (0, 1), (0, 1), (0, 1), (0, 1), (0, 1), (0, 1), (0, 1), (0, 1), (0, 1), (0, 1), (0, 1), (0, 1), (0, 1), (0, 1), (0, 1), (0, 1), (0, 1), (0, 1), (0, 2), (0, 2), (0, 2), (0, 2), (0, 2), (0, 2), (0, 2), (0, 2), (0, 2), (0, 2), (1, 2), (0, 2), (0, 2), (0, 2), (0, 2), (0, 2), (0, 2), (0, 2), (0, 1), (0, 2), (0, 2), (0, 1), (0, 2), (0, 2), (0, 2), (0, 2), (0, 2), (0, 2), (0, 2), (0, 1), (0, 2), (0, 2), (0, 2), (0, 2), (0, 2), (0, 2), (1, 2), (0, 2), (0, 2), (1, 2), (0, 2), (0, 2), (0, 1), (0, 2), (0, 2), (0, 2), (0, 2), (0, 2), (0, 2), (0, 2), (0, 2), (0, 2), (0, 1), (0, 2), (0, 1), (0, 2), (0, 2), (0, 2), (0, 1), (0, 2), (0, 2), (0, 2), (1, 2), (0, 2), (0, 3), (0, 3), (0, 3), (1, 2), (0, 3), (0, 3), (1, 2), (0, 3), (0, 3), (0, 3), (0, 3), (0, 3), (1, 2), (0, 3), (0, 1), (0, 3), (1, 2), (0, 3), (0, 3), (0, 3), (1, 2), (0, 3), (0, 3), (1, 2), (0, 3), (1, 3), (0, 3), (1, 2), (0, 3), (1, 3), (0, 3), (0, 3), (0, 3), (2, 3), (0, 3), (0, 2), (1, 2), (0, 3), (1, 2), (0, 3), (1, 3), (0, 3), (1, 2), (0, 3), (0, 3), (1, 2), (0, 3), (1, 2), (0, 3), (1, 3), (0, 3), (0, 3), (1, 2), (1, 3), (0, 3), (0, 2), (0, 3), (1, 3), (0, 3), (0, 2), (1, 2), (0, 4), (2, 3), (0, 4), (0, 2), (0, 4), (1, 4), (2, 3), (0, 4), (1, 3), (0, 4), (2, 3), (0, 4), (0, 4), (0, 4), (1, 2), (2, 3), (0, 4), (0, 2), (2, 3), (1, 4), (1, 4), (0, 4), (1, 2), (2, 3), (0, 4), (1, 3), (0, 4), (1, 4), (0, 4), (0, 4), (0, 3), (1, 2), (0, 4), (1, 3), (1, 3), (0, 4), (1, 3), (0, 4), (0, 3), (1, 3), (0, 4), (1, 3), (0, 4), (1, 2), (2, 3), (0, 4), (1, 2), (1, 4), (2, 3), (0, 4), (0, 3), (0, 4), (1, 3), (0, 4), (1, 2), (1, 3), (0, 4), (1, 2), (0, 3), (0, 4), (2, 3), (0, 4), (0, 3), (0, 4), (1, 3), (0, 4), (0, 2), (0, 3), (0, 4), (0, 5), (2, 4), (1, 5), (0, 5), (1, 2), (2, 3), (0, 4), (1, 2), (2, 3), (3, 4), (0, 5), (1, 3), (1, 4), (2, 3), (0, 5), (1, 2), (0, 5), (1, 5), (2, 3), (2, 4), (3, 4), (0, 5), (1, 2), (0, 4), (3, 4), (0, 5), (1, 2), (0, 5), (0, 5), (2, 4), (3, 4), (0, 5), (0, 3), (0, 4), (2, 3), (0, 5), (1, 2), (2, 3), (0, 5), (2, 3), (0, 4), (2, 3), (0, 4), (2, 3), (0, 5), (1, 3), (2, 3), (2, 5), (1, 4), (2, 3), (0, 5), (2, 3), (1, 4), (1, 3), (3, 4), (0, 5), (1, 5), (2, 3), (2, 4), (1, 5), (1, 3), (0, 4), (0, 3), (2, 3), (0, 5), (0, 4), (1, 4), (0, 5), (0, 5), (0, 6), (1, 4), (2, 3), (0, 6), (4, 5), (0, 6), (2, 3), (2, 4), (1, 6), (2, 3), (4, 5), (1, 6), (3, 5), (0, 6), (2, 4), (1, 5), (1, 4), (0, 6), (2, 4), (0, 5), (2, 5), (3, 6), (4, 5), (0, 6), (1, 3), (1, 6), (1, 5), (4, 5), (0, 6), (3, 4), (4, 5), (1, 6), (3, 4), (0, 6), (3, 4), (1, 5), (1, 4), (0, 5), (1, 5), (0, 6), (2, 5), (4, 5), (0, 6), (1, 2), (2, 3), (0, 5), (3, 4), (0, 6), (3, 4), (0, 5), (1, 2), (3, 4), (0, 5), (3, 5), (4, 5), (0, 6), (1, 4), (1, 6), (2, 3), (2, 4), (3, 4), (3, 5), (0, 6), (3, 4), (2, 5), (0, 6), (1, 3), (1, 6), (2, 4), (0, 5), (0, 3), (0, 5), (0, 5), (1, 2), (2, 4), (1, 6), (2, 3), (2, 4), (3, 4), (0, 6), (2, 4), (3, 4), (1, 6), (1, 5), (4, 5), (1, 6), (2, 3), (3, 4), (1, 6), (3, 4), (4, 5), (0, 7), (3, 4), (0, 5), (4, 5), (0, 7), (1, 2), (2, 3), (0, 5), (2, 3), (2, 5), (3, 4), (3, 7), (0, 7), (2, 3), (3, 5), (3, 5), (0, 6), (1, 2), (5, 6), (0, 7), (0, 5), (3, 5), (3, 6), (0, 7), (4, 5), (0, 6), (2, 3), (0, 5), (2, 3), (5, 6), (1, 7), (3, 5), (0, 7), (1, 2), (1, 4), (0, 6), (1, 2), (3, 5), (0, 7), (1, 2), (0, 4), (2, 3), (2, 4), (3, 4), (0, 6), (1, 2), (3, 4), (2, 5), (5, 6), (0, 7), (3, 4), (4, 5), (0, 6), (4, 5), (0, 7), (1, 2), (4, 6), (1, 7), (1, 3), (3, 4), (0, 6), (1, 3), (3, 4), (0, 5), (1, 3), (2, 5), (0, 7), (1, 2), (1, 5), (3, 4), (2, 6), (4, 5), (3, 6), (2, 7), (3, 4), (4, 6), (0, 7), (2, 3), (1, 5), (2, 3), (3, 4), (4, 5), (3, 6), (4, 6), (2, 7), (2, 4), (3, 4), (1, 5), (2, 3), (4, 5), (2, 7), (3, 4), (5, 7), (0, 8), (1, 2), (0, 3), (1, 2), (4, 5), (3, 6), (5, 7), (2, 8), (0, 7), (0, 8), (2, 3), (4, 7), (6, 7), (3, 8), (2, 3), (1, 2), (2, 6), (3, 7), (4, 5), (1, 8), (3, 4), (4, 6), (5, 6), (4, 7), (1, 8), (2, 3), (5, 6), (4, 6), (0, 8), (2, 4), (0, 5), (1, 2), (3, 4), (0, 6), (0, 7), (1, 3), (2, 3), (4, 5), (0, 6), (2, 8), (1, 5), (6, 7), (0, 8), (3, 4), (4, 6), (6, 7), (0, 8), (1, 2), (3, 5), (3, 7), (4, 5), (0, 7), (5, 6), (0, 8), (1, 2), (2, 3), (3, 4), (6, 7), (1, 8), (2, 5), (0, 6), (4, 6), (5, 6), (0, 7), (1, 3), (3, 4), (3, 5), (0, 8), (2, 3), (2, 4), (3, 5), (2, 7), (3, 5), (5, 6), (0, 7), (2, 4), (5, 7), (0, 8), (2, 3), (0, 5), (3, 4), (2, 6), (0, 8), (1, 3), (0, 4), (3, 5), (4, 5), (0, 8), (1, 2), (2, 4), (1, 8), (2, 3), (4, 6), (0, 7), (1, 2), (0, 4), (4, 5), (5, 6), (4, 7), (5, 7), (0, 8), (0, 4), (1, 2), (3, 5), (1, 6), (4, 5), (2, 6), (3, 6), (4, 6), (5, 6), (0, 7), (1, 2), (3, 7), (5, 6), (5, 7), (1, 8), (2, 3), (0, 4), (0, 6), (1, 2), (1, 7), (2, 4), (4, 5), (4, 6), (0, 9), (2, 3), (3, 4), (4, 5), (1, 7), (4, 5), (6, 7), (2, 9), (4, 5), (0, 6), (2, 7), (2, 4), (5, 6), (0, 8), (1, 3), (2, 3), (3, 4), (3, 5), (5, 6), (2, 7), (4, 5), (1, 8), (1, 4), (3, 4), (2, 5), (3, 4), (0, 9), (3, 4), (4, 7), (0, 8), (0, 4), (1, 8), (6, 8), (0, 9), (1, 2), (2, 3), (3, 4), (0, 9), (1, 3), (3, 5), (0, 7), (5, 6), (1, 8), (5, 6), (5, 7), (0, 9), (0, 2), (0, 3), (3, 4), (4, 5), (3, 6), (4, 5), (2, 7), (4, 5), (0, 8), (2, 5), (6, 7), (7, 8), (1, 9), (4, 5), (2, 6), (0, 2), (1, 2), (2, 3), (4, 5), (5, 6), (4, 6), (5, 6), (0, 7), (2, 5), (1, 6), (2, 4), (4, 5), (3, 6), (5, 8), (7, 8), (0, 9), (1, 3), (3, 4), (3, 5), (0, 7), (1, 2), (5, 6), (0, 7), (4, 5), (2, 6), (3, 4), (4, 5), (5, 6), (6, 7), (0, 9), (2, 5), (5, 6), (0, 7), (0, 6), (2, 3), (4, 5), (0, 9), (2, 3), (3, 4), (5, 6), (0, 9), (1, 2), (3, 4), (5, 8), (3, 8), (4, 6), (5, 6), (0, 9), (5, 6), (5, 7), (1, 8), (4, 5), (5, 7), (2, 8), (1, 4), (4, 5), (6, 8), (1, 9), (3, 4), (4, 5), (6, 8), (1, 9), (1, 4), (7, 8), (0, 10), (3, 4), (2, 9), (0, 6), (4, 6), (4, 9), (0, 10), (1, 4), (3, 5), (2, 7), (3, 4), (0, 8), (1, 2), (0, 10), (0, 3), (2, 3), (4, 5), (5, 7), (7, 8), (7, 9), (8, 9), (0, 10), (2, 3), (1, 5), (1, 8), (3, 5), (4, 6), (1, 10), (4, 6), (5, 6), (3, 7), (4, 6), (5, 6), (5, 7), (6, 8), (7, 8), (0, 10), (3, 4), (2, 6), (3, 4), (6, 7), (0, 9), (1, 3), (5, 6), (0, 7), (5, 7), (6, 7), (8, 9), (2, 10), (3, 5), (4, 5), (4, 6), (5, 7), (3, 8), (4, 5), (4, 6), (0, 9), (1, 2), (4, 5), (4, 7), (0, 8), (1, 2), (0, 6), (6, 7), (0, 9), (6, 7), (4, 8), (2, 4), (3, 4), (3, 7), (1, 10), (4, 5), (1, 6), (5, 8), (6, 7), (5, 9), (3, 7), (1, 8), (0, 10), (1, 3), (0, 6), (2, 3), (4, 5), (6, 7), (5, 9), (8, 9), (0, 10), (3, 7), (6, 8), (0, 9), (1, 4), (5, 10), (6, 7), (3, 8), (4, 5), (7, 8), (1, 9), (2, 3), (3, 4), (0, 5), (5, 7), (7, 8), (4, 9), (1, 6), (2, 5), (3, 6), (0, 10), (1, 2), (2, 3), (3, 5), (4, 7), (2, 9), (3, 6), (4, 6), (2, 7), (6, 7), (0, 8), (1, 5), (5, 9), (8, 9), (6, 10), (1, 11), (3, 6), (5, 7), (2, 6), (3, 4), (3, 6), (4, 5), (2, 8), (8, 9), (0, 10), (3, 5), (4, 5), (1, 6), (4, 6), (4, 7), (5, 6), (1, 7), (1, 8), (7, 8), (3, 11), (5, 7), (6, 7), (5, 9), (8, 10), (6, 10), (2, 8), (6, 7), (8, 9), (1, 11), (2, 4), (2, 5), (0, 6), (0, 7), (1, 2), (4, 5), (6, 7), (3, 8), (8, 9), (0, 10), (1, 6), (5, 6), (5, 8), (2, 11), (5, 6), (0, 7), (2, 6), (3, 4), (7, 9), (3, 10), (3, 8), (0, 11), (3, 6), (4, 5), (3, 6), (7, 8), (3, 9), (3, 5), (6, 7), (2, 8), (1, 10), (4, 5), (3, 6), (5, 6), (2, 7), (3, 7), (5, 6), (4, 7), (4, 7), (0, 11), (0, 5), (1, 6), (2, 6), (4, 5), (0, 10), (6, 7), (0, 11), (1, 2), (0, 6), (2, 3), (6, 7), (8, 10), (9, 10), (6, 11), (3, 6), (0, 3), (6, 10), (7, 8), (1, 11), (3, 4), (5, 6), (2, 8), (6, 8), (0, 9), (3, 6), (4, 6), (3, 9), (4, 5), (4, 6), (7, 9), (3, 10), (5, 6), (6, 7), (4, 8), (8, 10), (2, 11), (4, 5), (1, 6), (0, 7), (6, 7), (0, 9), (4, 10), (3, 7), (4, 5), (7, 8), (8, 9), (0, 11), (1, 3), (3, 4), (2, 5), (6, 7), (0, 8), (1, 4), (4, 6), (5, 6), (2, 8), (3, 7), (8, 9), (0, 10), (2, 5), (3, 6), (5, 7), (6, 7), (6, 8), (0, 10), (3, 4), (2, 5), (2, 6), (3, 4), (5, 6), (5, 7), (6, 8), (5, 9), (2, 7), (4, 5), (3, 7), (5, 7), (6, 7), (9, 10), (0, 11), (1, 3), (4, 6), (1, 7), (3, 4), (5, 8), (0, 11), (3, 4), (6, 7), (7, 8), (3, 9), (7, 8), (8, 9), (2, 10), (7, 10), (9, 10), (0, 11), (1, 2), (2, 3), (3, 4), (5, 6), (5, 7), (2, 8), (6, 7), (0, 9), (8, 9), (0, 12), (3, 4), (3, 7), (6, 7), (6, 9), (8, 10), (2, 11), (3, 4), (4, 8), (5, 8), (3, 10), (6, 7), (8, 9), (4, 11), (5, 6), (4, 8), (7, 8), (8, 10), (8, 10), (1, 12), (3, 5), (4, 6), (6, 7), (5, 8), (4, 7), (5, 6), (4, 9), (3, 6), (4, 5), (6, 7), (7, 8), (1, 10), (2, 5), (3, 6), (2, 7), (3, 4), (6, 7), (3, 10), (0, 11), (1, 2), (2, 5), (3, 6), (4, 6), (2, 8), (6, 7), (3, 9), (10, 11), (8, 12), (4, 9), (0, 4), (2, 5), (3, 5), (6, 7), (1, 9), (6, 8), (8, 9), (1, 11), (3, 6), (5, 7), (3, 8), (4, 9), (8, 9), (8, 10), (3, 11), (4, 7), (5, 7), (6, 7), (8, 9), (0, 12), (3, 5), (4, 5), (7, 10), (6, 9), (7, 8), (8, 9), (9, 10), (3, 11), (6, 7), (7, 8), (2, 11), (3, 4), (5, 6), (9, 11), (10, 11), (0, 12), (4, 5), (5, 6), (4, 7), (5, 6), (4, 7), (5, 6), (5, 7), (4, 8), (5, 6), (4, 7), (4, 8), (5, 6), (6, 7), (9, 10), (1, 11), (4, 5), (5, 6), (6, 7), (8, 9), (4, 11), (4, 6), (1, 7), (2, 5), (3, 4), (5, 6), (8, 9), (1, 10), (2, 5), (3, 4), (2, 5), (3, 6), (4, 6), (8, 9), (9, 10), (0, 12), (4, 6), (2, 12), (3, 4), (4, 5), (6, 7), (1, 8), (2, 11), (3, 4), (5, 6), (1, 7), (2, 3), (6, 7), (2, 9), (3, 4), (5, 7), (1, 12), (2, 3), (6, 7), (3, 8), (6, 10), (1, 11), (2, 3), (5, 6), (6, 7), (2, 11), (4, 8), (5, 7), (7, 8), (5, 9), (6, 7), (1, 12), (3, 4), (5, 6), (3, 7), (2, 8), (3, 4), (2, 9), (3, 5), (4, 5), (1, 12), (2, 3), (5, 7), (6, 7), (1, 10), (3, 5), (4, 5), (6, 7), (6, 8), (7, 8), (5, 9), (8, 9), (3, 11), (2, 5), (3, 5), (4, 5), (4, 6), (7, 8), (0, 12), (1, 2), (4, 5), (3, 6), (5, 6), (4, 7), (7, 8), (8, 9), (7, 10), (8, 10), (2, 11), (6, 8), (1, 9), (6, 7), (8, 10), (0, 11), (1, 2), (8, 9), (10, 11), (6, 12), (3, 6), (3, 9), (4, 6), (5, 6), (6, 8), (7, 8), (9, 10), (8, 11), (9, 10), (0, 12), (1, 2), (4, 6), (5, 6), (3, 10), (5, 7), (6, 7), (8, 9), (1, 11), (3, 4), (5, 6), (8, 9), (10, 11), (1, 12), (2, 3), (3, 4), (4, 7), (2, 13), (3, 5), (3, 10), (5, 6), (10, 11), (4, 12), (5, 6), (8, 10), (0, 13), (3, 4), (6, 7), (4, 8), (4, 12), (5, 6), (6, 7), (7, 8), (8, 9), (8, 10), (10, 11), (0, 13), (7, 10), (9, 10), (2, 11), (3, 4), (7, 9), (8, 9), (11, 12), (7, 12), (1, 7), (10, 11), (11, 12), (0, 13), (3, 5), (4, 6), (7, 8), (3, 9), (4, 5), (4, 6), (1, 10), (5, 6), (1, 7), (5, 6), (7, 9), (10, 11), (8, 12), (5, 11), (6, 10), (1, 13), (2, 3), (2, 4), (4, 8), (5, 6), (9, 10), (4, 12), (5, 6), (4, 9), (10, 12), (0, 13), (0, 3), (3, 4), (5, 10), (8, 9), (8, 10), (9, 10), (5, 11), (8, 10), (9, 10), (0, 12), (1, 2), (2, 3), (3, 4), (5, 6), (5, 7), (6, 7), (5, 8), (9, 10), (5, 11), (6, 7), (4, 8), (1, 9), (4, 6), (5, 6), (4, 9), (8, 9), (10, 11), (2, 13), (5, 7), (6, 7), (3, 8), (6, 7), (8, 9), (8, 10), (9, 12), (0, 13), (4, 6), (4, 8), (7, 8), (8, 9), (0, 10), (4, 6), (3, 7), (4, 5), (5, 8), (3, 10), (0, 12), (2, 3), (7, 10), (2, 11), (5, 6), (6, 9), (7, 8), (5, 10), (4, 11), (9, 10), (3, 11), (4, 13), (7, 8), (5, 9), (6, 8), (7, 8), (6, 9), (8, 9), (9, 10), (3, 11), (8, 10), (3, 13), (6, 8), (1, 7), (2, 3), (6, 7), (6, 8), (6, 10), (8, 9), (1, 12), (4, 5), (7, 8), (8, 9), (3, 10), (7, 8), (7, 12), (11, 12), (0, 13), (1, 2), (2, 3), (0, 6), (1, 2), (1, 3), (2, 3), (2, 4), (1, 5), (6, 10), (0, 11), (0, 3), (2, 4), (0, 5), (4, 6), (5, 8), (6, 8), (7, 11), (3, 12), (9, 10), (11, 12), (0, 14), (2, 3), (1, 4), (2, 4), (3, 5), (3, 8), (4, 6), (7, 8), (1, 9), (2, 3), (5, 6), (6, 7), (1, 11), (2, 4), (5, 6), (7, 8), (7, 10), (1, 13), (4, 5), (3, 6), (4, 6), (5, 6), (4, 7), (4, 8), (5, 7), (6, 7), (4, 11), (6, 9), (7, 8), (0, 13), (1, 2), (6, 8), (4, 9), (5, 8), (6, 7), (7, 8), (10, 11), (8, 12), (9, 10), (1, 14), (2, 5), (5, 6), (5, 8), (6, 7), (7, 8), (1, 9), (7, 10), (2, 11), (8, 9), (9, 10), (10, 12), (4, 13), (5, 7), (6, 7), (6, 8), (7, 9), (9, 10), (10, 11), (11, 12), (8, 13), (9, 10), (12, 13), (0, 14), (4, 7), (1, 6), (2, 3), (2, 5), (4, 9), (5, 6), (7, 9), (9, 10), (1, 13), (7, 8), (3, 14), (5, 7), (5, 8), (6, 8), (7, 8), (7, 9), (1, 11), (2, 3), (3, 4), (4, 5), (5, 6), (6, 8), (7, 8), (6, 9), (8, 10), (7, 12), (8, 12), (0, 14), (2, 5), (4, 6), (2, 10), (3, 4), (4, 8), (6, 8), (7, 8), (9, 12), (10, 12), (11, 13), (0, 14), (1, 2), (4, 6), (5, 8), (7, 8), (4, 9), (5, 9), (6, 8), (2, 11), (1, 3), (2, 3), (2, 5), (6, 8), (7, 9), (9, 10), (8, 13), (9, 10), (9, 11), (10, 11), (0, 14), (2, 3), (5, 7), (9, 10), (2, 11), (3, 6), (4, 5), (4, 8), (5, 8), (6, 8), (6, 9), (7, 8), (9, 10), (10, 11), (4, 12), (3, 8), (6, 8), (7, 9), (8, 9), (0, 14), (1, 2), (3, 5), (4, 5), (0, 6), (5, 8), (4, 8), (7, 9), (9, 10), (1, 11), (6, 8), (7, 8), (5, 9), (2, 9), (5, 6), (0, 13), (1, 2), (3, 4), (0, 5), (2, 4), (5, 6), (2, 7), (3, 5), (4, 5), (1, 14), (2, 3), (0, 8), (1, 2), (5, 6), (8, 9), (7, 10), (3, 9), (6, 7), (6, 10), (1, 11), (3, 4), (9, 10), (0, 12), (3, 6), (4, 5), (1, 10), (7, 8), (8, 11), (9, 13), (4, 10), (5, 10), (6, 8), (7, 8), (6, 10), (10, 12), (0, 14), (3, 4), (0, 5), (1, 2), (2, 6), (3, 4), (5, 6), (0, 9), (4, 5), (1, 6), (3, 4), (5, 6), (3, 9), (4, 5), (8, 9), (0, 10), (1, 3), (2, 3), (3, 4), (0, 5), (1, 6), (4, 6), (5, 6), (7, 8), (7, 10), (8, 9), (0, 11), (5, 6), (5, 7), (6, 7), (9, 10), (9, 11), (10, 11), (4, 12), (5, 6), (8, 10), (7, 12), (8, 10), (4, 14), (7, 10), (5, 11), (6, 7), (6, 8), (7, 8)]
