results/deeplll/svpchallengedim40seed2dim15delta1.txt: 132.203 sec
b: [[9141667, -23204748, 13854666, 810189, 42959812, -66491010, 21786732, -42598507, -56939552, -15421598, 16159509, -22224428, 446195, -28895050, -21806087],
 [-32654238, 10895184, 17535136, 5247536, 8012321, 69368372, 41050449, -2506689, 32489635, 23282185, -41164737, -13759663, 5573690, -29412303, 57997094],
 [-61021373, -29756215, 6679852, -8324733, 84418550, -23774219, -3154260, -5429028, -4650598, -28302554, 12809166, -43211611, 16201844, -17744278, 34541108],
 [25631874, -48904153, -41657650, -9218098, 11340529, 37023730, -16431112, 1523363, -52227299, -59134399, 1736371, 33803777, -1281108, 12084026, -42195202],
 [-6300455, 25280054, -53394937, -26560848, 15919946, 12956626, 73148842, 758744, -38757191, 10880990, -37377007, -46029038, 8558761, 20036045, 4320122],
 [-15643567, -28070377, 65683461, 13655800, 6226458, 11389342, 598792, 11550959, 89682954, 45485790, -19823093, 24147352, 70491492, 14706638, 6428920],
 [-60770191, 29241192, 15859902, 38461579, -5502267, 11194852, 10880577, 33126342, -49316809, -18418515, -46064323, -41090246, -31948056, 1418710, 270291],
 [-9987415, 41806172, 15230777, -1198482, 11452768, 6029635, 33867631, -12774090, -57815392, -25096879, 16415921, 11712591, 32963298, 80530708, -53290066],
 [-17893513, 37503155, 8622481, -27272668, 2515487, 19891787, -52726605, 67705622, -14728559, -63053856, -15278419, -9548489, -6630698, -44560517, -34839677],
 [-6492670, 42806572, 698614, 55920647, 29703986, -29997826, -13421816, 4985392, 45080859, -32133765, -17723728, -56969767, 16054083, 6766373, -44589535],
 [-42794213, -1568138, -54871, -45476658, -8069685, -41617343, 40045501, -23325503, 8067446, 25358018, 77203970, 16747235, -28377135, 23051495, -38876372],
 [-36720043, -22879516, 52807557, 45061216, 33678491, -13353233, 3602407, -71997357, -29139575, 75562697, -34015974, 38287224, -11272847, 1919727, -62577291],
 [48389747, 24008502, 16049350, 51369275, 64190649, -44989260, 4539827, 23356854, -26536772, -65180796, 25204145, 7679850, -52890918, 8236332, 10359232],
 [55512040, -9033422, 17036301, -84209315, 67776654, 30463750, 3507489, 6550215, -43966945, -16298400, 17591291, -39367453, 4175656, 59782871, -44689302],
 [9196014, -23348940, -3379241, -27221861, 14814636, -39243155, -2368912, -80937508, 65989644, 30818737, -71920029, -33872016, -18479933, 31609135, 33436970]], shape=[15, 15], strides=[15, 1], layout=Cc (0x5), const ndim=2
v_norms: [14916154561848654, 32196560947014489636371789592084/2486025760308109, 356492794524260467935370622494772753328978610127/32196560947014489636371789592084, 14081528339100434820456949078927002528817720904690102197391690273/1069478383572781403806111867484318259986935830381, 361248055330515349699059867645090964660211789171018756523292474691069694350337081/28163056678200869640913898157854005057635441809380204394783380546, 30104892522509704604204291445369848201233869159484299145682344147877647133183856720203904853635/2457469764153165644211291616633271868436814892319855486553010031912038737077123, 15785112418919364177691174184640814480019962656442154577754382313310942809281389343915380893905211180880554390118/1475139733602975525606010280823122561860459588814730658138434863246004709526008979289991337828115, 457433583225986007923119440109596759784348714919308214346149518719541858653016514548094990036000565338519499467246391288245988223/47355337256758092533073522553922443440059887969326463733263146939932828427844168031746142681715633542641663170354, 4701430342475944081379977693836659600697103203291808946702641200811544216086906829253970871067172891247126556145232040818237273795529655332253405/457433583225986007923119440109596759784348714919308214346149518719541858653016514548094990036000565338519499467246391288245988223, 47334803500975695243936933836777685905524658712506466355740529030233011508430632994195487810848733302959786881025422717654629037837659548517743693269592068466507/4701430342475944081379977693836659600697103203291808946702641200811544216086906829253970871067172891247126556145232040818237273795529655332253405, 408374098073374165178703199110146036599230406768163651611296231797507660107608107744484446215521867118756562795031879633007332763341578305739717704358141646129101072881225190207/47334803500975695243936933836777685905524658712506466355740529030233011508430632994195487810848733302959786881025422717654629037837659548517743693269592068466507, 305652842057615586782456681976505103546700678967035060623031362261795548740828570780174180172979483429853940062784360363875833723789992195141652691200020653176868292997339765395430929784263161/31413392159490320398361784546934310507633108212935665508561248599808281546739085211114188170424759009135120215002452279462102520257044485056901361873703203548392390221632706939, 35982574673269313445179467446425610459627698166065121147092939394587282144257326184077919782054138119615577855687412101846151592121393211390909948656978591283509029390176836490840582044303329546303170966955977/3973486946749002628171936865694566346107108826571455788099407709403342133630771420142264342248733284588101220816196684730385838409269898536841484985600268491299287808965416950140602087195421093, 373560375078404570300670933300940684413652512916715585428594468722146033818219123129600929849973649168378370793491745635785417374013422924336940831113774252803234915189719494577415378068968954903668662780109848392643247260582/35982574673269313445179467446425610459627698166065121147092939394587282144257326184077919782054138119615577855687412101846151592121393211390909948656978591283509029390176836490840582044303329546303170966955977, 3468287585974050604774439085108554766681095904449490782532408558820799971446912200169098884155278262402657048060314007695099477058350627510176872515581723540506379642904992102434614917531819511246695382788173343454302248117102540610188816001/373560375078404570300670933300940684413652512916715585428594468722146033818219123129600929849973649168378370793491745635785417374013422924336940831113774252803234915189719494577415378068968954903668662780109848392643247260582], shape=[15], strides=[1], layout=CFcf (0xf), const ndim=1
Mu { arr: [-1091982668329762/2486025760308109, 1203956095616844/2486025760308109, 14167715415074471819046849297649/32196560947014489636371789592084, 1059990630650675/7458077280924327, -7031260639431223755283493228179/16098280473507244818185894796042, 1872168936551281693293353142169529452317199574/356492794524260467935370622494772753328978610127, 1766930521017481/14916154561848654, 12638671454864355830468385521705/32196560947014489636371789592084, -47657981558177435197644214677904426590518272097/356492794524260467935370622494772753328978610127, 2477689997493140009456825017612655067975742160350043483800064099/14081528339100434820456949078927002528817720904690102197391690273, -2246004780660327/4972051520616218, 5088976551541341799522156824097/16098280473507244818185894796042, 60149121827302423264013341840670007297006621550/356492794524260467935370622494772753328978610127, -5807208951052223290393519118054674961057937469187343512753248338/14081528339100434820456949078927002528817720904690102197391690273, -8329800163650475459147096460301875023637909471951317390304022779085559741107199/17202288349072159509479041316432903079057704246238988405871070223384271159539861, 30906575658239/7458077280924327, 3424551015860100550543811380963/10732186982338163212123929864028, 39712044585828742977169361730906566498983575099/356492794524260467935370622494772753328978610127, 270695825804160998823203618065245463530313478421007979769077504/14081528339100434820456949078927002528817720904690102197391690273, 104293473942241737726008141557251120428746169527042544906693929832340603485784640/361248055330515349699059867645090964660211789171018756523292474691069694350337081, -85650145471869321778144279645782890925812884070306289212365477382627005360652498458621352493061/210734247657567932229430040117588937408637084116390094019776409035143529932286997041427333975445, 52682043973535/257175078652563, -5293100008534505853649324273441/16098280473507244818185894796042, -44915949730512499559497139622254308142060276170/356492794524260467935370622494772753328978610127, 2859750013008727835718914350545324501386434700505834124164731767/14081528339100434820456949078927002528817720904690102197391690273, 174598290636023531706879548154623543996595605309642416461672396637393026947387732/361248055330515349699059867645090964660211789171018756523292474691069694350337081, 22031331343413933355661225262966438002497225160007459288980789111555557719264816393151128017026/70244749219189310743143346705862979136212361372130031339925469678381176644095665680475777991815, 6371665397445638656656451478990104364462289639375476820315680920316506758646025260046254922278569189052531795291/15785112418919364177691174184640814480019962656442154577754382313310942809281389343915380893905211180880554390118, -787745888876847/4972051520616218, -3610189591331020147100922321455/16098280473507244818185894796042, 121417359955638071883237994184538670101550729774/356492794524260467935370622494772753328978610127, 3711295862765603733987522918164295617892599479780429035442159248/14081528339100434820456949078927002528817720904690102197391690273, -30249610298062573547432857633037341639413043252669057181530487373982582587651263/361248055330515349699059867645090964660211789171018756523292474691069694350337081, -28236087652177015075176268715880835945555324270441198603001671734299424418430577896187516064344/70244749219189310743143346705862979136212361372130031339925469678381176644095665680475777991815, 7421935286882284802370645482876362278893017820866899496283700634006350482010785962666454058856526973811978732991/15785112418919364177691174184640814480019962656442154577754382313310942809281389343915380893905211180880554390118, -53899021537224229989908705364613696511539558382648950929237635710057990592357742300240167571977585842001825331618755481545201383/457433583225986007923119440109596759784348714919308214346149518719541858653016514548094990036000565338519499467246391288245988223, 1460547130690403/14916154561848654, -1549213213042145343279231050999/16098280473507244818185894796042, 105382765858010411874666210469362423611325368566/356492794524260467935370622494772753328978610127, -4906069056406585232797639099204537727937651713011215896249621756/14081528339100434820456949078927002528817720904690102197391690273, 43253807324325401482590769123434678909293818595630692723191328450657442838622541/361248055330515349699059867645090964660211789171018756523292474691069694350337081, 5013684378728139469151049417772881570470863664839613343885542303214724493384532143928671466094/42146849531513586445886008023517787481727416823278018803955281807028705986457399408285466795089, 6789629465571757327980346136284175361414177309891500125061336287488577388040063164626368029405304315172350482355/15785112418919364177691174184640814480019962656442154577754382313310942809281389343915380893905211180880554390118, -13777792172470665558381600166161967105914711046188914616259820091516795205226570782346398587863635959088126083774536046608633659/457433583225986007923119440109596759784348714919308214346149518719541858653016514548094990036000565338519499467246391288245988223, 1194040262196085024652412180883425730373114544259490420092131315169414366689869795285109182744351144231979826288694870759008589555885145526315808/4701430342475944081379977693836659600697103203291808946702641200811544216086906829253970871067172891247126556145232040818237273795529655332253405, 4088140437526151/14916154561848654, -9843900282272231260858358901023/32196560947014489636371789592084, 13062848088167994299956631712115288319556483983/356492794524260467935370622494772753328978610127, -4815452014884021994785386392277888484042176888355330775395142580/14081528339100434820456949078927002528817720904690102197391690273, 55173170869143880668150359804583234208939470474038953163184524494125031126026029/361248055330515349699059867645090964660211789171018756523292474691069694350337081, 1608763216677771361528395495957429029616291160731097857819632600403910132280626141753522182407/70244749219189310743143346705862979136212361372130031339925469678381176644095665680475777991815, -4864926915382305860146448410324093869399245447595248049770238482195323954399285729151526024229718430336294114983/15785112418919364177691174184640814480019962656442154577754382313310942809281389343915380893905211180880554390118, 198998606676372144003942703376337410219537087169205062561976397062697174531198231677298662861028553042392589831592275136294309591/457433583225986007923119440109596759784348714919308214346149518719541858653016514548094990036000565338519499467246391288245988223, -916288709919215490570731058681374113158663923983080994541241109655196646506459141142462721633607099117190770469178227217269064846388303739305139/4701430342475944081379977693836659600697103203291808946702641200811544216086906829253970871067172891247126556145232040818237273795529655332253405, -18811681854531436629443087771982759157304127444648823844238712850364687354120771087814192477859404517653627569165066049008376326260857644029699506188488306243501/47334803500975695243936933836777685905524658712506466355740529030233011508430632994195487810848733302959786881025422717654629037837659548517743693269592068466507, 1140149236781296/2486025760308109, 3388911253691563777742567863631/16098280473507244818185894796042, -146331421731255863523078952230702144312690662206/356492794524260467935370622494772753328978610127, -1614518228001708149976780808732742485205354473862879819869254618/14081528339100434820456949078927002528817720904690102197391690273, -2594076502949050788489388571338558641909766665542783006168079471292408059348398/6816001043971987730170940898963980465287014890019221821194197635680560270761077, 99623570779950839043238528979027287403307420092707650923306111632910314340388199661006870188282/210734247657567932229430040117588937408637084116390094019776409035143529932286997041427333975445, 3863131617801651433222781207789199907415313440864035680682480264025830022886080068222495365977226743090105933302/7892556209459682088845587092320407240009981328221077288877191156655471404640694671957690446952605590440277195059, 92887535910711758326074198635914126944230849561293325306488169229787311193064568275291084073549993189602292214747726287552113478/457433583225986007923119440109596759784348714919308214346149518719541858653016514548094990036000565338519499467246391288245988223, -2242913306664633582223137376371162723634704849359361383626042497871734397312815480541835818863445036608719718000105672894928187319751842713894706/4701430342475944081379977693836659600697103203291808946702641200811544216086906829253970871067172891247126556145232040818237273795529655332253405, -832353530944465823025012894334468645950491843650717441401464781819662267505569211149103518933160236456223598293375625125518784873225488755267068091153387179713/15778267833658565081312311278925895301841552904168822118580176343411003836143544331398495936949577767653262293675140905884876345945886516172581231089864022822169, 10820907261359052725809100948057662204994330620636966725847572057378656555827388884289883391363342036574646676217288562901170114497885099937811112547031066924078461952326488841/31413392159490320398361784546934310507633108212935665508561248599808281546739085211114188170424759009135120215002452279462102520257044485056901361873703203548392390221632706939, 7267476429808165/14916154561848654, -2911298620462684033109108594575/10732186982338163212123929864028, 54734202038533265990298485893998270225423167865/356492794524260467935370622494772753328978610127, 689814224456885811933309402184407494284418562165364273924830065/14081528339100434820456949078927002528817720904690102197391690273, -48376004270038025137626065961819372795740362593425446691595190136163253673463625/361248055330515349699059867645090964660211789171018756523292474691069694350337081, -89005654940631171612818047933540316459306997441648150443347581046219679345621434099655125403914/210734247657567932229430040117588937408637084116390094019776409035143529932286997041427333975445, 2916323863685869051594200023260100239459784096874088880016508415420186122851922071403146120831893289593160606387/15785112418919364177691174184640814480019962656442154577754382313310942809281389343915380893905211180880554390118, 102212618570313937153576933028231739245120636946389692152608155936308925828611072228755823141964962174411622067101645569826721675/457433583225986007923119440109596759784348714919308214346149518719541858653016514548094990036000565338519499467246391288245988223, -109177332417754607397019958435108886709553478244153332776035802568103689722506765902116840365089886500775386590514008203291831473425046713152479/4701430342475944081379977693836659600697103203291808946702641200811544216086906829253970871067172891247126556145232040818237273795529655332253405, 20859107177682876855881337361983976124092955016159166206449939733508457416097336491299329384993030781417147523956943777812088016639371879417246011576401221041404/47334803500975695243936933836777685905524658712506466355740529030233011508430632994195487810848733302959786881025422717654629037837659548517743693269592068466507, -146659880596161611168003441952257841478867907844190050766914083590674598278827872450443256603692558802013527573097710464852080070419915814268233448157646791216241871447749768317/408374098073374165178703199110146036599230406768163651611296231797507660107608107744484446215521867118756562795031879633007332763341578305739717704358141646129101072881225190207, -96312102178326872043538953702563163777954631649141571320326340895645257640156282646877021409635611497203216227651958732713023771517803328275063682392007173442247315098744813141180836624464792/305652842057615586782456681976505103546700678967035060623031362261795548740828570780174180172979483429853940062784360363875833723789992195141652691200020653176868292997339765395430929784263161, 4731316007478245/14916154561848654, -4362407711504796581084604120047/16098280473507244818185894796042, 62956751624065646547469051811005712839781869558/356492794524260467935370622494772753328978610127, 6552765511721912547152520118698080322734821112053116439519915765/14081528339100434820456949078927002528817720904690102197391690273, 174791113576636999495148414547302457499483737967584307535088754737759161927605703/361248055330515349699059867645090964660211789171018756523292474691069694350337081, 20369271613390767664792017839110098283527921476007386331553174900549677597376611688533198901923/70244749219189310743143346705862979136212361372130031339925469678381176644095665680475777991815, -2029231678225994160442893792296253392838557596259031299156536448471412505253030999421365825872663179125353534681/7892556209459682088845587092320407240009981328221077288877191156655471404640694671957690446952605590440277195059, 208893068428624741801167192071011837344048220593808025731405558263631790557966559713466265241774042180443859587942187672222617430/457433583225986007923119440109596759784348714919308214346149518719541858653016514548094990036000565338519499467246391288245988223, 1938076032060923435205765165731709698802295194615623384525809979850728758097497527392107550381475453056816531844364100466464320740564541970834876/4701430342475944081379977693836659600697103203291808946702641200811544216086906829253970871067172891247126556145232040818237273795529655332253405, -7485911408640887299192551161253506023917497115711613272642367605811446017614708000468673161179058589034047081027249852443386046879351812860939045795912521286036/47334803500975695243936933836777685905524658712506466355740529030233011508430632994195487810848733302959786881025422717654629037837659548517743693269592068466507, -65392520617093297222944718316082680761314767465251175783871738968100450269772824988191749291398572160820055323786906791260304730925476195293832063602752798971206979017044157118/408374098073374165178703199110146036599230406768163651611296231797507660107608107744484446215521867118756562795031879633007332763341578305739717704358141646129101072881225190207, 35159335515115715258160482036989989599942389642101931510820288764254361287455112095143235503759033339036467989840476976751895629428597436552733952341694461399079207522563716564330279545784410/305652842057615586782456681976505103546700678967035060623031362261795548740828570780174180172979483429853940062784360363875833723789992195141652691200020653176868292997339765395430929784263161, 9527608587573606940180165035441818774961816617373445119628642947086928081788926810919025262071820010875516025672871663161219634818927941648747334224957750081504822248754696808661305246595797783299632050163302/35982574673269313445179467446425610459627698166065121147092939394587282144257326184077919782054138119615577855687412101846151592121393211390909948656978591283509029390176836490840582044303329546303170966955977, 906133417118975/14916154561848654, 10784460615920477526274523834693/32196560947014489636371789592084, 8962611444967156498996385474597015084816938879/356492794524260467935370622494772753328978610127, -5753333780206481248696856114112954426007327606717768548575804861/14081528339100434820456949078927002528817720904690102197391690273, 14702383341795054576469436770185209135634998391354774530679828148070126324987871/120416018443505116566353289215030321553403929723672918841097491563689898116779027, 59563714810522181312889483639736859337308667645673599115889926724440806781618779795452053293412/210734247657567932229430040117588937408637084116390094019776409035143529932286997041427333975445, -6495598888745355723372262107487102530051859167717550205871286051675662908111350850295352996758004584836586358811/15785112418919364177691174184640814480019962656442154577754382313310942809281389343915380893905211180880554390118, -185104367038963476714808699832446754433267546866475771892316515293702806288536745440664839601266861956462829792992322297315620925/457433583225986007923119440109596759784348714919308214346149518719541858653016514548094990036000565338519499467246391288245988223, -2194269704358140165439441297892401332699264019115801156340188135784529339785328075991771959979634680814874162130195827019166696853883860894659572/4701430342475944081379977693836659600697103203291808946702641200811544216086906829253970871067172891247126556145232040818237273795529655332253405, 14312389049633951880201460191870076281026824296375855232933107488388175179549609472840069950445651603163709964976996452995798506367815502590383005227431182594262/47334803500975695243936933836777685905524658712506466355740529030233011508430632994195487810848733302959786881025422717654629037837659548517743693269592068466507, -53815395862346590201533871355062559365743790740415300009198693995073796810684407669632769590973082411297533042454883030630271800355561317815852584863319141223964208568572602040/408374098073374165178703199110146036599230406768163651611296231797507660107608107744484446215521867118756562795031879633007332763341578305739717704358141646129101072881225190207, 38803684288400076946019325827787541955182688912635926342678675687823639543519657019052150106185785302981526487563821877264811698328772534346171571180570878490653579747962884524732467879111023/101884280685871862260818893992168367848900226322345020207677120753931849580276190260058060057659827809951313354261453454625277907929997398380550897066673551058956097665779921798476976594754387, -5482753732471387930337735424529541361582826886864143438961119204599965162983281277075948338175150808173848609603216254656823283395352596563210738356933300655235415598188482583363247214060558262657187500770133/35982574673269313445179467446425610459627698166065121147092939394587282144257326184077919782054138119615577855687412101846151592121393211390909948656978591283509029390176836490840582044303329546303170966955977, 131640605211168124544606886940831031228249931305616222128284634175569945399650351655130348346022231545616124906726170471397575106335999146677302412177600932417037262259284559680922809685124333096818888656269757321732372687515/373560375078404570300670933300940684413652512916715585428594468722146033818219123129600929849973649168378370793491745635785417374013422924336940831113774252803234915189719494577415378068968954903668662780109848392643247260582] }
(hist.len, cnt): (1832, 32106)
[(0, 1), (0, 1), (0, 1), (0, 1), (0, 1), (0, 1), (0, 1), (0, 1), (0, 1), (0, 1), (0, 1), (0, 1), (0, 1), (0, 1), (0, 1), (0, 1), (0, 1), (0, 1), (0, 1), (0, 1), (0, 1), (0, 1), (0, 1), (0, 1), (0, 1), (0, 1), (0, 1), (0, 1), (0, 1), (0, 1), (0, 1), (0, 1), (0, 1), (0, 1), (0, 1), (0, 1), (0, 1), (0, 1), (0, 1), (0, 1), (0, 1), (0, 1), (0, 1), (0, 1), (0, 1), (0, 1), (0, 1), (0, 1), (0, 1), (0, 1), (0, 1), (0, 1), (0, 1), (0, 1), (0, 1), (0, 1), (0, 1), (0, 1), (0, 1), (0, 1), (0, 1), (0, 1), (0, 1), (0, 1), (0, 1), (0, 1), (0, 1), (0, 1), (0, 1), (0, 1), (0, 1), (0, 1), (0, 1), (0, 1), (0, 1), (0, 1), (0, 2), (0, 2), (0, 2), (0, 1), (0, 2), (0, 2), (1, 2), (0, 2), (0, 2), (0, 2), (0, 2), (0, 2), (0, 2), (0, 2), (1, 2), (1, 2), (0, 2), (0, 2), (0, 2), (0, 2), (0, 2), (0, 1), (0, 2), (0, 2), (0, 2), (0, 2), (0, 2), (0, 2), (0, 2), (0, 1), (0, 1), (0, 2), (0, 2), (0, 2), (0, 2), (0, 1), (0, 2), (0, 2), (0, 2), (0, 2), (0, 2), (0, 2), (0, 2), (0, 2), (1, 2), (0, 2), (0, 2), (0, 2), (0, 2), (0, 2), (0, 1), (0, 2), (0, 2), (1, 2), (0, 3), (0, 2), (1, 2), (0, 3), (0, 2), (0, 3), (0, 3), (0, 3), (1, 3), (0, 3), (1, 3), (0, 3), (0, 3), (1, 3), (0, 3), (0, 2), (0, 3), (0, 3), (0, 3), (1, 3), (0, 3), (1, 2), (0, 3), (1, 2), (1, 3), (0, 2), (0, 3), (0, 3), (1, 2), (0, 3), (0, 2), (1, 2), (0, 3), (0, 1), (1, 3), (0, 3), (1, 2), (0, 2), (0, 3), (0, 3), (0, 3), (0, 3), (0, 3), (1, 3), (0, 3), (0, 3), (1, 2), (0, 3), (1, 3), (0, 3), (0, 3), (0, 3), (0, 1), (1, 3), (0, 3), (1, 2), (0, 3), (0, 3), (1, 2), (0, 3), (1, 2), (0, 3), (0, 3), (1, 4), (0, 4), (0, 2), (0, 4), (0, 3), (1, 4), (0, 2), (1, 2), (0, 4), (1, 4), (1, 4), (2, 3), (0, 4), (0, 3), (1, 4), (0, 4), (0, 2), (1, 2), (2, 3), (0, 4), (1, 4), (1, 4), (1, 4), (1, 4), (2, 3), (1, 4), (0, 3), (1, 3), (0, 4), (1, 2), (1, 3), (1, 4), (0, 3), (0, 4), (1, 3), (0, 4), (0, 3), (1, 2), (0, 4), (1, 2), (0, 4), (0, 4), (0, 2), (0, 4), (1, 4), (1, 3), (0, 4), (1, 3), (1, 3), (0, 4), (1, 4), (1, 3), (0, 4), (0, 4), (1, 2), (1, 4), (0, 4), (0, 4), (0, 2), (0, 4), (1, 2), (0, 4), (2, 3), (0, 4), (1, 2), (1, 3), (0, 4), (1, 2), (0, 4), (1, 2), (2, 3), (1, 3), (2, 3), (0, 4), (0, 2), (1, 4), (0, 5), (1, 3), (0, 5), (1, 2), (1, 5), (2, 3), (0, 5), (0, 2), (0, 5), (1, 4), (0, 5), (1, 2), (2, 3), (0, 4), (0, 5), (1, 2), (0, 3), (3, 4), (0, 5), (1, 3), (0, 4), (1, 3), (0, 4), (1, 2), (3, 4), (0, 5), (2, 3), (1, 3), (2, 3), (1, 4), (0, 5), (3, 4), (0, 5), (2, 3), (0, 4), (2, 4), (1, 5), (0, 5), (1, 3), (1, 3), (0, 4), (2, 4), (3, 4), (1, 5), (2, 5), (0, 5), (0, 5), (1, 3), (2, 5), (0, 5), (1, 2), (0, 4), (0, 2), (3, 4), (0, 5), (1, 3), (1, 3), (0, 4), (2, 3), (0, 5), (2, 3), (1, 4), (0, 5), (3, 4), (1, 5), (2, 3), (3, 4), (0, 5), (0, 4), (1, 2), (0, 5), (1, 5), (1, 5), (0, 5), (1, 2), (0, 4), (1, 2), (2, 5), (0, 6), (2, 3), (3, 4), (2, 6), (3, 5), (0, 6), (2, 4), (1, 5), (3, 5), (4, 5), (2, 6), (1, 5), (1, 3), (0, 6), (2, 3), (0, 6), (3, 5), (1, 6), (2, 3), (1, 5), (3, 4), (2, 6), (3, 4), (0, 6), (3, 4), (0, 6), (2, 3), (2, 4), (0, 6), (0, 2), (1, 5), (0, 6), (1, 2), (1, 4), (1, 3), (3, 5), (0, 6), (0, 2), (3, 4), (0, 5), (0, 6), (2, 3), (0, 6), (1, 3), (2, 3), (0, 6), (2, 3), (2, 6), (2, 5), (0, 6), (1, 2), (2, 3), (0, 4), (1, 2), (1, 5), (2, 3), (0, 5), (1, 6), (0, 4), (2, 3), (4, 5), (0, 6), (0, 6), (2, 3), (2, 4), (0, 5), (0, 6), (2, 3), (2, 6), (2, 5), (0, 6), (0, 5), (1, 6), (2, 5), (1, 6), (4, 6), (0, 7), (1, 2), (3, 5), (1, 6), (4, 6), (0, 7), (4, 5), (0, 6), (1, 4), (3, 4), (5, 6), (0, 7), (3, 5), (0, 6), (4, 5), (0, 6), (1, 6), (3, 4), (1, 5), (0, 6), (5, 6), (0, 7), (2, 3), (2, 5), (3, 5), (0, 6), (1, 2), (2, 3), (1, 5), (1, 6), (4, 5), (3, 6), (1, 7), (1, 3), (3, 4), (0, 6), (1, 3), (0, 5), (2, 4), (2, 4), (4, 5), (0, 6), (3, 4), (5, 6), (4, 7), (2, 4), (4, 5), (2, 6), (2, 7), (2, 4), (3, 4), (2, 5), (1, 7), (0, 3), (1, 2), (1, 3), (0, 6), (1, 2), (3, 4), (2, 6), (3, 4), (4, 5), (0, 7), (2, 3), (1, 5), (0, 7), (4, 5), (0, 7), (3, 4), (1, 7), (2, 4), (2, 6), (3, 5), (4, 5), (0, 7), (2, 3), (4, 5), (1, 6), (4, 5), (5, 6), (0, 7), (3, 4), (0, 6), (1, 2), (3, 5), (0, 7), (1, 3), (0, 5), (2, 3), (5, 6), (0, 7), (0, 3), (5, 6), (1, 7), (4, 5), (1, 8), (1, 3), (1, 5), (2, 4), (3, 4), (2, 7), (3, 4), (6, 7), (0, 8), (3, 4), (0, 5), (4, 5), (0, 8), (1, 3), (4, 5), (4, 7), (0, 8), (2, 4), (4, 5), (2, 6), (3, 4), (5, 6), (0, 7), (2, 3), (1, 4), (2, 3), (4, 6), (2, 7), (1, 5), (1, 7), (1, 5), (2, 6), (3, 4), (2, 6), (3, 6), (4, 6), (1, 8), (1, 3), (2, 4), (5, 6), (5, 7), (6, 7), (1, 8), (3, 4), (1, 6), (2, 3), (0, 8), (1, 3), (0, 4), (0, 5), (2, 3), (5, 7), (0, 8), (1, 4), (3, 4), (1, 8), (2, 3), (2, 5), (3, 6), (2, 6), (4, 5), (4, 6), (2, 7), (1, 5), (2, 6), (0, 4), (1, 3), (3, 4), (0, 8), (1, 4), (0, 7), (4, 6), (0, 7), (2, 3), (3, 6), (4, 7), (5, 7), (6, 7), (2, 8), (3, 4), (3, 5), (4, 5), (1, 6), (4, 6), (5, 6), (2, 6), (3, 5), (0, 7), (2, 3), (1, 4), (5, 6), (0, 7), (1, 2), (2, 3), (0, 4), (5, 7), (1, 8), (3, 4), (2, 6), (3, 4), (4, 5), (3, 6), (4, 6), (4, 7), (0, 8), (2, 3), (2, 5), (0, 8), (2, 4), (3, 4), (2, 5), (0, 6), (3, 5), (5, 6), (1, 8), (3, 4), (0, 6), (0, 5), (0, 8), (1, 2), (4, 5), (2, 5), (3, 5), (2, 6), (3, 5), (2, 8), (0, 3), (1, 3), (2, 3), (1, 5), (4, 6), (0, 7), (2, 4), (2, 4), (4, 5), (5, 6), (0, 8), (1, 5), (4, 5), (3, 5), (4, 5), (1, 6), (4, 5), (4, 6), (3, 8), (4, 5), (4, 7), (5, 6), (1, 8), (4, 6), (6, 7), (0, 9), (4, 5), (1, 9), (3, 4), (6, 7), (5, 8), (0, 9), (1, 8), (3, 4), (0, 9), (3, 4), (2, 7), (5, 7), (0, 9), (2, 4), (4, 7), (2, 9), (1, 5), (6, 7), (0, 9), (2, 4), (3, 4), (3, 6), (4, 6), (6, 7), (5, 7), (6, 7), (1, 9), (0, 4), (1, 2), (0, 3), (1, 2), (1, 3), (2, 5), (4, 7), (0, 8), (1, 3), (1, 4), (1, 4), (2, 4), (0, 8), (3, 4), (0, 9), (2, 5), (3, 6), (5, 6), (0, 8), (2, 4), (0, 5), (4, 5), (5, 6), (1, 8), (4, 6), (4, 7), (6, 7), (0, 9), (2, 5), (4, 5), (2, 6), (3, 4), (3, 6), (2, 7), (1, 8), (3, 5), (4, 5), (0, 9), (1, 2), (1, 3), (2, 3), (2, 4), (5, 6), (0, 7), (0, 4), (4, 5), (4, 7), (2, 6), (3, 5), (0, 9), (1, 3), (1, 4), (0, 6), (4, 8), (5, 8), (0, 9), (2, 3), (1, 4), (1, 6), (3, 5), (6, 7), (1, 8), (2, 4), (5, 6), (6, 7), (1, 9), (2, 3), (3, 5), (0, 8), (3, 5), (4, 5), (0, 6), (2, 3), (2, 5), (0, 9), (2, 3), (1, 4), (2, 4), (2, 4), (1, 5), (2, 4), (1, 8), (2, 4), (4, 5), (0, 9), (3, 7), (6, 7), (0, 8), (2, 4), (2, 5), (3, 5), (4, 5), (6, 7), (2, 10), (2, 4), (5, 6), (7, 8), (0, 9), (1, 2), (5, 7), (6, 7), (7, 8), (8, 9), (0, 10), (2, 4), (5, 6), (1, 7), (2, 4), (3, 5), (6, 7), (0, 9), (3, 4), (3, 8), (3, 10), (5, 7), (6, 7), (2, 9), (5, 7), (6, 8), (4, 9), (1, 10), (2, 3), (2, 4), (5, 6), (5, 7), (1, 9), (2, 3), (4, 6), (5, 6), (2, 7), (5, 6), (4, 9), (6, 7), (0, 10), (0, 3), (6, 7), (6, 8), (4, 9), (7, 8), (4, 9), (5, 6), (6, 7), (0, 10), (1, 4), (5, 8), (6, 7), (1, 10), (6, 8), (5, 9), (2, 10), (3, 5), (3, 6), (4, 5), (3, 8), (2, 4), (3, 4), (2, 7), (3, 4), (1, 6), (2, 3), (1, 9), (7, 9), (1, 10), (4, 5), (0, 6), (2, 8), (0, 9), (3, 6), (4, 5), (3, 6), (6, 7), (0, 10), (1, 2), (0, 4), (5, 8), (5, 9), (7, 8), (0, 10), (1, 2), (0, 3), (4, 6), (2, 9), (3, 4), (0, 6), (1, 7), (8, 9), (0, 10), (1, 2), (2, 3), (3, 4), (4, 5), (5, 6), (4, 7), (5, 7), (6, 7), (0, 8), (2, 3), (5, 6), (7, 8), (0, 10), (2, 5), (4, 5), (6, 7), (2, 8), (1, 5), (2, 3), (3, 4), (4, 9), (3, 10), (0, 4), (1, 4), (2, 4), (3, 5), (4, 6), (4, 7), (5, 7), (6, 7), (0, 8), (1, 2), (0, 6), (2, 5), (3, 4), (3, 5), (4, 6), (2, 7), (3, 4), (3, 5), (4, 5), (7, 8), (2, 10), (3, 4), (0, 5), (2, 10), (1, 4), (2, 3), (5, 6), (0, 11), (3, 5), (4, 5), (1, 6), (3, 4), (6, 7), (2, 8), (9, 10), (0, 11), (0, 2), (3, 4), (8, 9), (0, 11), (1, 3), (2, 3), (3, 4), (4, 5), (6, 7), (3, 9), (4, 6), (5, 6), (7, 9), (8, 9), (0, 10), (1, 4), (2, 3), (1, 4), (5, 7), (6, 7), (7, 9), (2, 10), (3, 4), (7, 8), (0, 11), (2, 5), (0, 6), (3, 8), (4, 5), (8, 9), (3, 10), (7, 8), (2, 9), (5, 6), (5, 7), (6, 7), (5, 10), (6, 8), (5, 10), (6, 9), (7, 8), (0, 11), (3, 5), (7, 9), (9, 10), (0, 11), (2, 4), (5, 6), (4, 10), (5, 6), (0, 11), (3, 4), (3, 5), (5, 6), (7, 8), (0, 11), (2, 3), (4, 5), (2, 6), (2, 7), (6, 7), (6, 8), (4, 10), (0, 11), (1, 2), (3, 4), (1, 8), (2, 3), (3, 8), (7, 9), (9, 10), (1, 11), (4, 6), (1, 9), (2, 3), (4, 6), (7, 8), (4, 9), (7, 9), (2, 11), (4, 6), (2, 8), (7, 8), (5, 9), (3, 7), (4, 6), (5, 6), (7, 8), (0, 11), (1, 2), (0, 3), (4, 7), (6, 8), (7, 9), (4, 10), (2, 4), (3, 6), (5, 6), (4, 8), (5, 6), (6, 7), (0, 10), (2, 4), (3, 5), (3, 7), (7, 8), (2, 9), (0, 5), (6, 9), (0, 11), (1, 2), (2, 3), (3, 4), (3, 5), (5, 6), (3, 8), (4, 5), (5, 6), (4, 7), (5, 6), (0, 9), (1, 2), (1, 3), (3, 4), (2, 5), (6, 7), (0, 9), (2, 4), (3, 4), (2, 5), (3, 4), (5, 7), (6, 7), (2, 9), (3, 5), (4, 5), (3, 6), (4, 7), (5, 7), (6, 7), (5, 9), (6, 8), (7, 8), (5, 9), (7, 10), (4, 8), (0, 12), (1, 2), (1, 3), (2, 5), (3, 4), (4, 5), (6, 7), (7, 9), (0, 10), (1, 4), (6, 7), (5, 10), (7, 9), (8, 10), (0, 11), (1, 3), (1, 4), (5, 6), (7, 9), (3, 12), (2, 7), (8, 10), (3, 11), (2, 8), (3, 4), (7, 8), (9, 11), (0, 12), (1, 2), (2, 3), (0, 5), (6, 8), (4, 9), (6, 8), (8, 9), (4, 10), (6, 7), (1, 9), (4, 6), (2, 8), (5, 6), (3, 7), (4, 5), (4, 6), (2, 10), (3, 4), (4, 5), (5, 6), (6, 7), (8, 10), (8, 10), (1, 11), (2, 3), (3, 4), (2, 5), (4, 5), (3, 6), (4, 6), (5, 6), (5, 7), (1, 8), (4, 8), (6, 7), (6, 8), (0, 9), (2, 5), (2, 6), (4, 5), (4, 7), (5, 8), (0, 10), (4, 6), (5, 6), (4, 7), (5, 7), (6, 7), (4, 8), (5, 8), (6, 9), (0, 11), (4, 5), (1, 7), (3, 4), (5, 7), (2, 11), (3, 5), (4, 5), (2, 12), (3, 4), (4, 5), (3, 9), (4, 5), (6, 7), (8, 9), (0, 11), (2, 3), (7, 8), (3, 11), (8, 9), (2, 12), (3, 4), (3, 5), (5, 6), (5, 9), (4, 8), (7, 8), (1, 10), (3, 5), (7, 8), (7, 9), (2, 11), (1, 4), (0, 7), (4, 7), (6, 7), (5, 8), (7, 8), (6, 10), (7, 8), (7, 9), (8, 9), (6, 10), (9, 10), (0, 11), (1, 2), (1, 4), (4, 5), (1, 6), (4, 5), (4, 6), (5, 6), (1, 8), (2, 9), (6, 8), (7, 8), (9, 11), (10, 11), (0, 12), (1, 3), (1, 4), (2, 5), (3, 4), (6, 8), (7, 8), (5, 9), (0, 6), (2, 3), (3, 4), (4, 5), (1, 6), (2, 3), (7, 9), (8, 9), (0, 11), (9, 10), (9, 11), (2, 12), (3, 4), (1, 5), (2, 3), (5, 6), (4, 9), (1, 5), (2, 5), (3, 4), (3, 10), (4, 7), (5, 7), (6, 7), (6, 8), (0, 11), (3, 5), (5, 6), (6, 8), (7, 8), (7, 9), (9, 10), (6, 11), (3, 9), (2, 3), (4, 7), (5, 7), (7, 8), (9, 11), (10, 11), (0, 12), (3, 4), (3, 5), (6, 8), (10, 11), (3, 12), (4, 5), (2, 6), (3, 9), (5, 6), (10, 11), (3, 12), (3, 5), (6, 7), (1, 9), (0, 11), (1, 9), (5, 6), (6, 7), (7, 8), (6, 9), (5, 11), (6, 9), (7, 10), (8, 9), (3, 10), (6, 9), (4, 10), (5, 7), (6, 9), (7, 8), (9, 10), (5, 12), (4, 5), (2, 4), (1, 2), (2, 3), (2, 9), (6, 7), (6, 8), (7, 8), (4, 9), (6, 7), (7, 9), (5, 9), (6, 8), (6, 8), (3, 10), (4, 5), (6, 9), (7, 9), (8, 9), (6, 10), (8, 9), (9, 10), (2, 11), (4, 7), (0, 8), (1, 2), (5, 6), (3, 6), (4, 6), (5, 6), (5, 10), (5, 11), (4, 6), (5, 6), (1, 7), (5, 6), (2, 7), (4, 5), (3, 7), (3, 7), (4, 5), (0, 8), (1, 2), (2, 5), (1, 6), (4, 5), (4, 6), (6, 7), (5, 8), (0, 9), (1, 4), (3, 4), (5, 7), (9, 10), (10, 11), (0, 12), (1, 4), (2, 3), (1, 5), (2, 3), (1, 9), (2, 5), (7, 8), (7, 9), (6, 10), (3, 8), (5, 7), (6, 7), (4, 11), (5, 6), (8, 9), (5, 10), (9, 10), (3, 12), (6, 7), (7, 8), (8, 9), (5, 10), (6, 7), (6, 8), (7, 8), (1, 11), (2, 6), (4, 5), (3, 6), (4, 5), (4, 9), (5, 8), (6, 8), (8, 9), (9, 10), (2, 12), (3, 6), (4, 6), (8, 10), (9, 10), (0, 13), (1, 3), (4, 5), (3, 6), (1, 10), (3, 5), (6, 7), (8, 10), (4, 12), (6, 9), (8, 10), (11, 12), (1, 13), (4, 6), (5, 6), (0, 8), (7, 8), (7, 9), (2, 13), (0, 9), (2, 4), (0, 5), (8, 9), (10, 12), (11, 12), (6, 13), (6, 10), (7, 11), (6, 12), (4, 8), (3, 10), (2, 5), (4, 5), (5, 6), (6, 7), (7, 8), (9, 10), (2, 11), (3, 4), (3, 7), (5, 7), (6, 7), (0, 13), (4, 5), (2, 6), (4, 5), (4, 7), (5, 6), (8, 9), (8, 11), (10, 11), (10, 12), (11, 12), (0, 13), (1, 2), (3, 4), (2, 5), (4, 5), (6, 7), (8, 10), (9, 11), (2, 12), (4, 5), (6, 7), (8, 9), (1, 10), (4, 5), (6, 7), (8, 10), (9, 10), (7, 12), (0, 12), (1, 2), (2, 3), (3, 4), (5, 9), (6, 8), (7, 8), (5, 12), (11, 12), (0, 13), (1, 3), (6, 7), (7, 8), (8, 9), (1, 10), (3, 5), (2, 6), (0, 7), (8, 11), (9, 10), (0, 13), (2, 3), (2, 7), (3, 4), (4, 7), (3, 8), (2, 5), (3, 4), (6, 7), (4, 9), (5, 6), (8, 9), (2, 10), (5, 6), (3, 7), (4, 5), (5, 6), (7, 8), (9, 10), (2, 12), (4, 5), (4, 7), (6, 7), (0, 10), (5, 6), (7, 8), (8, 11), (10, 11), (10, 12), (11, 12), (2, 13), (2, 6), (6, 7), (6, 9), (7, 9), (7, 10), (8, 9), (9, 10), (2, 11), (8, 10), (9, 10), (0, 12), (2, 4), (1, 5), (2, 6), (5, 7), (7, 8), (6, 9), (6, 9), (2, 10), (0, 6), (3, 4), (1, 9), (2, 5), (3, 5), (2, 6), (6, 7), (8, 9), (8, 12), (10, 11), (11, 12), (0, 13), (1, 6), (5, 6), (0, 7), (2, 4), (3, 4), (5, 8), (8, 9), (4, 11), (5, 6), (8, 9), (8, 10), (7, 11), (8, 11), (8, 11), (9, 10), (5, 13), (6, 8), (7, 8), (7, 10), (4, 11), (5, 7), (6, 7), (6, 8), (9, 11), (10, 11), (0, 14), (1, 2), (2, 5), (4, 5), (2, 6), (3, 4), (2, 7), (4, 7), (3, 9), (4, 6), (5, 6), (5, 8), (6, 8), (2, 11), (2, 4), (3, 4), (5, 7), (9, 10), (5, 11), (0, 13), (6, 7), (7, 8), (8, 9), (9, 10), (1, 14), (3, 4), (0, 5), (1, 2), (0, 3), (2, 4), (4, 5), (6, 7), (9, 10), (9, 11), (0, 13), (3, 4), (6, 7), (6, 10), (0, 13), (2, 3), (2, 4), (5, 6), (7, 8), (9, 10), (1, 11), (3, 5), (2, 6), (4, 5), (6, 8), (8, 9), (7, 11), (2, 12), (3, 4), (5, 7), (2, 10), (3, 4), (3, 5), (4, 5), (3, 8), (4, 5), (9, 10), (4, 11), (5, 6), (7, 9), (5, 10), (2, 13), (3, 5), (1, 7), (2, 3), (4, 7), (4, 8), (5, 6), (5, 7), (7, 9), (8, 9), (5, 10), (7, 11), (8, 9), (10, 11), (10, 13), (11, 12), (0, 14), (4, 5), (3, 6), (2, 7), (3, 6), (4, 5), (1, 7), (4, 6), (5, 6), (7, 10), (9, 10), (4, 12), (5, 6), (5, 8), (6, 7), (6, 8), (7, 8), (4, 14), (3, 6), (8, 9), (9, 11), (7, 12), (9, 10), (7, 12), (9, 11), (10, 11), (9, 12), (10, 11), (10, 12), (11, 12), (7, 13), (8, 9), (8, 12), (2, 13), (8, 9), (11, 13), (1, 14), (0, 4), (2, 3), (4, 5), (4, 8), (6, 7), (3, 8), (7, 10), (9, 10), (9, 12), (10, 11), (10, 12), (2, 13), (4, 5), (5, 6), (4, 7), (4, 6), (4, 9), (8, 9), (5, 13), (4, 7), (5, 6), (7, 8), (0, 10), (1, 2), (2, 9), (5, 7), (5, 7), (0, 11), (1, 4), (4, 5), (1, 6), (2, 3), (4, 6), (5, 7), (6, 7), (9, 12), (0, 14), (0, 3), (2, 4), (2, 7), (3, 4), (8, 9), (7, 9), (8, 9), (5, 11), (0, 12), (1, 3), (2, 3), (1, 4), (8, 9), (3, 10), (3, 6), (5, 6), (7, 10), (8, 9), (9, 10), (3, 11), (4, 5), (6, 7), (4, 9), (7, 8), (7, 11), (8, 9), (9, 10), (12, 13), (0, 14), (1, 3), (4, 7), (5, 6), (5, 7), (6, 7), (4, 8), (5, 7), (6, 7), (5, 8), (7, 8), (4, 10), (7, 8), (1, 11), (2, 3), (3, 4), (8, 9), (8, 10), (10, 11), (11, 12), (6, 13), (7, 13), (8, 9), (8, 10), (10, 13), (11, 13), (12, 13), (0, 14), (3, 4), (3, 5), (4, 8), (5, 6), (7, 8), (8, 9), (9, 10), (1, 12), (7, 11), (9, 11), (10, 11), (10, 12), (11, 12), (4, 14), (5, 7), (8, 9), (7, 10), (5, 11), (6, 7), (7, 9), (9, 10), (0, 13), (6, 7), (7, 8), (6, 9), (7, 8), (8, 9), (10, 12), (9, 13), (11, 12), (1, 14), (5, 6), (3, 7), (5, 6), (9, 10), (12, 13), (10, 14), (11, 13), (12, 13), (12, 14), (13, 14)]
