results/deeplll/svpchallengedim40seed3dim15delta1.txt: 174.308 sec
b: [[15075370, -39494632, 42848311, 21577934, -21923454, 52621433, -33262503, -15961748, -13213094, -1279908, -51197930, 4974163, 2653714, -34221964, -17844989],
 [45597591, -26848412, -5986357, 22449242, 31136657, -13008410, 42071323, 49760586, 41169463, -859705, -44939928, 11750894, -60032548, 13881070, 13886380],
 [57944834, -68694695, -26828036, -3067045, -34628807, -15003324, -4539936, 26534948, 54441563, -60583681, -10617610, -16300539, 5825042, 7619955, -13567393],
 [-73121243, 44140287, 25318648, 27614679, 42034388, -31205797, -17677208, -25080627, 2473037, 25679018, 8119247, -47466534, 7814679, -41283159, -48083400],
 [18908366, 14302684, 67151672, -8019451, 31801682, -58528672, 37514094, 17260866, 73903569, 23618953, -10266890, -17229258, 8084260, 41153647, -13772415],
 [-19272160, 39061159, 3602393, 7514077, -1286531, -8397987, 45577301, 67336994, -88869734, -10698334, 10855454, 6155933, -8930384, -23469673, 49980370],
 [-68231088, -46388710, -33756395, -54352671, 6174901, -49374522, -40820607, 29552331, -45107272, -43291665, 21003830, -34714081, 8210787, -14108277, -46050766],
 [46672979, 40607017, 42639627, -19467006, -7387428, 2588736, -56648054, -5129678, 24536063, -7119586, -3681869, -48273528, 44936669, -59829279, 33310420],
 [63452358, -24355872, 22657182, -32342892, -50971863, -57518437, 25216717, -7446654, 48610271, -25868663, -4293548, -574301, -51700342, -33928198, 43515938],
 [37787488, 2269850, 90121052, -8142914, 87469, -50096406, -2105491, 48331758, 5833472, 4411486, -5243228, 44593068, -42940436, -34229425, -47466327],
 [-24028995, -17185109, -21962447, 2439036, 34525438, -84253689, 1589953, -21518497, -53561491, 5180800, -46995210, -20354564, -4721098, -76181757, 19119644],
 [-35919935, -26110187, 34469670, -79617010, -25414601, -19556234, 9112607, 18837512, 50134803, -15558579, 41786994, -18017893, 27704198, -75886207, -26442284],
 [27091583, 7709037, -18352230, 67548360, -12225395, 24006766, -50286569, -1561244, -13240461, 83678271, 28753359, 14080604, 10848586, 45466538, -12526050],
 [32888278, -7442284, 26721702, -4793384, 52188786, -17080555, -13096439, -20801089, 27880700, -51403740, 84185437, -4081476, 69376465, -46694541, -8196098],
 [-43554228, -28232026, 81242016, 9356869, 17385510, -43246147, -37625368, 42736733, 37392981, -53292932, -20806324, -671498, -36146333, -17459865, 44554823]], shape=[15, 15], strides=[15, 1], layout=Cc (0x5), const ndim=2
v_norms: [13018325281815501, 23917310022574892190242547015374/1446480586868389, 357591397269248748313573282748881885371293161763/23917310022574892190242547015374, 4760800027655160368599530067492976405101172988708329615133134916/357591397269248748313573282748881885371293161763, 44969278371129161919859667677831532332429422762061455518048950884221623861640330/3570600020741370276449647550619732303825879741531247211349851187, 1631565440165975829577415561862130434436323481697180475068655945894267526300814944706906191177679/134907835113387485759579003033494596997288268286184366554146852652664871584920990, 75249251614143043936613981053627215031663458010456055151009285506612282144934007127079993529226471929518733418467/6526261760663903318309662247448521737745293926788721900274623783577070105203259778827624764710716, 826689449279128454581421853260536202297698723394516203170446654743144935619244420303478832768506401062197294352824773401214356134/75249251614143043936613981053627215031663458010456055151009285506612282144934007127079993529226471929518733418467, 4618893099176024506979225925382112065262691700408702086572056069040952700124826858482079862804685639412883527761214280618821088419698202948584923/413344724639564227290710926630268101148849361697258101585223327371572467809622210151739416384253200531098647176412386700607178067, 42463476095245649114680882220635156441490020171156474662145355166910545766369953373670945375916426032324629827638904163375020229147680807915451231609246069600541/4618893099176024506979225925382112065262691700408702086572056069040952700124826858482079862804685639412883527761214280618821088419698202948584923, 697348652054812067708706140729446914358495498088703419513744173807952828714584880685198034745389955922025170205960778154678726619088658111333144854602624816286339175054962655807/84926952190491298229361764441270312882980040342312949324290710333821091532739906747341890751832852064649259655277808326750040458295361615830902463218492139201082, 6033344418413474705474356539343094979689131325978889753016880411748252038241880616930014301974057043062072132717974103806186511965274632777862247668293631876767447222133198719190718516520430814/697348652054812067708706140729446914358495498088703419513744173807952828714584880685198034745389955922025170205960778154678726619088658111333144854602624816286339175054962655807, 46980987703558859267964414853213409772730557359113645847595726937116860298296848287369111609744951874812608589562134783997743518999871283849142514911057255158640718417574473039104334070267659715472656926226319/6033344418413474705474356539343094979689131325978889753016880411748252038241880616930014301974057043062072132717974103806186511965274632777862247668293631876767447222133198719190718516520430814, 397497532417661697813835061484459527486199638283374455600240375847876169718244450426941676981472006794004653162174271752497741152637656350832365190019055186893238693056686658501107008778315562546058533542700576684261713223260/46980987703558859267964414853213409772730557359113645847595726937116860298296848287369111609744951874812608589562134783997743518999871283849142514911057255158640718417574473039104334070267659715472656926226319, 3555822303820348596126553004628936474041015535377025692352552146379066324338315123754919151117534890525948044022890187454352924360155754362269122969205393295793750186796242258607490889162196269041214588937709727697784976369467234839970239849/397497532417661697813835061484459527486199638283374455600240375847876169718244450426941676981472006794004653162174271752497741152637656350832365190019055186893238693056686658501107008778315562546058533542700576684261713223260], shape=[15], strides=[1], layout=CFcf (0xf), const ndim=1
Mu { arr: [-216959493924914/4339441760605167, 1885563430017298/13018325281815501, 30660541440265393160050767833045/71751930067724676570727641046122, -1165980775205105/13018325281815501, -15055636752168579766135830855683/35875965033862338285363820523061, -163165832620138699299467770547501506550222318566/357591397269248748313573282748881885371293161763, -1527948959799187/4339441760605167, 5085534594352777724222159894199/11958655011287446095121273507687, -29427736908025261392857457286834722940273942912/1072774191807746244940719848246645656113879485289, 509384706536643184146145404652190875998694752465232537205313631/1190200006913790092149882516873244101275293247177082403783283729, -1323641712738322/4339441760605167, 40884065065598313182901979061/3416758574653556027177506716482, -501784220291538000745262656784992548422618943029/1072774191807746244940719848246645656113879485289, -134715263764958381676433125952608620677951367150334676302738817/396733335637930030716627505624414700425097749059027467927761243, -17157239600588970323596881916999884820081078335748655266480321229059615997049293/44969278371129161919859667677831532332429422762061455518048950884221623861640330, -2933403983505941/13018325281815501, -15063597652130481694100012135951/35875965033862338285363820523061, 449766696468507214597282149754820324771315556404/1072774191807746244940719848246645656113879485289, 656362203379334660169941813341679258036098250733708696806821493/1586933342551720122866510022497658801700390996236109871711044972, -20846673359518514373431147499705229200793264389429566997423755608278119374984309/44969278371129161919859667677831532332429422762061455518048950884221623861640330, 501042842807395528249503390438909897748824386802331096515063407697730014147289834270482937767727/1631565440165975829577415561862130434436323481697180475068655945894267526300814944706906191177679, 3976746295940699/13018325281815501, -2981103942527238562318050698957/10250275723960668081532520149446, 186174231093560530341593724513447015761325780163/1072774191807746244940719848246645656113879485289, 302898075694898897822345943501670006391761911976090948741571937/1586933342551720122866510022497658801700390996236109871711044972, 2177295832484035689329621987435502829995558973897728589632093038949031420601767/6424182624447023131408523953975933190347060394580207931149850126317374837377190, 398839294838112493431337495240916043619559733587104098013720410625841874841204506456793576054253/1631565440165975829577415561862130434436323481697180475068655945894267526300814944706906191177679, -33768306577705300309807024364746375533907166880364098142514589103350801134886419125847672523777550866894581314909/75249251614143043936613981053627215031663458010456055151009285506612282144934007127079993529226471929518733418467, -582577881639731/13018325281815501, 17259177353804760043970804673577/35875965033862338285363820523061, 499463831864353566460345615528520905306081666550/1072774191807746244940719848246645656113879485289, -652999229457271944324603132008326181912992838631692934636604541/4760800027655160368599530067492976405101172988708329615133134916, 5716022540969056363204923142039696198324537354089286466499282292778375303709823/22484639185564580959929833838915766166214711381030727759024475442110811930820165, 240806234758448121544531958150428993432962180730793152309163999393038284222186832244271852332412/1631565440165975829577415561862130434436323481697180475068655945894267526300814944706906191177679, -182546375814776579045031075616556324411006631081687587668635621208018658723964643118988111705560076564807616241/1030811665947164985433068233611331712762513123430904865082318979542634001985397357905205390811321533281078539979, 157132257658340892599910631954733042599124023133245700511398111400355645847297844533077683359535405905015640441849236143853998708/413344724639564227290710926630268101148849361697258101585223327371572467809622210151739416384253200531098647176412386700607178067, 3138367036063388/13018325281815501, 14118536441641083371743335336290/35875965033862338285363820523061, -146480875092820631187758592907964089547223152782/1072774191807746244940719848246645656113879485289, 1142382907969588004153086058310177815171128870796711322006928415/4760800027655160368599530067492976405101172988708329615133134916, 22093105825091371891766208472448528316033781349900878472942232030693426431025989/44969278371129161919859667677831532332429422762061455518048950884221623861640330, 679867418029248776133236241384269858526272997220368928951539151834893193282536933224801024391383/1631565440165975829577415561862130434436323481697180475068655945894267526300814944706906191177679, 20908941949793425151243784843612688884239766155405582628900127960996465713249540175838783051764293099463785420179/75249251614143043936613981053627215031663458010456055151009285506612282144934007127079993529226471929518733418467, 11295846246077539922007634057627932194625812527125381252661659311959213703914168757250449670886665739935899571470298741919171490/137781574879854742430236975543422700382949787232419367195074442457190822603207403383913138794751066843699549058804128900202392689, 2025703255310692391046366668530826208022268380891256371143171968575271001763573506244046490080505572355072827228366217548314054098449016795206841/4618893099176024506979225925382112065262691700408702086572056069040952700124826858482079862804685639412883527761214280618821088419698202948584923, -23618538112385/1446480586868389, -98993355412056583400001697071/11958655011287446095121273507687, -79333883981263239416038290258628434325452671248/357591397269248748313573282748881885371293161763, 2247742196201674488606971034372789505217202232376001278970016337/4760800027655160368599530067492976405101172988708329615133134916, -10201898791389822403397416641579221088115810085009430619374965903225059002652734/22484639185564580959929833838915766166214711381030727759024475442110811930820165, 568226739988075468727639098166821987719986338354536572765872209072410537011150214552854947029014/1631565440165975829577415561862130434436323481697180475068655945894267526300814944706906191177679, 23022240581899621312295658359886248443264549209155397375673958224900708112504180732405913070670961426221634986381/75249251614143043936613981053627215031663458010456055151009285506612282144934007127079993529226471929518733418467, 257516792442642796787015944260365859918137847308473130795180305734415097724988061505506220599094105484934932953992455130670628453/826689449279128454581421853260536202297698723394516203170446654743144935619244420303478832768506401062197294352824773401214356134, 2214821533844162798565227108736785968497243047283362276150873093610957059752843814066038637574654528472738640219552338600774234955781073819793132/4618893099176024506979225925382112065262691700408702086572056069040952700124826858482079862804685639412883527761214280618821088419698202948584923, -14910869045913956375352193652260525624467693957747449286139084869305487575414966173767165547532737861761319085722623806281488808455152801175612585646357462435843/42463476095245649114680882220635156441490020171156474662145355166910545766369953373670945375916426032324629827638904163375020229147680807915451231609246069600541, -556184004836434/13018325281815501, -22870952042972626687706424533069/71751930067724676570727641046122, 154512546259992579557088037930640481626681595353/357591397269248748313573282748881885371293161763, 472240467336534486207775161211552481181432921211739438000416406/1190200006913790092149882516873244101275293247177082403783283729, 6337905327956717783986517917354226354247797222108935858075174161809408260488267/22484639185564580959929833838915766166214711381030727759024475442110811930820165, 459774336994316705963901052065744154438666772767226016477175485002176668318324068382188214030058/1631565440165975829577415561862130434436323481697180475068655945894267526300814944706906191177679, 23610639081118456039602399381550072825922143814699781177264452313787839344092168088942490118663130670943708783760/75249251614143043936613981053627215031663458010456055151009285506612282144934007127079993529226471929518733418467, 215456359763047130048155003673817222315882907883667488773566286905106188450476904129146922986702691641098579836312548062622002135/826689449279128454581421853260536202297698723394516203170446654743144935619244420303478832768506401062197294352824773401214356134, 2173718916444953733433373256310387568698863441233418152079673726563025029543578294092407782113542731121564512746031111594406013095137053899426329/4618893099176024506979225925382112065262691700408702086572056069040952700124826858482079862804685639412883527761214280618821088419698202948584923, 5465783578403625792549498156342134214314473666858261852292331551686423019829877148757787405464947605529114636163150529634156382328708057851280598696720018969865/42463476095245649114680882220635156441490020171156474662145355166910545766369953373670945375916426032324629827638904163375020229147680807915451231609246069600541, -277946998714186507941835432868440191281044042210195267102043325425078413585557997763555942543010079170074770712635992075590821250915497802197277605163617171265668991770977325609/697348652054812067708706140729446914358495498088703419513744173807952828714584880685198034745389955922025170205960778154678726619088658111333144854602624816286339175054962655807, 455382823449611/4339441760605167, -3039328054256964183602276832707/23917310022574892190242547015374, -82996152491759459754649614110036889980830371923/357591397269248748313573282748881885371293161763, -867725365406394507752869339879593152448022449357186443419534225/4760800027655160368599530067492976405101172988708329615133134916, 36052073269071076786693116273434076958604684483267162374799979490641678430701/8993855674225832383971933535566306466485884552412291103609790176844324772328066, -736356894066608413303426776461300444883431482238524770311302282188370314313933260581339599612325/1631565440165975829577415561862130434436323481697180475068655945894267526300814944706906191177679, -24893142396760860424054823754279420512862733899555769434899540139397192466109198775415030968765398323390556351509/75249251614143043936613981053627215031663458010456055151009285506612282144934007127079993529226471929518733418467, -83701193464988907512756596012884990413546559612671679517758796040752816330403637920202461230736450548118185694067031183729971269/413344724639564227290710926630268101148849361697258101585223327371572467809622210151739416384253200531098647176412386700607178067, -2213045016964112192101643196504660260784985852314642619596175655401552440713972607023706710010737423595045165220694275683865715815269355749148118/4618893099176024506979225925382112065262691700408702086572056069040952700124826858482079862804685639412883527761214280618821088419698202948584923, 15941570341949408935912388540993692020987926933858504333527091951666032164220352736649347253695516381050407272078519198285618332014810210018000521907139183346731/42463476095245649114680882220635156441490020171156474662145355166910545766369953373670945375916426032324629827638904163375020229147680807915451231609246069600541, 83857712759778204450610158506639178541258112470320193405209835529405348749986377760964705057140879235845995588754757794322807112304676292273234984390927636499209991800038651970/697348652054812067708706140729446914358495498088703419513744173807952828714584880685198034745389955922025170205960778154678726619088658111333144854602624816286339175054962655807, -2822562611746265618411388643814738399101551738591684227923975460230537955245712758058001991337961141834217657656132347786143604014727766894020625560096293956551079741509937830635286460724272859/6033344418413474705474356539343094979689131325978889753016880411748252038241880616930014301974057043062072132717974103806186511965274632777862247668293631876767447222133198719190718516520430814, -716238253016726/4339441760605167, -8650677427176939980186988646669/23917310022574892190242547015374, 155518628651409051018390295707814965626557722933/357591397269248748313573282748881885371293161763, 1446711020625657627074691134100094641161298326700857349904156757/4760800027655160368599530067492976405101172988708329615133134916, 11409292847806639940072126649748716620926275868562748170716176464172199120534629/44969278371129161919859667677831532332429422762061455518048950884221623861640330, 174373660102532206956893931947459004173454022698414794491174247675988349243403088663662586602773/1631565440165975829577415561862130434436323481697180475068655945894267526300814944706906191177679, -21416977749569633482091198094097496635722292851308497097371495773317168091811012201349050025334254288740291477947/75249251614143043936613981053627215031663458010456055151009285506612282144934007127079993529226471929518733418467, 271236217396303471100065026741454854824453620798238339788359489456697857813304936650265538670631300812149249254095959604471268249/826689449279128454581421853260536202297698723394516203170446654743144935619244420303478832768506401062197294352824773401214356134, -621567934524578541655826442554820291781429419030371245229902090107050543144130757221701320382446734786222730205677257757768217042893115019899842/4618893099176024506979225925382112065262691700408702086572056069040952700124826858482079862804685639412883527761214280618821088419698202948584923, 17701132031211747352397392812093248944057673544407267183769392666274386284132689236567783886807266776277926654630381457401591152146375988753792000022445063035657/42463476095245649114680882220635156441490020171156474662145355166910545766369953373670945375916426032324629827638904163375020229147680807915451231609246069600541, 63481302578252699232216411518464812627145935049042767323329957595792978641561969528546391926761517763737489849835878005398700916478143888989745474215815232520150629092280396685/232449550684937355902902046909815638119498499362901139837914724602650942904861626895066011581796651974008390068653592718226242206362886037111048284867541605428779725018320885269, 2652665618032384449036576423288806757498704726783446744244523149682592762935330032013373759687643151448624729023649482147501528971246640213888721220847406300133249289467560970077863537434442255/6033344418413474705474356539343094979689131325978889753016880411748252038241880616930014301974057043062072132717974103806186511965274632777862247668293631876767447222133198719190718516520430814, -15898449108821172289865719542215588545400673737527924175397167179548100319125542309339604888805930430749978466350460452546253669694466428608638454861580606442436955167697007171875762454463097007791740435682045/46980987703558859267964414853213409772730557359113645847595726937116860298296848287369111609744951874812608589562134783997743518999871283849142514911057255158640718417574473039104334070267659715472656926226319, 266275657142518/1446480586868389, 7697881170387577431361173746185/23917310022574892190242547015374, 34872901351680631486187980465475870203701496351/1072774191807746244940719848246645656113879485289, 979816469187793467415876122381066513501071868973166242950331523/2380400013827580184299765033746488202550586494354164807566567458, 10417452909078661588320590619213315526251445203072783014343608725788675178025737/44969278371129161919859667677831532332429422762061455518048950884221623861640330, 735031875572317463319985731265247543878370617017293646383247806210458373636274196314662262848989/1631565440165975829577415561862130434436323481697180475068655945894267526300814944706906191177679, 27148364123906470413695356151324247064681698148122115534811920336442646940246517956912566343830926899365878166314/75249251614143043936613981053627215031663458010456055151009285506612282144934007127079993529226471929518733418467, 13134290076889461342151471685114208004817490236070894097311333736115692986747717447188078963416263511774206614937475896211566179/43509971014690971293759044908449273805142038073395589640549823933849733453644443173867306987816126371694594439622356494800755586, 1440463462917840874109006049320714049614830889622733908634971142293256914294678526197766458837061071607656747075477248648404462460258431475872702/4618893099176024506979225925382112065262691700408702086572056069040952700124826858482079862804685639412883527761214280618821088419698202948584923, -2933476608736090913622552786080482064564995616569590765776424739558242626966215396353344824501124850902627699759057576376342293249417400076111173689788243020067/42463476095245649114680882220635156441490020171156474662145355166910545766369953373670945375916426032324629827638904163375020229147680807915451231609246069600541, -86908022177124742437911146330922144369439420366108277792350882480140732627098165661714165014765176185945733009124336049624242890690101665503363292238102675265611188980400245043/232449550684937355902902046909815638119498499362901139837914724602650942904861626895066011581796651974008390068653592718226242206362886037111048284867541605428779725018320885269, -45054568888206838659062056301404958508820145329322182646752973610109212839513492564626440668976432929283934992799314420684508693697415720515605123535329584572179975333056091449978638057169318/232051708400518257902859866897811345372658897153034221269880015836471232240072331420385165460540655502387389719922080915622558152510562799148547987242062764491055662389738412276566096789247339, -8841682390549247917809642574238542398321703944660296339176090401889473963115640602149260507418470094192408169495374577982532663303393770854549661344851617217260204900735819429740004498181474555787244601750424/46980987703558859267964414853213409772730557359113645847595726937116860298296848287369111609744951874812608589562134783997743518999871283849142514911057255158640718417574473039104334070267659715472656926226319, 148503741927376843482464822976913797842164251084729006071980097938516468146375880389000259722166315126207982021293829328242992988707563775934178041450631009413965150707485457803673790513528716337266036366789142422977207158663/397497532417661697813835061484459527486199638283374455600240375847876169718244450426941676981472006794004653162174271752497741152637656350832365190019055186893238693056686658501107008778315562546058533542700576684261713223260] }
(hist.len, cnt): (1998, 36132)
[(0, 1), (0, 1), (0, 1), (0, 1), (0, 1), (0, 1), (0, 1), (0, 1), (0, 1), (0, 1), (0, 1), (0, 1), (0, 1), (0, 1), (0, 1), (0, 1), (0, 1), (0, 1), (0, 1), (0, 1), (0, 1), (0, 1), (0, 1), (0, 1), (0, 1), (0, 1), (0, 1), (0, 1), (0, 1), (0, 1), (0, 1), (0, 1), (0, 1), (0, 1), (0, 1), (0, 1), (0, 1), (0, 1), (0, 1), (0, 1), (0, 1), (0, 1), (0, 1), (0, 1), (0, 1), (0, 1), (0, 1), (0, 1), (0, 1), (0, 1), (0, 1), (0, 1), (0, 1), (0, 1), (0, 1), (0, 1), (0, 1), (0, 1), (0, 1), (0, 1), (0, 1), (0, 1), (0, 1), (0, 1), (0, 1), (0, 1), (0, 1), (0, 1), (0, 1), (0, 1), (0, 1), (0, 1), (0, 1), (0, 1), (0, 1), (0, 1), (0, 1), (0, 2), (0, 2), (0, 1), (0, 2), (0, 2), (0, 1), (1, 2), (0, 2), (0, 2), (0, 2), (0, 2), (0, 1), (0, 2), (1, 2), (0, 2), (0, 2), (0, 2), (0, 2), (0, 2), (1, 2), (0, 2), (0, 1), (0, 2), (0, 2), (0, 2), (0, 2), (0, 2), (0, 2), (0, 2), (0, 2), (0, 2), (0, 2), (0, 1), (0, 2), (0, 2), (1, 2), (0, 2), (0, 2), (0, 2), (0, 2), (0, 2), (0, 2), (0, 2), (0, 2), (0, 2), (0, 2), (0, 1), (0, 1), (0, 2), (0, 2), (0, 2), (0, 2), (0, 2), (0, 2), (0, 2), (0, 2), (1, 2), (0, 2), (0, 2), (0, 2), (2, 3), (0, 3), (0, 3), (1, 2), (0, 3), (0, 2), (0, 3), (0, 3), (0, 3), (1, 2), (0, 3), (0, 3), (0, 3), (0, 3), (0, 3), (1, 2), (1, 3), (0, 2), (0, 3), (0, 3), (0, 3), (0, 2), (1, 3), (0, 3), (0, 3), (0, 3), (0, 3), (0, 3), (0, 2), (0, 2), (1, 2), (0, 3), (1, 3), (0, 3), (0, 3), (0, 3), (0, 3), (0, 3), (1, 3), (0, 3), (0, 3), (1, 3), (0, 3), (0, 3), (0, 2), (0, 2), (1, 2), (0, 3), (1, 2), (0, 3), (0, 2), (0, 3), (0, 3), (1, 2), (0, 3), (0, 2), (0, 3), (0, 3), (1, 2), (0, 3), (0, 3), (1, 3), (1, 3), (0, 3), (1, 3), (0, 3), (0, 4), (0, 4), (2, 3), (0, 4), (0, 3), (2, 3), (1, 4), (1, 4), (2, 3), (0, 4), (1, 4), (0, 4), (0, 4), (0, 2), (0, 3), (0, 3), (0, 4), (1, 2), (2, 3), (0, 4), (2, 3), (0, 4), (2, 3), (0, 4), (2, 3), (1, 3), (2, 3), (0, 4), (2, 3), (1, 4), (0, 4), (1, 2), (1, 3), (0, 4), (1, 2), (0, 4), (1, 2), (0, 4), (1, 2), (0, 4), (2, 3), (0, 4), (0, 4), (0, 4), (0, 4), (1, 2), (0, 4), (1, 2), (1, 3), (2, 3), (0, 4), (0, 2), (0, 4), (0, 4), (1, 2), (0, 4), (1, 3), (0, 4), (1, 3), (0, 4), (2, 3), (0, 4), (2, 3), (1, 4), (0, 3), (0, 4), (2, 3), (0, 4), (1, 5), (0, 5), (2, 3), (0, 5), (1, 2), (1, 3), (2, 5), (1, 5), (2, 4), (3, 4), (1, 5), (1, 3), (3, 4), (0, 5), (0, 4), (1, 2), (1, 3), (0, 5), (0, 5), (2, 3), (0, 4), (3, 4), (0, 5), (1, 3), (0, 5), (0, 2), (1, 3), (0, 5), (2, 3), (1, 5), (3, 4), (0, 5), (1, 2), (0, 5), (0, 5), (0, 5), (3, 4), (0, 5), (2, 4), (2, 4), (0, 5), (0, 4), (1, 2), (2, 3), (0, 5), (1, 4), (0, 5), (1, 2), (1, 4), (3, 4), (0, 5), (1, 2), (0, 4), (2, 3), (0, 5), (0, 5), (0, 5), (2, 3), (0, 4), (1, 2), (0, 5), (0, 5), (3, 4), (2, 5), (0, 5), (1, 2), (1, 3), (2, 3), (1, 4), (0, 4), (0, 5), (1, 5), (1, 4), (2, 3), (0, 6), (1, 2), (2, 3), (0, 6), (1, 2), (3, 4), (0, 6), (2, 4), (2, 5), (0, 6), (2, 4), (3, 4), (0, 6), (1, 6), (2, 3), (2, 6), (4, 5), (1, 6), (3, 4), (0, 6), (1, 5), (1, 6), (3, 4), (2, 6), (3, 4), (1, 6), (1, 4), (3, 5), (2, 4), (3, 4), (1, 6), (0, 4), (0, 5), (0, 6), (3, 4), (0, 5), (0, 2), (1, 2), (0, 3), (1, 2), (2, 3), (4, 5), (0, 6), (3, 4), (0, 5), (0, 6), (2, 3), (0, 4), (3, 4), (2, 5), (4, 5), (0, 6), (1, 2), (3, 5), (4, 5), (1, 6), (2, 4), (3, 5), (0, 6), (2, 4), (3, 4), (3, 5), (1, 6), (4, 5), (0, 6), (1, 5), (0, 3), (4, 5), (2, 6), (2, 5), (4, 5), (0, 6), (0, 5), (2, 3), (0, 6), (1, 2), (1, 4), (2, 5), (4, 5), (2, 6), (2, 6), (1, 7), (2, 4), (4, 5), (3, 6), (4, 5), (1, 7), (3, 4), (2, 5), (2, 6), (3, 5), (1, 7), (2, 4), (5, 6), (2, 7), (4, 6), (0, 7), (0, 2), (3, 4), (0, 5), (1, 6), (2, 3), (4, 6), (0, 7), (0, 1), (3, 4), (2, 6), (4, 5), (2, 7), (3, 5), (2, 6), (2, 6), (3, 4), (5, 6), (0, 7), (0, 3), (4, 5), (0, 6), (1, 2), (3, 4), (1, 5), (2, 4), (3, 6), (0, 7), (0, 4), (0, 2), (3, 5), (0, 7), (1, 6), (0, 7), (1, 3), (2, 3), (0, 7), (2, 3), (2, 4), (0, 6), (3, 4), (4, 5), (2, 6), (0, 7), (4, 5), (5, 6), (0, 7), (0, 3), (2, 4), (5, 6), (0, 7), (1, 3), (2, 4), (5, 6), (0, 7), (1, 2), (1, 5), (2, 4), (0, 7), (1, 2), (3, 5), (0, 6), (1, 3), (2, 3), (4, 5), (0, 7), (1, 3), (4, 5), (0, 7), (3, 4), (4, 5), (2, 6), (0, 7), (1, 2), (1, 4), (2, 6), (0, 7), (3, 5), (3, 5), (0, 6), (2, 4), (2, 6), (3, 4), (4, 5), (1, 7), (5, 6), (0, 7), (1, 3), (1, 5), (0, 7), (0, 2), (3, 4), (4, 5), (3, 7), (2, 8), (5, 6), (1, 8), (3, 4), (3, 5), (0, 6), (4, 5), (4, 6), (5, 6), (2, 7), (3, 4), (4, 5), (6, 7), (0, 8), (1, 3), (3, 4), (2, 6), (3, 4), (1, 7), (5, 6), (0, 8), (2, 6), (2, 4), (0, 8), (0, 6), (5, 6), (5, 7), (1, 8), (0, 6), (0, 8), (1, 2), (2, 5), (0, 7), (1, 3), (1, 4), (2, 3), (3, 4), (6, 7), (0, 8), (1, 2), (2, 5), (0, 6), (2, 3), (1, 4), (5, 6), (2, 7), (4, 7), (0, 8), (2, 6), (4, 5), (3, 7), (6, 7), (0, 8), (1, 2), (3, 4), (4, 5), (0, 8), (1, 3), (5, 6), (0, 7), (1, 2), (1, 5), (2, 3), (3, 5), (1, 8), (2, 3), (4, 5), (6, 7), (0, 8), (1, 6), (1, 7), (3, 6), (3, 7), (4, 5), (0, 8), (1, 2), (1, 3), (0, 5), (4, 7), (5, 6), (1, 8), (5, 7), (0, 8), (2, 3), (3, 7), (4, 5), (5, 6), (0, 8), (1, 2), (5, 6), (4, 7), (5, 7), (6, 7), (1, 8), (2, 3), (1, 4), (1, 5), (4, 5), (0, 6), (0, 2), (2, 7), (4, 5), (0, 8), (1, 2), (2, 4), (2, 8), (0, 7), (0, 2), (3, 4), (0, 5), (1, 7), (3, 4), (6, 7), (0, 8), (2, 3), (2, 5), (6, 7), (3, 8), (0, 9), (3, 4), (1, 8), (5, 7), (0, 9), (2, 4), (7, 8), (2, 9), (3, 7), (0, 8), (1, 2), (3, 4), (5, 8), (6, 8), (7, 8), (0, 9), (1, 7), (2, 3), (4, 5), (1, 8), (2, 3), (3, 4), (4, 5), (6, 7), (0, 9), (2, 3), (1, 5), (3, 5), (1, 6), (2, 4), (0, 7), (2, 7), (0, 9), (1, 2), (2, 5), (2, 7), (0, 8), (2, 3), (2, 7), (5, 7), (0, 9), (0, 2), (3, 6), (4, 5), (0, 8), (3, 5), (5, 6), (1, 7), (2, 3), (3, 4), (2, 5), (6, 7), (1, 8), (2, 3), (1, 4), (3, 4), (2, 5), (4, 6), (0, 8), (6, 7), (0, 9), (1, 2), (3, 7), (5, 6), (0, 8), (3, 5), (4, 5), (0, 9), (1, 2), (2, 3), (3, 4), (6, 8), (7, 8), (0, 9), (0, 6), (1, 9), (2, 5), (4, 5), (4, 6), (3, 7), (4, 6), (1, 7), (2, 5), (3, 5), (4, 5), (3, 6), (4, 7), (5, 7), (6, 7), (0, 8), (2, 4), (1, 5), (4, 8), (5, 6), (1, 9), (2, 3), (4, 6), (4, 8), (5, 6), (2, 9), (0, 9), (1, 2), (1, 4), (4, 5), (6, 7), (4, 8), (5, 6), (2, 7), (3, 4), (1, 8), (4, 6), (5, 6), (5, 7), (6, 7), (0, 9), (2, 3), (1, 4), (2, 4), (3, 4), (1, 6), (2, 5), (1, 7), (1, 4), (5, 7), (5, 8), (7, 8), (1, 9), (4, 5), (3, 6), (5, 6), (7, 8), (1, 9), (2, 3), (4, 6), (0, 10), (3, 4), (1, 5), (4, 5), (7, 8), (0, 10), (2, 6), (4, 6), (5, 6), (2, 7), (0, 10), (1, 4), (3, 4), (1, 5), (0, 6), (5, 6), (3, 7), (5, 6), (4, 7), (5, 6), (6, 7), (2, 8), (0, 9), (1, 2), (2, 3), (4, 5), (5, 7), (6, 7), (6, 8), (7, 9), (2, 10), (1, 6), (1, 8), (2, 3), (3, 4), (5, 6), (0, 10), (2, 4), (3, 6), (3, 7), (8, 9), (2, 10), (3, 5), (5, 6), (2, 7), (7, 8), (7, 9), (8, 9), (0, 10), (1, 4), (3, 5), (4, 8), (2, 9), (5, 6), (0, 10), (2, 4), (3, 4), (4, 7), (5, 6), (6, 7), (1, 8), (2, 3), (0, 9), (2, 4), (2, 6), (7, 8), (1, 10), (5, 6), (7, 8), (3, 9), (4, 5), (0, 10), (2, 3), (2, 4), (3, 6), (3, 8), (3, 5), (2, 9), (5, 6), (4, 7), (5, 6), (4, 7), (5, 6), (5, 7), (8, 9), (0, 10), (1, 2), (4, 7), (6, 7), (0, 9), (1, 4), (4, 5), (6, 8), (7, 9), (8, 9), (0, 10), (3, 6), (4, 5), (5, 6), (3, 7), (4, 8), (5, 8), (0, 10), (1, 2), (1, 3), (2, 5), (6, 9), (2, 10), (5, 7), (6, 7), (1, 8), (3, 4), (3, 5), (6, 8), (1, 10), (2, 3), (4, 5), (4, 6), (0, 7), (2, 4), (3, 7), (6, 7), (1, 8), (2, 4), (3, 4), (3, 5), (4, 6), (0, 10), (1, 5), (2, 3), (3, 6), (5, 9), (6, 9), (7, 8), (0, 10), (2, 5), (4, 5), (2, 6), (7, 8), (8, 9), (2, 10), (3, 4), (6, 7), (2, 8), (2, 9), (3, 4), (4, 5), (5, 6), (6, 7), (9, 10), (0, 11), (2, 6), (5, 6), (7, 10), (8, 9), (0, 11), (1, 4), (3, 6), (7, 8), (0, 9), (0, 3), (5, 7), (7, 8), (1, 10), (0, 10), (4, 5), (5, 6), (3, 9), (4, 5), (6, 7), (3, 8), (6, 7), (2, 10), (5, 6), (5, 7), (4, 8), (5, 7), (1, 11), (2, 3), (3, 4), (5, 7), (5, 8), (8, 9), (0, 10), (3, 5), (4, 7), (2, 10), (4, 6), (4, 7), (7, 8), (1, 9), (6, 7), (7, 8), (3, 10), (4, 5), (1, 6), (3, 6), (4, 5), (5, 6), (0, 10), (2, 3), (5, 6), (4, 7), (6, 7), (4, 9), (6, 7), (6, 8), (7, 8), (7, 9), (5, 10), (7, 8), (8, 10), (3, 11), (3, 6), (3, 7), (4, 5), (6, 7), (7, 8), (6, 10), (8, 9), (2, 11), (5, 6), (3, 7), (1, 8), (4, 8), (5, 8), (2, 10), (1, 4), (1, 5), (2, 5), (3, 4), (3, 5), (1, 6), (7, 8), (7, 9), (8, 10), (9, 10), (2, 11), (0, 2), (1, 6), (2, 5), (3, 4), (3, 5), (4, 5), (3, 6), (4, 5), (5, 6), (1, 7), (3, 5), (4, 5), (1, 9), (4, 7), (8, 9), (0, 10), (1, 2), (2, 3), (0, 5), (6, 7), (8, 9), (9, 10), (1, 11), (2, 3), (0, 5), (0, 6), (1, 2), (0, 8), (3, 5), (6, 8), (0, 10), (3, 4), (6, 7), (7, 8), (0, 9), (2, 3), (4, 7), (5, 7), (6, 7), (5, 8), (8, 9), (2, 10), (4, 5), (2, 6), (3, 4), (1, 9), (7, 9), (7, 9), (8, 9), (5, 11), (8, 9), (3, 10), (4, 6), (2, 7), (3, 4), (4, 8), (5, 7), (1, 12), (3, 5), (4, 6), (1, 8), (4, 5), (5, 8), (6, 10), (0, 11), (1, 3), (2, 3), (3, 5), (5, 6), (2, 8), (6, 7), (5, 8), (6, 7), (6, 8), (7, 8), (8, 9), (6, 10), (8, 9), (7, 10), (8, 9), (1, 12), (4, 5), (7, 9), (7, 9), (9, 10), (0, 11), (1, 2), (8, 10), (1, 12), (5, 7), (6, 9), (6, 10), (7, 8), (8, 9), (8, 10), (8, 11), (9, 10), (10, 11), (1, 12), (2, 3), (4, 5), (2, 6), (0, 4), (1, 3), (1, 8), (2, 3), (6, 12), (1, 7), (4, 7), (5, 6), (2, 7), (3, 5), (4, 6), (6, 7), (1, 8), (2, 9), (3, 4), (4, 7), (5, 10), (2, 10), (4, 5), (5, 7), (3, 7), (4, 5), (4, 6), (5, 8), (7, 8), (8, 9), (3, 10), (4, 5), (6, 7), (7, 8), (8, 9), (0, 11), (1, 5), (5, 6), (3, 8), (4, 6), (5, 6), (7, 8), (6, 9), (7, 8), (9, 10), (1, 12), (2, 3), (3, 4), (4, 5), (1, 6), (3, 4), (2, 6), (4, 5), (5, 6), (5, 7), (4, 9), (1, 6), (3, 6), (5, 6), (4, 7), (3, 6), (4, 8), (5, 6), (5, 8), (3, 10), (4, 9), (5, 6), (6, 7), (5, 8), (6, 8), (6, 9), (4, 11), (10, 11), (0, 12), (1, 2), (5, 8), (8, 9), (3, 10), (4, 6), (8, 9), (7, 10), (8, 9), (7, 10), (8, 9), (0, 12), (4, 6), (6, 7), (1, 10), (4, 6), (5, 6), (1, 7), (5, 6), (0, 11), (4, 5), (5, 6), (7, 11), (8, 9), (2, 12), (3, 5), (4, 5), (0, 7), (1, 2), (1, 3), (6, 7), (7, 8), (6, 10), (8, 9), (7, 9), (8, 9), (0, 11), (5, 6), (9, 10), (6, 11), (7, 8), (10, 11), (0, 12), (1, 3), (5, 6), (6, 7), (4, 8), (7, 8), (4, 9), (5, 6), (6, 8), (10, 11), (1, 12), (1, 5), (4, 5), (4, 6), (3, 7), (7, 8), (1, 10), (1, 3), (3, 4), (0, 6), (5, 6), (6, 9), (9, 10), (3, 12), (5, 7), (0, 11), (2, 3), (4, 5), (5, 8), (6, 8), (1, 8), (3, 6), (4, 5), (1, 6), (2, 3), (2, 4), (3, 5), (5, 6), (6, 7), (6, 11), (7, 8), (3, 12), (5, 6), (1, 7), (2, 3), (0, 8), (2, 5), (3, 6), (1, 9), (2, 4), (3, 4), (4, 5), (5, 6), (8, 9), (9, 10), (4, 11), (5, 6), (5, 9), (6, 9), (7, 8), (7, 9), (8, 10), (3, 11), (6, 8), (7, 9), (8, 10), (9, 11), (10, 11), (0, 12), (2, 4), (1, 6), (2, 4), (4, 5), (5, 6), (9, 10), (8, 11), (9, 10), (8, 11), (4, 13), (6, 7), (7, 8), (6, 10), (8, 9), (9, 10), (8, 11), (1, 10), (2, 3), (3, 5), (4, 5), (2, 8), (3, 4), (3, 5), (3, 9), (7, 8), (6, 9), (6, 10), (7, 8), (8, 9), (6, 11), (8, 11), (9, 10), (7, 12), (9, 10), (9, 11), (10, 11), (0, 13), (1, 4), (5, 7), (0, 8), (1, 3), (2, 4), (4, 6), (6, 8), (7, 8), (5, 9), (6, 7), (7, 10), (8, 9), (9, 10), (10, 11), (1, 13), (3, 4), (6, 8), (7, 8), (6, 9), (7, 8), (0, 10), (2, 6), (7, 9), (10, 11), (4, 12), (3, 5), (4, 5), (7, 8), (8, 9), (10, 11), (6, 13), (9, 10), (8, 11), (9, 10), (2, 12), (1, 6), (2, 3), (3, 4), (5, 9), (6, 8), (7, 9), (8, 9), (2, 12), (0, 4), (1, 3), (2, 3), (1, 4), (2, 3), (1, 6), (3, 5), (5, 6), (6, 10), (9, 10), (11, 12), (0, 13), (1, 2), (5, 7), (1, 8), (2, 3), (3, 4), (4, 7), (6, 9), (7, 10), (8, 9), (8, 11), (11, 12), (0, 13), (1, 3), (3, 4), (6, 7), (5, 10), (8, 9), (4, 10), (6, 11), (8, 9), (5, 10), (1, 12), (2, 3), (3, 4), (4, 5), (4, 7), (5, 6), (0, 13), (2, 3), (4, 5), (1, 6), (2, 9), (6, 7), (8, 9), (3, 10), (4, 6), (5, 6), (5, 7), (2, 8), (3, 4), (3, 5), (5, 7), (6, 7), (6, 8), (10, 11), (2, 12), (3, 5), (4, 5), (1, 6), (5, 6), (6, 7), (1, 8), (3, 4), (2, 5), (3, 4), (5, 8), (6, 7), (7, 8), (1, 9), (2, 4), (2, 5), (4, 5), (4, 6), (5, 6), (3, 8), (6, 7), (6, 8), (10, 12), (10, 12), (0, 13), (3, 4), (2, 6), (3, 5), (4, 5), (6, 7), (4, 8), (5, 7), (8, 10), (2, 11), (3, 4), (7, 8), (7, 9), (8, 9), (10, 11), (0, 13), (1, 2), (0, 3), (4, 5), (7, 8), (6, 8), (7, 8), (4, 9), (8, 9), (0, 11), (1, 2), (4, 5), (6, 8), (1, 11), (5, 8), (6, 8), (5, 9), (3, 12), (4, 6), (2, 7), (3, 4), (4, 5), (7, 8), (6, 9), (3, 10), (8, 10), (0, 11), (3, 4), (4, 5), (2, 7), (4, 5), (5, 6), (0, 12), (1, 2), (3, 4), (1, 5), (2, 3), (0, 6), (1, 2), (2, 3), (3, 7), (3, 6), (7, 8), (8, 11), (9, 10), (10, 11), (1, 12), (3, 5), (4, 6), (5, 6), (5, 7), (6, 7), (6, 8), (7, 8), (9, 10), (10, 12), (11, 12), (1, 13), (0, 1), (2, 3), (4, 6), (2, 9), (8, 9), (5, 12), (11, 12), (4, 13), (6, 7), (7, 8), (4, 9), (5, 6), (4, 10), (5, 8), (7, 11), (8, 9), (9, 11), (0, 13), (4, 5), (2, 8), (5, 6), (5, 8), (7, 8), (7, 9), (8, 9), (4, 11), (2, 5), (4, 5), (8, 9), (1, 12), (4, 5), (1, 6), (2, 4), (3, 4), (1, 9), (7, 8), (7, 9), (8, 9), (1, 13), (2, 4), (3, 4), (3, 5), (2, 6), (7, 10), (9, 11), (10, 11), (9, 12), (10, 12), (6, 11), (9, 11), (1, 13), (2, 5), (2, 7), (3, 5), (4, 5), (5, 6), (3, 8), (2, 9), (6, 7), (6, 8), (4, 8), (5, 8), (6, 7), (6, 8), (9, 10), (8, 11), (10, 11), (12, 13), (4, 14), (1, 7), (2, 4), (3, 5), (6, 7), (7, 8), (9, 11), (10, 11), (0, 12), (4, 5), (1, 6), (2, 4), (3, 4), (2, 5), (4, 5), (7, 8), (6, 9), (5, 8), (6, 7), (6, 8), (7, 8), (6, 9), (8, 9), (0, 13), (3, 4), (5, 7), (8, 12), (7, 11), (8, 9), (3, 13), (5, 6), (5, 7), (6, 10), (4, 11), (5, 8), (6, 9), (10, 12), (11, 12), (11, 13), (0, 14), (1, 2), (2, 3), (1, 6), (3, 4), (2, 5), (2, 4), (3, 5), (4, 5), (4, 6), (5, 6), (5, 8), (2, 7), (3, 5), (3, 5), (4, 5), (4, 6), (5, 6), (3, 7), (6, 7), (10, 12), (11, 12), (2, 13), (1, 4), (2, 8), (2, 5), (4, 5), (4, 6), (7, 9), (8, 9), (1, 14), (2, 4), (3, 4), (6, 7), (4, 9), (6, 7), (7, 8), (8, 9), (8, 10), (2, 12), (2, 6), (5, 7), (6, 9), (8, 9), (7, 10), (6, 11), (7, 9), (8, 10), (2, 14), (5, 6), (5, 7), (6, 7), (0, 9), (1, 4), (4, 5), (5, 6), (1, 7), (2, 3), (3, 4), (5, 6), (0, 10), (1, 4), (2, 4), (3, 5), (3, 6), (2, 7), (3, 4), (4, 8), (7, 9), (1, 10), (2, 7), (6, 7), (7, 9), (8, 9), (4, 12), (5, 7), (8, 9), (8, 10), (5, 10), (8, 9), (6, 10), (7, 8), (7, 9), (7, 9), (6, 11), (0, 13), (2, 3), (3, 6), (7, 9), (8, 9), (6, 10), (8, 11), (4, 12), (2, 5), (3, 4), (4, 5), (1, 6), (3, 5), (4, 5), (4, 7), (5, 6), (2, 8), (3, 7), (4, 5), (6, 7), (7, 8), (8, 9), (3, 13), (8, 10), (9, 10), (11, 12), (1, 14), (4, 5), (5, 6), (6, 7), (2, 8), (6, 9), (9, 10), (9, 11), (5, 10), (4, 5), (6, 7), (4, 8), (6, 7), (7, 8), (6, 9), (5, 10), (6, 7), (7, 8), (7, 9), (10, 12), (1, 14), (2, 3), (3, 4), (4, 5), (4, 6), (4, 7), (5, 6), (5, 9), (9, 10), (6, 12), (7, 8), (9, 10), (0, 11), (2, 4), (3, 4), (3, 6), (4, 6), (5, 6), (8, 9), (4, 12), (3, 10), (9, 10), (2, 13), (4, 5), (7, 8), (6, 9), (7, 9), (8, 9), (2, 11), (5, 6), (6, 12), (5, 10), (5, 8), (6, 8), (7, 8), (8, 9), (9, 10), (9, 11), (2, 14), (1, 4), (2, 3), (1, 5), (2, 4), (3, 4), (6, 8), (7, 8), (6, 10), (7, 8), (0, 12), (6, 7), (8, 9), (6, 10), (7, 10), (8, 10), (9, 11), (1, 12), (3, 4), (6, 7), (7, 8), (2, 9), (4, 7), (5, 6), (3, 8), (4, 6), (5, 7), (6, 8), (6, 8), (3, 9), (7, 8), (8, 9), (7, 10), (8, 9), (5, 11), (6, 8), (8, 9), (9, 10), (10, 11), (1, 13), (2, 3), (2, 5), (0, 6), (2, 3), (4, 5), (7, 8), (7, 9), (6, 9), (7, 9), (8, 9), (8, 11), (9, 10), (7, 12), (8, 10), (9, 10), (1, 13), (3, 4), (1, 5), (3, 4), (4, 6), (6, 7), (3, 8), (4, 5), (8, 11), (9, 11), (10, 11), (4, 12), (5, 6), (11, 12), (4, 13), (5, 7), (6, 7), (7, 9), (8, 9), (9, 13), (1, 14), (4, 5), (4, 6), (5, 6), (4, 7), (6, 10), (8, 10), (0, 11), (1, 3), (3, 4), (5, 6), (5, 8), (3, 13), (5, 8), (6, 8), (6, 10), (8, 9), (11, 12), (5, 13), (9, 10), (6, 12), (7, 11), (8, 9), (7, 12), (5, 14), (2, 7), (3, 5), (4, 5), (4, 6), (5, 6), (9, 10), (7, 11), (9, 11), (10, 11), (0, 12), (3, 4), (3, 5), (1, 9), (6, 7), (2, 8), (3, 6), (4, 6), (5, 6), (7, 8), (10, 11), (7, 13), (5, 8), (6, 8), (4, 9), (5, 6), (6, 7), (8, 9), (11, 12), (10, 13), (11, 13), (0, 14), (4, 6), (5, 6), (0, 8), (1, 4), (2, 5), (6, 7), (8, 10), (8, 10), (2, 12), (3, 5), (4, 5), (5, 6), (3, 7), (4, 5), (7, 8), (0, 11), (1, 3), (2, 3), (2, 4), (8, 9), (7, 11), (9, 10), (0, 14), (3, 4), (2, 7), (4, 7), (5, 10), (6, 7), (6, 9), (7, 8), (9, 10), (2, 11), (5, 6), (7, 9), (8, 9), (6, 10), (7, 9), (8, 9), (11, 12), (5, 13), (6, 9), (9, 11), (10, 12), (3, 14), (4, 6), (5, 8), (7, 8), (9, 11), (7, 13), (8, 10)]
