results/deeplll/svpchallengedim40seed4dim15delta1.txt: 153.492 sec
b: [[-42061940, -48720839, -48450832, -20136220, 47184883, -315178, 21807340, -21754662, -25472204, 15883128, 1107053, -31960370, 8080638, -21733120, 28095300],
 [-47337567, -25392614, -26916220, -240013, 27112804, -12738874, -22080104, 25110319, 38094307, 63991566, -51359141, -10984379, 43034437, 8363581, 565510],
 [35786281, -14153759, -29835469, -52531748, -17432094, -52600263, 1043951, -24566114, -30450042, 9029821, -7769432, -39551090, -46003671, -38817122, -8597450],
 [14772150, 25321537, 7679548, -52013001, -4997743, 59662817, 33099752, -23048588, -24430037, 71702649, -11457997, 14962016, 22930348, -16282892, 6053526],
 [19581977, 52620023, 50460000, -34586168, 9197257, 11409147, -41138910, 7501707, -16835604, -5535660, 300204, 63977677, 79012407, 734935, 23942819],
 [35070115, 27468727, 42558926, -39656885, 44841016, 14165447, 6192704, 85941870, -8894134, 25254103, -63164134, 25516943, 30866676, 4354121, -9843143],
 [-11139622, 42903075, -20176756, 9621875, -47089141, -43309669, 46304595, -16044590, 58299054, -42261999, 49593541, 12188929, -55414423, -6360988, 17982920],
 [59263218, 30266159, 1772732, 51545846, 74960954, -15387168, 24234344, 15714759, 17713490, -40377029, 29359243, -13314301, 24536453, 9405108, 31989856],
 [-10635830, -38281321, 60074774, 38949119, -25438807, 19753781, 36754391, 70599202, -46047475, 26630155, 3504070, 37923793, 20363567, 751442, -44939101],
 [-41577353, -5516608, 29365045, 44310699, -35506480, -700696, -37458557, -37128388, -56997767, -15037725, 13808308, 11908422, -27089229, -78934401, -8381277],
 [-3632441, 13233778, 6223984, -30613475, 13401521, -83970038, -813560, 20426852, -19557527, -9403355, -65073538, -28413272, 3125824, 78276591, 36286873],
 [25369487, 8037275, -4466492, -3867916, -24711720, 8404622, -36536579, 1168523, 74266914, -16611751, 48726271, -86772907, -14486193, -23526613, 20787950],
 [-4354630, -48051496, 31762866, -40302463, -31416978, -45013182, 40865374, 13677711, 92688662, -40760176, 10474079, -33879932, -17442994, -11405479, -49645566],
 [32215783, -76851597, -13391099, 13240445, 36656407, 26431804, -17931750, -45666838, 38542101, 69201849, 4190207, 23065233, 2898590, -38476865, 44053120],
 [-138281448, -26755321, 11931612, 59557087, 55011581, -81167662, 7670440, -4534158, -20186235, -54818357, 87324857, -63354302, -51276600, -9605297, 1925421]], shape=[15, 15], strides=[15, 1], layout=Cc (0x5), const ndim=2
v_norms: [13321984190388515, 36587396883953393808073370952235/2664396838077703, 457995348189389884581121716308780015499098304829/36587396883953393808073370952235, 35488280560685371376668966039974645876208005865929964376060621924/2289976740946949422905608581543900077495491524145, 448748598570942501539452781857939033179382752515655089927736143056096026419322979/35488280560685371376668966039974645876208005865929964376060621924, 5493565246302015373956283357443938987285994319071586427272115982541574646046741467065233888362113/448748598570942501539452781857939033179382752515655089927736143056096026419322979, 126707492325986839581493271344070380582934614692470951937632493322104174427623853128279027150611937871674224591/11763523011353351978493112114440982842154163424136159373173695894093307593247840400567952651739, 658449520993941809981703333561609959094238677051329602249129541377364980333788357192938943307832501654326156517105631153871118605/59172398916235854084557357717680867732230465061383934554874374381422649457700339410906305679335774986071862883997, 1295711609986608743686002760097868363967389051363012610307816507539000988357623550037442499377830595059883280260497771911755216947087046141790640/131689904198788361996340666712321991818847735410265920449825908275472996066757671438587788661566500330865231303421126230774223721, 980775780077614655224320027812586225107182880977281231660420804549594125126431362165849425957558406776653387349214645368324659063582702981210071444226934197553/107975967498884061973833563341489030330615754280251050858984708961583415696468629169786874948152549588323606688374814325979601412257253845149220, 156433514990796297618980356244215472338980475736900962275133553268578767719699337934669197449254474021263272325459822388222629721156204501736841236015713055024118917287053277767/14711636701164219828364800417188793376607743214659218474906312068243911876896470432487741389363376101649800810238219680524869885953740544718151071663404012963295, 2905938473120833889727851168097938062279943963941600096759022138017797017762664957104609248080103149706260409689396293266342382881047290221179474162313179898916390079876653185711270601452966221/312867029981592595237960712488430944677960951473801924550267106537157535439398675869338394898508948042526544650919644776445259442312409003473682472031426110048237834574106555534, 16608488530014085809425994272324574944761307733211169957431685573318275530511214061369001148378228101760294275599362961424165286900198038569056961019200597758166571496092366638500318716250828023231798815687915/1937292315413889259818567445398625374853295975961066731172681425345198011841776638069739498720068766470840273126264195510894921920698193480786316108208786599277593386584435457140847067635310814, 55416894363943490204087110791701391599922061359534351706045490012570403401031260750176690962542114243502446149838624809302847111256752436613496451201752745515559086483852359627311730717377815578364018341690974900845012953843/5536162843338028603141998090774858314920435911070389985810561857772758510170404687123000382792742700586764758533120987141388428966732679523018987006400199252722190498697455546166772905416942674410599605229305, 4276004080986662250556170150571682084661652708811008860820343595371977250993691951408982529005301818073582930400216010607001999500303394702071829521757444159996645323454281158344057771824138679224276609066488857242630567308043703839472400369/498752049275491411836783997125312524399298552235809165354409410113133630609281346751590218662879028191522015348547623283725624001310771929521468060815774709640031778354671236645805576456400340205276165075218774107605116584587], shape=[15], strides=[1], layout=CFcf (0xf), const ndim=1
Mu { arr: [1062975039985131/2664396838077703, 3843775174257651/13321984190388515, -12130626377552763978587808022009/36587396883953393808073370952235, 353672193004981/2664396838077703, 1302250992567215846178954148486/36587396883953393808073370952235, 10560534548096392050830233627365675644915394098/457995348189389884581121716308780015499098304829, -6174016252940162/13321984190388515, 4681554641650461363336740134347/36587396883953393808073370952235, -157167371276149800109202697207409911014992272471/457995348189389884581121716308780015499098304829, 15290735497091144757013093470944131528352192917904473085259044481/35488280560685371376668966039974645876208005865929964376060621924, -4079670479177427/13321984190388515, 18093250839035609107731509224763/36587396883953393808073370952235, -1728218887513387442609043449827566014153168958/457995348189389884581121716308780015499098304829, 14793513802828346515803802920980817064630708739063731754228346685/35488280560685371376668966039974645876208005865929964376060621924, 173389368634560662468131165885221659940020710949261322138376707121991533320752127/448748598570942501539452781857939033179382752515655089927736143056096026419322979, -3982530331728553/13321984190388515, -3290557015363147525353331710203/7317479376790678761614674190447, 49435849763859180829687569076672287522735954407/457995348189389884581121716308780015499098304829, -12276879134776652528983184715193787951483284280889396495715834493/35488280560685371376668966039974645876208005865929964376060621924, -157969209664794468230885907945052104455708202092150899226131882687215573626614223/448748598570942501539452781857939033179382752515655089927736143056096026419322979, -4610647386607075987929999456065417837488944686169114259158553240382183084601930907461517334116/11763523011353351978493112114440982842154163424136159373173695894093307593247840400567952651739, -1104507036652246/13321984190388515, -8588384374457688402187103373902/36587396883953393808073370952235, -184794210954328673741464390949131073327361460497/457995348189389884581121716308780015499098304829, -10902316875926043104284087800021032855820357086052915323411749579/35488280560685371376668966039974645876208005865929964376060621924, 96067743019815900608852834349279848296655414494648293479414799343429610121331951/448748598570942501539452781857939033179382752515655089927736143056096026419322979, 2186493372480508785154534982946932503990873258152479435943386136329707320524595872387987295882370/5493565246302015373956283357443938987285994319071586427272115982541574646046741467065233888362113, 26760666695917206119039053771339013864711355548671078737306071284163726548595312410956600741355989870776070635/126707492325986839581493271344070380582934614692470951937632493322104174427623853128279027150611937871674224591, -4050034973772566/13321984190388515, 903488552814361939677815878222/7317479376790678761614674190447, -172043065299400665626375210721465500996378589931/457995348189389884581121716308780015499098304829, 1450752742718981783843536657461611417958303283894645524048391171/8872070140171342844167241509993661469052001466482491094015155481, -97240902603086961655452735326408413971536700673425291324865640719227684527004096/448748598570942501539452781857939033179382752515655089927736143056096026419322979, 2616318489116434612196110497107484552152315709341645913592063502989482882061246919880343946082503/5493565246302015373956283357443938987285994319071586427272115982541574646046741467065233888362113, -50683742974020129440901180056734641023394682420628506510800989093853094131685703827026280411573471431027995582/126707492325986839581493271344070380582934614692470951937632493322104174427623853128279027150611937871674224591, -59052174111509857292449615361277858576756637526098685843862512625117466613958041691978846807640193698918679638951475620466252898/131689904198788361996340666712321991818847735410265920449825908275472996066757671438587788661566500330865231303421126230774223721, 127102491852006/13321984190388515, -2987699892971175256846459155873/7317479376790678761614674190447, 15489262427594848638154070013753937760518718776/457995348189389884581121716308780015499098304829, -4490845254157836469880707886040602421045757756223949828839386669/35488280560685371376668966039974645876208005865929964376060621924, 33679785107474366459354581896266305630788358982045338513070901198879978363435121/448748598570942501539452781857939033179382752515655089927736143056096026419322979, -2430688448797333508078468110167741470444059669261805326466071771639392656616490857215673481591641/5493565246302015373956283357443938987285994319071586427272115982541574646046741467065233888362113, -51493125774468637520828781155381803488521827594297900662043430173332505579025870944124363056373248322434254168/126707492325986839581493271344070380582934614692470951937632493322104174427623853128279027150611937871674224591, -60684242734689271418046645063678839283556525109688347035731404176250455662183198906913681797476238665801592883782114292431532989/131689904198788361996340666712321991818847735410265920449825908275472996066757671438587788661566500330865231303421126230774223721, 76164338044806293217595545326984584524688236430366910232878191435181413215885134893348187720926296033937296736129765200913541005444311825595023/215951934997768123947667126682978060661231508560502101717969417923166831392937258339573749896305099176647213376749628651959202824514507690298440, 548035227785879/13321984190388515, 12091523330810275194000327272121/36587396883953393808073370952235, 174814876005647198592915792438252153042723438962/457995348189389884581121716308780015499098304829, -11121741676034812729840766814856577035402320459514264497113276177/35488280560685371376668966039974645876208005865929964376060621924, 158733707312475360961695289993829281572380524052618301269906527612381479527666469/448748598570942501539452781857939033179382752515655089927736143056096026419322979, 2026922712779369745321384311443765562775762955290545091997138235106560878033656321256345683284534/5493565246302015373956283357443938987285994319071586427272115982541574646046741467065233888362113, 21727278288652800123940070322046082838833378346597071641278182349371999914572988516461352996944874027145351482/126707492325986839581493271344070380582934614692470951937632493322104174427623853128279027150611937871674224591, 5453113835797452692944737192411543549175083548060900748553968437360337330760275529671352431663519428392038517119491564121786598/658449520993941809981703333561609959094238677051329602249129541377364980333788357192938943307832501654326156517105631153871118605, -29551085725342980195777022174775771493591153431824025008362519935425956653913516045162194965628121191812753066886500165767886231106537034030827/129571160998660874368600276009786836396738905136301261030781650753900098835762355003744249937783059505988328026049777191175521694708704614179064, -482663645990831610109737404830055463998535062048671213346200768492165473977677194602465646899395762733397830337134355245061492712048251310478433349823398772935/980775780077614655224320027812586225107182880977281231660420804549594125126431362165849425957558406776653387349214645368324659063582702981210071444226934197553, -1505296212319408/13321984190388515, -647977233301793068944109608274/7317479376790678761614674190447, 114388879574772831815130253210213075833850663897/457995348189389884581121716308780015499098304829, -10031198167807711436952619382456285548178092985727452969355909263/35488280560685371376668966039974645876208005865929964376060621924, -96975803362624233197335482415618220021521853372290889397617015344832915787818525/448748598570942501539452781857939033179382752515655089927736143056096026419322979, -1854790814862076665005600733599650115706159538532369749731132884009962173086705762708232527202140/5493565246302015373956283357443938987285994319071586427272115982541574646046741467065233888362113, 17520548770205516032956349138481544042649994938624446970908064101781450918785088225463768978238633501712480738/126707492325986839581493271344070380582934614692470951937632493322104174427623853128279027150611937871674224591, 282376195592421972256065662985209255940822820678692155062271335926273279506284303519163122850925667437232602872657177326590526238/658449520993941809981703333561609959094238677051329602249129541377364980333788357192938943307832501654326156517105631153871118605, -175412363471073901216120026070351061032786788204434408719414940667182969465260178332069387666947696949041628505847036839246658741536023644241809/431903869995536247895334253365956121322463017121004203435938835846333662785874516679147499792610198353294426753499257303918405649029015380596880, -5536117699725344327777412318644910996351101393836843693322991534026775876279999091841112211997136275538359011310392405109522894479070715834049402675350418779/1961551560155229310448640055625172450214365761954562463320841609099188250252862724331698851915116813553306774698429290736649318127165405962420142888453868395106, -142474910262624391553378840888907747308996871282229190129861540336665742522321209793165078629144722392371973558325214970124266422457518415223985122310839832663604129404363274181/312867029981592595237960712488430944677960951473801924550267106537157535439398675869338394898508948042526544650919644776445259442312409003473682472031426110048237834574106555534, -2279586801561049/13321984190388515, 285587885751935046496477914539/7317479376790678761614674190447, 178963049593735285614294261824242395335924769346/457995348189389884581121716308780015499098304829, -15091152338857692058883031907604339898415481414781663396809606189/35488280560685371376668966039974645876208005865929964376060621924, -166073979485220107853919558572089802112694242366073139553634802170882730282772575/448748598570942501539452781857939033179382752515655089927736143056096026419322979, 444689269326229377268590733574507203916986171227993980623681151486291314162476810899548702626975/5493565246302015373956283357443938987285994319071586427272115982541574646046741467065233888362113, 58017050932579774233662679918379384064835465605652571617872459702005954335343174338170483910534714445997013189/126707492325986839581493271344070380582934614692470951937632493322104174427623853128279027150611937871674224591, -166641240505848615380763470409283722160443677321382719527828022547765272604310904396137159855100380275339382520835016670761364762/658449520993941809981703333561609959094238677051329602249129541377364980333788357192938943307832501654326156517105631153871118605, 164245483566807316066796837253903837259701658226693247687820995673919528802083792387877348132034033396793912358258601835935207159868605131481177/1295711609986608743686002760097868363967389051363012610307816507539000988357623550037442499377830595059883280260497771911755216947087046141790640, -894252517620851909991198358160817700264793058553071581026554868805972039961643396309330695012121217653052474163570031871830063574716514024601413865504825067991/1961551560155229310448640055625172450214365761954562463320841609099188250252862724331698851915116813553306774698429290736649318127165405962420142888453868395106, -140722572760092515748200936873550831657981514813412700792464843642951283480860930216994451559010508376004213495443351144873153143296748894789479039355062237947440395638529834661/312867029981592595237960712488430944677960951473801924550267106537157535439398675869338394898508948042526544650919644776445259442312409003473682472031426110048237834574106555534, 397306114845532145139440638412957302544126698077166629332774265753401735051844193005110259714212711196746779566967236129482403745591391136106083231901275016462445865988701124839745413061866692/968646157706944629909283722699312687426647987980533365586340712672599005920888319034869749360034383235420136563132097755447460960349096740393158054104393299638796693292217728570423533817655407, 1315463821129481/2664396838077703, 8850797835799246409143550813687/36587396883953393808073370952235, -10610761387690130566575451094049748269310463264/457995348189389884581121716308780015499098304829, 8893574403828275054521722943189304934293021433561246089227379103/35488280560685371376668966039974645876208005865929964376060621924, -34145283181476514016941643569267277837488248024043980832510439519678613118143015/448748598570942501539452781857939033179382752515655089927736143056096026419322979, -1684410402490201166901873587353540566394875495182455185530034946372560806797825611375452202017656/5493565246302015373956283357443938987285994319071586427272115982541574646046741467065233888362113, -29577163944125729196969585463121648690860062316233054800953549481496270259706902724487030141026382868770083642/126707492325986839581493271344070380582934614692470951937632493322104174427623853128279027150611937871674224591, 57822576393160950184818054502939459583448928001535210925155358217240940417756572540233061131519223018525020811850761914695257228/131689904198788361996340666712321991818847735410265920449825908275472996066757671438587788661566500330865231303421126230774223721, 11942022162242308471242049056222536645719288342106876241886107560523487251293100310254731821592657727089144426475104513673483493657024426658857/185101658569515534812286108585409766281055578766144658615402358219857284051089078576777499911118656437126182894356824558822173849583863734541520, 263823952678924133808887152443728460826763449257328689917735053001573988000292384028708263789895327030001132406944656431355934142658252080147076762622352841983/1961551560155229310448640055625172450214365761954562463320841609099188250252862724331698851915116813553306774698429290736649318127165405962420142888453868395106, -152548808084043897502411469637694332199674148800358825327360003032050220993860156675779536534849178042551463862198680920636900757401540995341625304975495411046018951770926647765/312867029981592595237960712488430944677960951473801924550267106537157535439398675869338394898508948042526544650919644776445259442312409003473682472031426110048237834574106555534, -404906453552984726899251309573367495054253885524320254314250813591645243602112035487653288574181397658571302511303607319927773257225329111936375676271912032906325661109427211918559123168095149/2905938473120833889727851168097938062279943963941600096759022138017797017762664957104609248080103149706260409689396293266342382881047290221179474162313179898916390079876653185711270601452966221, 1708243148469549076433339334107292726769668475769535647584733785525899174908819116576135997766546105805482367333022081735674936717407832287963409513800337325681263339531989906789086299804893326457149939071448/16608488530014085809425994272324574944761307733211169957431685573318275530511214061369001148378228101760294275599362961424165286900198038569056961019200597758166571496092366638500318716250828023231798815687915, 1968657313291143/2664396838077703, -13712904842566268455738587980697/36587396883953393808073370952235, -164971677495383402749325360589756773599575462536/457995348189389884581121716308780015499098304829, -40987528471148159785069204454545292662845626083004302474705524053/35488280560685371376668966039974645876208005865929964376060621924, -83550646393285160147671801426822775601198886504602930785892188015360223086322231/448748598570942501539452781857939033179382752515655089927736143056096026419322979, -1135835161700706002871616829411097864227314085000414481817239487463896870839518384936957286816746/5493565246302015373956283357443938987285994319071586427272115982541574646046741467065233888362113, 33119322428009679780059295481705937336157422447630696223774235750221813255422224140058241228455128232119659452/126707492325986839581493271344070380582934614692470951937632493322104174427623853128279027150611937871674224591, -191915288079656015548593573957554540913256933729861122754120175368690104669157759738591193637334674632493053825151597867183599358/658449520993941809981703333561609959094238677051329602249129541377364980333788357192938943307832501654326156517105631153871118605, 520656573482970368215960540831849202609300089557573939586394681384235858993690477607969912133580734254454398627581765514889590179621969134067629/1295711609986608743686002760097868363967389051363012610307816507539000988357623550037442499377830595059883280260497771911755216947087046141790640, 957215969994774022310778662538105183697797742992081725737805921520884889877388133240556350832116787071697604419271914925722868891776253768070064271449925463693/1961551560155229310448640055625172450214365761954562463320841609099188250252862724331698851915116813553306774698429290736649318127165405962420142888453868395106, 112996344514822841869333917505404938346802318651446906284674107371904177097681648937731531057740187025129669629876841196437573502201370591129482762563328760835220487264343660731/312867029981592595237960712488430944677960951473801924550267106537157535439398675869338394898508948042526544650919644776445259442312409003473682472031426110048237834574106555534, 1116127043851627732646810986779612065664349191598402574059129875583603331984724822463886205096741194551340807657724963520211675725704302944617338950229950932316870876407552906085928146891324298/2905938473120833889727851168097938062279943963941600096759022138017797017762664957104609248080103149706260409689396293266342382881047290221179474162313179898916390079876653185711270601452966221, 2749427340138363470388531823998267908290316141769026088136470238176013339120587380226054469553823018201892765202994806398123433805954901173274418696724512458195404011965800625774834678640137255524174919922761/16608488530014085809425994272324574944761307733211169957431685573318275530511214061369001148378228101760294275599362961424165286900198038569056961019200597758166571496092366638500318716250828023231798815687915, -65199789359420198227486753239583331265660300881335963298298804766187498244662128730722967717644435467825907428634937714558461572637494442319132880195537132132320097716832008598819934316062285402460920823969452787841087523447/166250683091830470612261332375104174799766184078603055118136470037711210203093782250530072887626342730507338449515874427908541333770257309840489353605258236546677259451557078881935192152133446735092055025072924702535038861529] }
(hist.len, cnt): (2066, 38569)
[(0, 1), (0, 1), (0, 1), (0, 1), (0, 1), (0, 1), (0, 1), (0, 1), (0, 1), (0, 1), (0, 1), (0, 1), (0, 1), (0, 1), (0, 1), (0, 1), (0, 1), (0, 1), (0, 1), (0, 1), (0, 1), (0, 1), (0, 1), (0, 1), (0, 1), (0, 1), (0, 1), (0, 1), (0, 1), (0, 1), (0, 1), (0, 1), (0, 1), (0, 1), (0, 1), (0, 1), (0, 1), (0, 1), (0, 1), (0, 1), (0, 1), (0, 1), (0, 1), (0, 1), (0, 1), (0, 1), (0, 1), (0, 1), (0, 1), (0, 1), (0, 1), (0, 1), (0, 1), (0, 1), (0, 1), (0, 1), (0, 1), (0, 1), (0, 1), (0, 1), (0, 1), (0, 1), (0, 1), (0, 1), (0, 1), (0, 1), (0, 1), (0, 1), (0, 1), (0, 1), (0, 1), (0, 1), (0, 1), (0, 1), (0, 1), (0, 1), (0, 1), (0, 1), (0, 1), (0, 1), (1, 2), (0, 2), (0, 2), (1, 2), (0, 2), (0, 2), (0, 2), (0, 1), (0, 2), (0, 2), (0, 2), (0, 2), (0, 2), (0, 2), (0, 2), (0, 2), (0, 2), (0, 1), (1, 2), (0, 2), (0, 2), (0, 2), (0, 2), (0, 2), (0, 1), (0, 2), (0, 1), (0, 2), (0, 2), (0, 2), (0, 2), (0, 2), (0, 1), (0, 2), (0, 1), (0, 2), (0, 1), (0, 2), (0, 1), (0, 2), (0, 2), (0, 2), (0, 1), (0, 2), (1, 2), (0, 2), (0, 2), (0, 2), (1, 2), (0, 2), (0, 2), (0, 2), (0, 2), (0, 2), (1, 2), (0, 2), (0, 2), (0, 2), (0, 1), (0, 2), (0, 2), (0, 2), (1, 2), (0, 3), (1, 3), (0, 3), (1, 2), (0, 3), (0, 2), (1, 2), (0, 3), (1, 2), (0, 3), (1, 3), (0, 3), (1, 2), (0, 3), (0, 2), (1, 2), (0, 3), (1, 2), (0, 3), (0, 3), (1, 2), (0, 3), (1, 2), (0, 3), (1, 3), (0, 2), (0, 3), (0, 1), (0, 2), (1, 3), (0, 3), (0, 3), (0, 2), (0, 3), (0, 3), (0, 3), (0, 1), (0, 2), (0, 3), (0, 3), (0, 3), (0, 3), (0, 2), (0, 2), (1, 2), (0, 3), (0, 3), (0, 3), (1, 2), (0, 3), (0, 3), (0, 3), (0, 3), (0, 3), (1, 2), (0, 3), (1, 3), (0, 3), (0, 3), (0, 2), (1, 2), (1, 3), (0, 4), (0, 3), (2, 3), (0, 4), (0, 4), (0, 3), (0, 2), (0, 4), (1, 3), (0, 4), (0, 4), (0, 4), (0, 2), (0, 4), (0, 4), (0, 4), (1, 2), (0, 4), (0, 3), (1, 3), (0, 4), (0, 3), (0, 2), (1, 2), (0, 4), (1, 2), (2, 3), (0, 4), (0, 3), (2, 3), (1, 4), (0, 4), (0, 3), (1, 2), (0, 3), (0, 4), (1, 3), (0, 4), (2, 3), (0, 4), (1, 3), (0, 4), (1, 2), (0, 4), (1, 3), (1, 3), (0, 4), (2, 3), (0, 4), (1, 2), (0, 4), (1, 3), (0, 4), (0, 4), (0, 4), (2, 3), (1, 4), (0, 4), (1, 3), (1, 5), (2, 4), (0, 5), (1, 4), (0, 5), (1, 2), (0, 5), (1, 3), (2, 3), (2, 4), (3, 4), (0, 5), (2, 5), (0, 5), (1, 5), (2, 3), (1, 5), (2, 3), (0, 4), (0, 5), (1, 2), (1, 4), (1, 5), (0, 4), (3, 4), (0, 5), (1, 2), (1, 3), (2, 3), (0, 5), (1, 2), (0, 3), (1, 2), (0, 3), (0, 4), (0, 5), (2, 3), (0, 5), (1, 3), (0, 5), (1, 2), (0, 5), (1, 5), (0, 5), (2, 3), (3, 4), (0, 5), (2, 5), (0, 4), (0, 5), (1, 2), (0, 4), (1, 2), (1, 3), (2, 3), (0, 5), (0, 5), (0, 5), (1, 2), (0, 5), (0, 4), (0, 3), (0, 5), (1, 2), (0, 3), (0, 4), (0, 4), (3, 4), (0, 5), (3, 4), (0, 5), (2, 3), (0, 4), (0, 6), (1, 2), (0, 5), (4, 5), (0, 6), (1, 2), (0, 3), (0, 4), (2, 3), (4, 5), (3, 5), (4, 5), (0, 6), (2, 3), (2, 4), (3, 4), (1, 6), (2, 3), (1, 4), (3, 4), (1, 6), (2, 4), (3, 4), (1, 6), (2, 3), (4, 5), (0, 6), (0, 5), (2, 3), (1, 4), (3, 4), (1, 5), (2, 5), (0, 6), (0, 4), (0, 6), (1, 2), (3, 4), (2, 5), (3, 4), (0, 6), (3, 4), (0, 6), (1, 2), (0, 4), (1, 3), (2, 3), (4, 5), (0, 6), (2, 4), (1, 6), (1, 5), (2, 3), (0, 6), (2, 4), (3, 4), (0, 6), (4, 5), (1, 6), (4, 5), (3, 5), (4, 5), (2, 6), (3, 5), (1, 6), (3, 4), (0, 6), (1, 3), (0, 6), (1, 3), (2, 3), (0, 6), (3, 4), (2, 5), (0, 6), (0, 3), (1, 2), (0, 4), (2, 4), (0, 6), (2, 3), (1, 5), (4, 5), (1, 6), (2, 3), (2, 4), (1, 6), (2, 3), (0, 6), (2, 3), (4, 6), (5, 6), (1, 7), (5, 6), (0, 7), (1, 2), (3, 5), (0, 7), (1, 2), (2, 6), (4, 6), (5, 6), (0, 7), (1, 2), (3, 4), (0, 6), (2, 3), (3, 5), (4, 5), (4, 6), (0, 7), (1, 2), (1, 3), (1, 5), (2, 3), (3, 4), (0, 7), (2, 5), (3, 5), (0, 6), (1, 3), (3, 6), (1, 7), (0, 6), (2, 3), (4, 5), (1, 6), (2, 5), (4, 5), (3, 6), (5, 6), (0, 7), (1, 4), (4, 5), (1, 7), (3, 5), (3, 6), (1, 7), (3, 4), (4, 6), (5, 6), (0, 7), (3, 4), (2, 5), (3, 4), (2, 5), (4, 5), (0, 6), (1, 3), (1, 4), (1, 3), (0, 7), (2, 4), (0, 5), (3, 5), (1, 6), (1, 3), (0, 5), (0, 6), (2, 4), (5, 6), (0, 7), (3, 5), (0, 7), (1, 2), (4, 5), (5, 6), (0, 7), (4, 5), (0, 7), (3, 4), (1, 5), (2, 6), (0, 7), (2, 5), (3, 5), (1, 7), (4, 6), (5, 6), (3, 7), (5, 6), (5, 7), (0, 8), (2, 7), (4, 6), (0, 7), (1, 2), (3, 7), (5, 7), (6, 7), (3, 8), (4, 6), (0, 8), (1, 2), (1, 4), (2, 3), (0, 8), (2, 4), (3, 4), (2, 5), (5, 7), (4, 6), (5, 6), (0, 8), (1, 2), (2, 3), (1, 5), (3, 4), (1, 7), (3, 4), (2, 5), (3, 4), (1, 8), (3, 4), (1, 5), (2, 3), (5, 6), (0, 7), (3, 4), (1, 5), (0, 8), (3, 4), (0, 7), (3, 4), (4, 6), (0, 8), (1, 2), (0, 5), (2, 3), (5, 6), (0, 7), (3, 5), (1, 6), (3, 4), (4, 5), (5, 6), (0, 8), (1, 2), (0, 5), (1, 7), (4, 5), (3, 6), (4, 6), (5, 6), (1, 7), (1, 5), (1, 7), (6, 7), (0, 8), (1, 4), (0, 5), (1, 6), (1, 3), (4, 6), (5, 6), (0, 8), (1, 3), (0, 7), (2, 4), (3, 4), (2, 5), (2, 7), (4, 5), (4, 6), (5, 6), (1, 8), (3, 4), (3, 5), (4, 7), (6, 7), (0, 8), (1, 2), (4, 5), (4, 6), (4, 7), (1, 8), (2, 3), (4, 5), (4, 7), (3, 6), (0, 8), (0, 2), (1, 2), (1, 4), (2, 3), (4, 5), (3, 6), (1, 7), (2, 4), (2, 4), (4, 6), (5, 6), (0, 8), (1, 2), (2, 4), (3, 4), (4, 5), (2, 6), (3, 4), (1, 8), (0, 3), (1, 2), (0, 5), (1, 4), (5, 6), (6, 7), (0, 8), (1, 3), (2, 3), (3, 5), (4, 5), (0, 8), (0, 4), (1, 2), (5, 6), (1, 7), (2, 3), (2, 4), (7, 8), (0, 9), (3, 6), (4, 5), (0, 7), (1, 3), (2, 3), (1, 8), (3, 4), (5, 7), (6, 7), (0, 9), (1, 2), (2, 3), (1, 4), (6, 8), (0, 9), (2, 3), (2, 4), (4, 5), (4, 6), (2, 8), (3, 7), (4, 6), (6, 7), (1, 8), (2, 3), (3, 6), (0, 9), (2, 9), (3, 6), (1, 8), (2, 3), (2, 4), (3, 4), (5, 6), (5, 7), (6, 7), (0, 9), (1, 3), (4, 5), (3, 7), (5, 6), (6, 7), (1, 8), (2, 5), (6, 7), (2, 9), (1, 6), (1, 7), (2, 3), (2, 6), (3, 5), (4, 5), (4, 7), (5, 6), (1, 9), (2, 3), (3, 4), (5, 7), (6, 7), (0, 9), (4, 5), (2, 8), (4, 7), (0, 9), (1, 3), (5, 6), (5, 7), (7, 8), (1, 9), (0, 2), (1, 2), (0, 4), (1, 2), (2, 3), (1, 6), (0, 3), (1, 2), (7, 8), (0, 9), (2, 3), (1, 4), (2, 3), (0, 5), (0, 9), (3, 4), (5, 6), (3, 7), (6, 7), (0, 9), (1, 7), (1, 8), (2, 3), (0, 4), (5, 6), (3, 7), (5, 8), (1, 9), (2, 4), (3, 4), (2, 5), (3, 4), (7, 8), (1, 9), (1, 4), (2, 3), (2, 4), (3, 4), (0, 5), (4, 5), (6, 8), (1, 9), (2, 4), (3, 4), (4, 5), (0, 8), (1, 2), (4, 6), (3, 6), (5, 8), (6, 8), (0, 9), (3, 4), (5, 6), (6, 8), (1, 9), (3, 4), (2, 5), (0, 6), (1, 5), (2, 3), (4, 6), (4, 7), (5, 6), (6, 7), (0, 9), (3, 4), (1, 5), (5, 6), (4, 6), (5, 6), (1, 7), (4, 7), (6, 7), (2, 10), (5, 6), (0, 7), (1, 2), (2, 10), (0, 7), (5, 7), (1, 8), (2, 4), (1, 5), (4, 5), (4, 7), (5, 6), (0, 8), (5, 8), (0, 10), (1, 2), (3, 5), (1, 8), (3, 5), (4, 5), (4, 6), (7, 8), (0, 9), (4, 5), (5, 6), (7, 8), (1, 10), (2, 3), (0, 7), (4, 6), (5, 8), (3, 10), (0, 6), (0, 8), (4, 6), (5, 6), (6, 7), (2, 8), (3, 4), (4, 7), (1, 10), (2, 3), (2, 4), (5, 7), (5, 8), (6, 7), (6, 8), (7, 8), (0, 9), (3, 4), (3, 6), (5, 8), (8, 9), (2, 10), (1, 4), (2, 3), (5, 6), (3, 7), (5, 7), (6, 7), (4, 8), (6, 8), (1, 9), (2, 3), (2, 7), (3, 8), (4, 6), (5, 6), (4, 7), (5, 6), (5, 7), (8, 9), (0, 10), (2, 4), (3, 4), (5, 7), (1, 8), (3, 5), (4, 6), (1, 8), (2, 4), (3, 4), (6, 7), (1, 10), (2, 3), (6, 8), (4, 8), (5, 6), (5, 7), (0, 9), (2, 3), (3, 6), (4, 5), (6, 7), (8, 9), (0, 10), (4, 5), (6, 8), (0, 10), (1, 5), (4, 5), (3, 10), (6, 7), (5, 7), (5, 8), (4, 9), (4, 6), (4, 7), (6, 9), (8, 9), (2, 10), (4, 5), (3, 7), (6, 7), (2, 8), (6, 7), (4, 8), (5, 6), (6, 7), (5, 8), (7, 8), (6, 8), (7, 8), (2, 9), (1, 2), (1, 6), (5, 6), (0, 8), (6, 8), (7, 8), (0, 9), (1, 2), (2, 3), (3, 4), (4, 5), (4, 6), (6, 8), (7, 9), (0, 10), (1, 2), (3, 4), (2, 6), (5, 6), (3, 7), (1, 10), (4, 7), (5, 7), (8, 10), (2, 11), (1, 4), (2, 3), (3, 4), (2, 5), (3, 5), (1, 7), (2, 3), (4, 5), (5, 6), (6, 7), (2, 11), (2, 4), (0, 5), (1, 3), (2, 3), (3, 5), (2, 5), (3, 4), (1, 6), (2, 3), (0, 7), (2, 3), (6, 7), (1, 8), (0, 9), (2, 3), (0, 10), (3, 4), (1, 5), (3, 4), (4, 5), (2, 6), (4, 5), (7, 10), (1, 11), (4, 8), (6, 9), (8, 10), (1, 11), (3, 4), (4, 6), (7, 8), (0, 11), (3, 4), (6, 7), (5, 8), (2, 10), (3, 4), (5, 6), (7, 8), (0, 10), (1, 4), (3, 4), (4, 5), (1, 7), (3, 4), (3, 7), (4, 5), (6, 7), (1, 8), (3, 6), (5, 6), (2, 8), (3, 4), (5, 6), (5, 10), (6, 7), (1, 11), (4, 7), (5, 7), (2, 8), (2, 6), (4, 6), (0, 9), (1, 4), (2, 10), (2, 8), (3, 9), (4, 5), (6, 10), (0, 11), (2, 4), (2, 6), (3, 4), (2, 6), (1, 7), (5, 6), (5, 8), (6, 7), (9, 10), (0, 11), (2, 3), (3, 5), (4, 5), (1, 6), (4, 8), (3, 7), (4, 5), (6, 7), (2, 9), (0, 9), (4, 5), (0, 10), (1, 2), (2, 3), (4, 5), (6, 7), (1, 10), (7, 8), (5, 10), (9, 10), (0, 11), (3, 4), (2, 8), (6, 8), (3, 10), (3, 5), (7, 8), (1, 9), (2, 4), (3, 4), (4, 5), (6, 9), (9, 10), (1, 11), (2, 10), (3, 4), (6, 8), (0, 11), (5, 6), (4, 8), (7, 9), (8, 9), (1, 10), (4, 5), (1, 6), (2, 3), (1, 7), (2, 5), (3, 5), (4, 5), (3, 6), (0, 8), (3, 6), (4, 6), (1, 7), (2, 4), (4, 5), (2, 9), (3, 4), (0, 6), (2, 3), (2, 4), (4, 5), (4, 6), (6, 8), (7, 8), (8, 9), (0, 10), (3, 4), (5, 6), (6, 8), (1, 9), (6, 8), (8, 9), (8, 10), (9, 10), (5, 11), (3, 7), (4, 5), (4, 6), (2, 7), (4, 5), (9, 11), (10, 11), (2, 12), (3, 4), (5, 6), (6, 8), (7, 9), (8, 9), (6, 10), (8, 9), (2, 11), (3, 5), (4, 6), (1, 7), (2, 6), (5, 6), (2, 8), (5, 6), (3, 8), (5, 6), (4, 8), (5, 7), (6, 7), (5, 8), (7, 8), (3, 11), (6, 7), (9, 11), (1, 12), (3, 4), (0, 6), (1, 4), (3, 4), (5, 7), (6, 8), (5, 8), (6, 7), (4, 9), (6, 9), (0, 11), (1, 2), (3, 9), (4, 7), (5, 6), (5, 8), (6, 7), (6, 8), (7, 8), (0, 12), (2, 5), (3, 5), (1, 8), (3, 4), (5, 8), (6, 8), (5, 9), (6, 7), (7, 9), (7, 9), (6, 11), (8, 10), (9, 10), (0, 12), (3, 7), (4, 5), (0, 8), (5, 6), (4, 7), (6, 7), (5, 8), (7, 8), (5, 9), (4, 8), (4, 10), (5, 6), (8, 9), (0, 11), (2, 3), (3, 4), (5, 7), (6, 7), (0, 8), (2, 3), (3, 4), (4, 5), (5, 6), (6, 7), (8, 9), (7, 10), (8, 9), (9, 10), (1, 11), (4, 5), (2, 6), (3, 6), (4, 5), (4, 7), (8, 9), (3, 11), (5, 6), (5, 7), (5, 8), (8, 9), (0, 12), (3, 6), (4, 5), (8, 9), (1, 10), (5, 7), (6, 7), (4, 11), (5, 6), (7, 8), (0, 9), (6, 8), (4, 10), (6, 7), (1, 9), (3, 4), (2, 12), (3, 5), (4, 6), (1, 9), (2, 6), (6, 7), (3, 10), (4, 7), (5, 6), (0, 8), (6, 7), (5, 8), (6, 7), (7, 8), (10, 11), (0, 12), (2, 4), (3, 4), (0, 5), (3, 4), (2, 7), (5, 7), (7, 8), (7, 9), (4, 10), (5, 6), (8, 9), (0, 11), (1, 2), (2, 3), (6, 7), (6, 8), (2, 11), (3, 4), (3, 5), (6, 7), (3, 8), (2, 4), (3, 4), (3, 6), (4, 9), (2, 6), (3, 5), (4, 5), (4, 6), (5, 6), (9, 10), (1, 12), (2, 4), (2, 4), (3, 5), (4, 6), (8, 9), (9, 11), (2, 12), (3, 6), (4, 5), (7, 8), (7, 9), (8, 9), (1, 11), (3, 5), (4, 5), (2, 10), (6, 7), (5, 9), (7, 8), (3, 9), (6, 7), (5, 8), (6, 7), (4, 8), (5, 6), (7, 8), (7, 9), (2, 12), (5, 8), (6, 7), (4, 9), (8, 9), (7, 10), (1, 9), (5, 9), (7, 9), (8, 9), (9, 10), (0, 12), (2, 3), (3, 4), (0, 5), (4, 5), (7, 8), (3, 10), (4, 5), (5, 6), (4, 7), (7, 9), (9, 10), (0, 12), (4, 5), (3, 5), (4, 5), (3, 6), (4, 5), (5, 6), (4, 7), (5, 6), (5, 7), (6, 7), (4, 8), (6, 7), (3, 9), (4, 5), (5, 7), (7, 8), (4, 9), (5, 8), (6, 7), (1, 12), (1, 4), (6, 10), (7, 9), (8, 9), (8, 10), (9, 10), (5, 11), (6, 10), (5, 11), (9, 10), (7, 12), (9, 11), (10, 11), (10, 12), (1, 13), (2, 7), (0, 11), (2, 3), (3, 4), (6, 8), (7, 8), (8, 10), (9, 12), (5, 10), (6, 10), (0, 13), (1, 2), (4, 6), (3, 7), (6, 7), (1, 10), (7, 8), (9, 10), (0, 12), (2, 3), (1, 4), (2, 3), (1, 5), (4, 5), (1, 6), (5, 6), (5, 7), (3, 9), (4, 5), (7, 8), (5, 10), (7, 8), (6, 9), (4, 12), (5, 6), (5, 7), (1, 9), (3, 6), (4, 6), (5, 7), (0, 13), (3, 4), (3, 5), (2, 5), (3, 5), (2, 6), (5, 6), (0, 8), (3, 4), (2, 6), (3, 5), (4, 5), (3, 6), (4, 5), (7, 8), (2, 10), (7, 8), (1, 10), (6, 7), (2, 9), (5, 7), (6, 7), (4, 8), (2, 6), (4, 5), (6, 9), (9, 10), (5, 11), (6, 8), (7, 9), (1, 10), (4, 5), (2, 6), (4, 6), (3, 6), (4, 5), (5, 6), (7, 8), (5, 9), (6, 7), (6, 9), (3, 11), (4, 6), (5, 6), (8, 9), (3, 10), (5, 6), (5, 8), (9, 11), (0, 12), (1, 4), (2, 3), (4, 5), (5, 8), (7, 8), (9, 11), (2, 12), (3, 8), (6, 8), (7, 8), (7, 11), (10, 11), (2, 13), (1, 2), (2, 5), (2, 6), (3, 4), (5, 7), (7, 8), (5, 10), (7, 11), (6, 8), (7, 8), (9, 10), (0, 12), (1, 2), (1, 3), (6, 7), (4, 9), (7, 8), (10, 11), (4, 12), (6, 8), (8, 9), (6, 12), (10, 11), (11, 12), (3, 13), (0, 3), (3, 4), (3, 6), (4, 5), (4, 6), (5, 6), (2, 10), (8, 10), (1, 11), (3, 6), (5, 6), (5, 7), (6, 8), (9, 10), (7, 10), (9, 10), (1, 13), (2, 3), (4, 5), (2, 7), (5, 6), (5, 7), (9, 10), (9, 11), (10, 12), (0, 13), (3, 4), (5, 6), (7, 8), (1, 9), (4, 6), (7, 9), (7, 10), (8, 9), (8, 11), (4, 12), (5, 6), (6, 7), (7, 10), (8, 9), (9, 11), (2, 12), (4, 6), (5, 6), (7, 8), (8, 9), (0, 10), (1, 3), (2, 3), (3, 4), (1, 4), (3, 4), (5, 7), (6, 7), (3, 11), (9, 11), (0, 13), (1, 2), (4, 5), (5, 6), (1, 7), (3, 4), (3, 5), (3, 8), (1, 7), (2, 3), (5, 7), (6, 7), (8, 9), (9, 11), (4, 12), (1, 6), (5, 6), (1, 9), (0, 13), (1, 2), (1, 6), (2, 4), (2, 6), (6, 8), (7, 8), (6, 11), (8, 10), (11, 12), (0, 13), (3, 4), (5, 8), (6, 10), (4, 7), (5, 7), (8, 11), (2, 12), (4, 5), (7, 10), (10, 12), (11, 12), (3, 13), (4, 5), (7, 8), (6, 10), (7, 10), (8, 9), (7, 12), (8, 9), (2, 11), (3, 6), (4, 5), (4, 6), (5, 6), (7, 9), (3, 8), (4, 8), (5, 8), (6, 8), (7, 8), (5, 9), (6, 9), (7, 9), (8, 9), (6, 10), (7, 11), (0, 13), (3, 4), (4, 5), (6, 7), (3, 8), (5, 6), (9, 11), (0, 14), (1, 2), (3, 4), (4, 5), (3, 7), (4, 5), (3, 8), (5, 8), (7, 8), (3, 9), (4, 7), (5, 6), (6, 9), (8, 9), (3, 10), (5, 6), (6, 7), (5, 9), (6, 8), (7, 8), (5, 10), (6, 7), (7, 8), (8, 9), (9, 10), (11, 13), (0, 14), (1, 2), (1, 3), (0, 4), (1, 5), (1, 6), (2, 3), (3, 5), (2, 6), (5, 6), (7, 9), (3, 10), (6, 7), (7, 10), (9, 10), (1, 11), (4, 6), (5, 6), (6, 11), (9, 10), (9, 11), (10, 11), (3, 12), (5, 8), (6, 7), (0, 14), (1, 3), (1, 3), (5, 6), (9, 10), (10, 12), (11, 12), (7, 13), (8, 10), (11, 12), (9, 12), (10, 12), (11, 12), (9, 13), (4, 14), (1, 7), (6, 7), (8, 9), (8, 11), (10, 11), (2, 12), (3, 9), (7, 8), (3, 9), (5, 6), (3, 7), (4, 5), (4, 6), (5, 6), (4, 7), (6, 7), (6, 8), (6, 9), (8, 9), (8, 10), (11, 12), (10, 12), (11, 12), (0, 13), (2, 3), (7, 9), (9, 10), (4, 11), (6, 7), (8, 9), (4, 10), (6, 7), (9, 11), (8, 12), (10, 11), (4, 12), (5, 8), (6, 7), (7, 8), (6, 9), (9, 10), (5, 11), (6, 7), (8, 10), (9, 10), (10, 11), (11, 12), (5, 13), (7, 11), (9, 11), (8, 11), (9, 10), (9, 11), (10, 11), (7, 12), (8, 9), (9, 10), (8, 13), (9, 10), (9, 12), (4, 14), (4, 6), (2, 4), (1, 8), (4, 8), (5, 6), (8, 9), (4, 11), (5, 8), (7, 8), (6, 9), (6, 10), (7, 8), (8, 9), (9, 10), (3, 12), (4, 6), (5, 7), (6, 7), (4, 8), (6, 7), (5, 8), (6, 7), (3, 10), (8, 9), (5, 10), (8, 9), (7, 11), (10, 11), (8, 11), (10, 11), (5, 12), (6, 8), (7, 8), (8, 9), (6, 11), (7, 8), (7, 11), (11, 12), (8, 13), (9, 10), (10, 11), (2, 14), (3, 4), (5, 6), (0, 7), (4, 5), (3, 6), (4, 5), (4, 6), (4, 7), (5, 7), (2, 8), (7, 8), (6, 9), (3, 11), (6, 7), (8, 10), (9, 10), (8, 11), (1, 12), (3, 4), (3, 5), (4, 6), (5, 8), (6, 8), (4, 9), (5, 7), (6, 8), (7, 9), (8, 9), (4, 11), (5, 10), (8, 10), (9, 10), (6, 11), (7, 9), (8, 9), (1, 12), (6, 7), (4, 10), (3, 13), (4, 5), (5, 6), (7, 9), (9, 11), (4, 13), (3, 11), (4, 5), (6, 7), (6, 9), (7, 8), (4, 11), (7, 10), (8, 10), (5, 10), (6, 8), (7, 8), (7, 9), (9, 10), (9, 11), (11, 12), (12, 13), (1, 14), (5, 7), (6, 7), (6, 8), (7, 8), (2, 9), (7, 8), (7, 9), (5, 11), (8, 10), (9, 10), (3, 11), (4, 6), (5, 6), (7, 8), (7, 11), (8, 9), (10, 11), (8, 12), (0, 13), (5, 8), (6, 7), (7, 8), (9, 10), (5, 13), (7, 8), (9, 11), (10, 11), (6, 12), (8, 9), (7, 10), (8, 9), (10, 11), (8, 12), (1, 14), (2, 3), (3, 4), (5, 6), (0, 7), (4, 8), (5, 10), (8, 9), (8, 10), (7, 12), (3, 9), (4, 5), (5, 6), (6, 8), (2, 8), (10, 12), (11, 12), (10, 13), (3, 14), (0, 7), (4, 8), (5, 6), (9, 12), (5, 13), (7, 11), (6, 12), (7, 8), (7, 9), (7, 11), (8, 9), (0, 14), (2, 3), (4, 5), (5, 6), (7, 9), (8, 9), (6, 10), (7, 8), (1, 11), (2, 3), (2, 5), (3, 5), (3, 6), (3, 7), (6, 8), (7, 8), (2, 12), (1, 7), (2, 3), (4, 9), (5, 6), (8, 9), (0, 13), (3, 4), (7, 8), (5, 14), (0, 9), (3, 6), (4, 5), (5, 6), (7, 8), (8, 9), (1, 10), (3, 6), (4, 5), (6, 7), (3, 10), (4, 6), (5, 6), (1, 11), (2, 3), (4, 12), (7, 8), (9, 10), (0, 13), (2, 3), (0, 4), (3, 4), (2, 5), (7, 8), (8, 9), (0, 10), (3, 4), (3, 6), (4, 6), (7, 10), (2, 8), (4, 6), (7, 8), (7, 9), (8, 11), (9, 10), (6, 14), (5, 12), (6, 7), (8, 9), (6, 10), (7, 11), (6, 10), (7, 10), (8, 10), (6, 10), (7, 9), (8, 9), (8, 10), (2, 13), (3, 7), (4, 5), (5, 6), (6, 7), (7, 8), (7, 9), (5, 10), (5, 9), (7, 9), (8, 11), (9, 10), (9, 11), (10, 11), (2, 12), (5, 8), (7, 8), (4, 9), (5, 6), (3, 13), (4, 5), (6, 11), (7, 11), (8, 9), (8, 11), (10, 11), (0, 14), (3, 4), (5, 7), (5, 8), (8, 9), (8, 10), (7, 11), (8, 10), (6, 12), (10, 11), (11, 12), (11, 13), (0, 14), (1, 2), (3, 4), (3, 5), (4, 5), (4, 6), (6, 8), (3, 9), (9, 10), (10, 11), (3, 13), (4, 6), (5, 6), (6, 7), (7, 8), (6, 9), (0, 14), (1, 2), (5, 7), (7, 8), (7, 9), (5, 10), (6, 9), (7, 9), (7, 9), (10, 13), (12, 13), (13, 14)]
