results/deeplll/svpchallengedim40seed3dim15delta0.98999995.txt: 162.697 sec
b: [[15075370, -39494632, 42848311, 21577934, -21923454, 52621433, -33262503, -15961748, -13213094, -1279908, -51197930, 4974163, 2653714, -34221964, -17844989],
 [17951043, -16691001, -1712212, -18097090, 11873411, 34288833, 43983658, 293965, -9402724, 33103531, -30037745, 44382459, 58657976, -62748330, 43295588],
 [-15176409, -24554408, -1509388, 24547634, 7405581, -46209121, -22217144, 1454321, 56914600, -34904663, -2498363, -63767073, 13639721, -33663204, -61650793],
 [57944834, -68694695, -26828036, -3067045, -34628807, -15003324, -4539936, 26534948, 54441563, -60583681, -10617610, -16300539, 5825042, 7619955, -13567393],
 [-45597591, 26848412, 5986357, -22449242, -31136657, 13008410, -42071323, -49760586, -41169463, 859705, 44939928, -11750894, 60032548, -13881070, -13886380],
 [-26689225, 41151096, 73138029, -30468693, 665025, -45520262, -4557229, -32499720, 32734106, 24478658, 34673038, -28980152, 68116808, 27272577, -27658795],
 [-19272160, 39061159, 3602393, 7514077, -1286531, -8397987, 45577301, 67336994, -88869734, -10698334, 10855454, 6155933, -8930384, -23469673, 49980370],
 [-22633497, -73237122, -39742752, -31903429, 37311558, -62382932, 1250716, 79312917, -3937809, -44151370, -23936098, -22963187, -51821761, -227207, -32164386],
 [38694569, -15135222, -37691270, 86067554, 44693593, 7635946, 12653907, -17089226, -2622927, 13757447, -74323102, -1366721, 44593499, -20525327, 8087079],
 [65311140, -15022025, 70788761, -58206835, -73083576, -5882199, -26499606, 23651799, -37809028, -20407827, 31577453, 80308708, 9277433, -6827336, -13269307],
 [-24028995, -17185109, -21962447, 2439036, 34525438, -84253689, 1589953, -21518497, -53561491, 5180800, -46995210, -20354564, -4721098, -76181757, 19119644],
 [-27091583, -7709037, 18352230, -67548360, 12225395, -24006766, 50286569, 1561244, 13240461, -83678271, -28753359, -14080604, -10848586, -45466538, 12526050],
 [-46672979, -40607017, -42639627, 19467006, 7387428, -2588736, 56648054, 5129678, -24536063, 7119586, 3681869, 48273528, -44936669, 59829279, -33310420],
 [-45189014, 5691507, -72791613, -10334006, -10986340, -47461166, 68125456, 38511123, 32844270, 50882516, -65523615, -20277301, 267518, -15495029, 7685882],
 [-40314761, -58792238, -34072572, -29812781, 20667224, 5347912, -43470602, -25605414, 56169516, -31830112, -234703, 49810123, 20704053, -63670205, 69487445]], shape=[15, 15], strides=[15, 1], layout=Cc (0x5), const ndim=2
v_norms: [13018325281815501, 212397579785887449375559127996072/13018325281815501, 3092539256158047979312851652537796587148713720795/212397579785887449375559127996072, 43878798400457905623089769603094852342082921998734142500278303272/3092539256158047979312851652537796587148713720795, 573091222207700984875277677958282786279044011774537725823559603487958976419822837/43878798400457905623089769603094852342082921998734142500278303272, 7208133491696328525515073737028959193544097088487007375027218615613434263869701926257897556162914/573091222207700984875277677958282786279044011774537725823559603487958976419822837, 84746817087866323464846097239774566101906722487808563359479378953117525326770859934644193514178458731458356503235/7208133491696328525515073737028959193544097088487007375027218615613434263869701926257897556162914, 941325342120803877178979281718085423149522845372300713732749769925890914805259612588800299756547280865358980064152285700296740016/84746817087866323464846097239774566101906722487808563359479378953117525326770859934644193514178458731458356503235, 9161889052835877887124473494344792017175772104627265053908308226901642843214856991261922965123114204618440159412023149412029976988373007086905365/941325342120803877178979281718085423149522845372300713732749769925890914805259612588800299756547280865358980064152285700296740016, 15817973206996015561834590285054552100274332295150669463049600607212781224564753000842570770915176225110122486534126875664165096935298261445452000233001713001360/1832377810567175577424894698868958403435154420925453010781661645380328568642971398252384593024622840923688031882404629882405995397674601417381073, 130278393161285107112279312768229508280983029068188663281484228664307931755690110125181683208756565029998332517690424058753594667882276174568994803146109060559150866855453376759/15817973206996015561834590285054552100274332295150669463049600607212781224564753000842570770915176225110122486534126875664165096935298261445452000233001713001360, 5095044288389415211806969521039689462456240008614437373401001531937752418298088216378830989122137790172174219165388901340416472000092024456270874099382610492282521052094808049501394530249384981/651391965806425535561396563841147541404915145340943316407421143321539658778450550625908416043782825149991662588452120293767973339411380872844974015730545302795754334277266883795, 46980987703558859267964414853213409772730557359113645847595726937116860298296848287369111609744951874812608589562134783997743518999871283849142514911057255158640718417574473039104334070267659715472656926226319/5095044288389415211806969521039689462456240008614437373401001531937752418298088216378830989122137790172174219165388901340416472000092024456270874099382610492282521052094808049501394530249384981, 397497532417661697813835061484459527486199638283374455600240375847876169718244450426941676981472006794004653162174271752497741152637656350832365190019055186893238693056686658501107008778315562546058533542700576684261713223260/46980987703558859267964414853213409772730557359113645847595726937116860298296848287369111609744951874812608589562134783997743518999871283849142514911057255158640718417574473039104334070267659715472656926226319, 3555822303820348596126553004628936474041015535377025692352552146379066324338315123754919151117534890525948044022890187454352924360155754362269122969205393295793750186796242258607490889162196269041214588937709727697784976369467234839970239849/397497532417661697813835061484459527486199638283374455600240375847876169718244450426941676981472006794004653162174271752497741152637656350832365190019055186893238693056686658501107008778315562546058533542700576684261713223260], shape=[15], strides=[1], layout=CFcf (0xf), const ndim=1
Mu { arr: [3913211792502878/13018325281815501, 719582654812193/13018325281815501, -93684771328307226238011173432719/212397579785887449375559127996072, 1885563430017298/13018325281815501, -19800276836675351947634398068229/106198789892943724687779563998036, 1453103028908901956839782380132980737131146831554/3092539256158047979312851652537796587148713720795, 216959493924914/4339441760605167, -10722037680873074379193226247/336604722323117986332106383512, -75572222195955140738959411190739419316761655347/3092539256158047979312851652537796587148713720795, -21633120704619296300700819819028750591056955398424763538006836381/43878798400457905623089769603094852342082921998734142500278303272, -1310989465874273/4339441760605167, -13401655128077739190982218176303/106198789892943724687779563998036, 954530097561205279632544196112187348501431059478/3092539256158047979312851652537796587148713720795, -5386047448084207579695846989139388975967877737409069341509723299/10969699600114476405772442400773713085520730499683535625069575818, 268224301444501337961486655917058503809178694826686296273511062588272721308490268/573091222207700984875277677958282786279044011774537725823559603487958976419822837, -1323641712738322/4339441760605167, 8650927591502956767415733695833/26549697473235931171944890999509, -1269438634213372161770741420305913453268942534864/3092539256158047979312851652537796587148713720795, -9615645249202426142543798325136082718435996056582798067653370997/43878798400457905623089769603094852342082921998734142500278303272, -24974566597879722290877376680033234094093604815275712356091027792086039394210225/191030407402566994958425892652760928759681337258179241941186534495986325473274279, -2793067203184742751967308508153150046142055740039540821450738263141471320297314359645045188452571/7208133491696328525515073737028959193544097088487007375027218615613434263869701926257897556162914, -3584282465280683/13018325281815501, -67976089644403231437501256996997/212397579785887449375559127996072, 1419872588614726339516081985386565548938280323249/3092539256158047979312851652537796587148713720795, 4834096429922176043184895249577062135134840170438596378506851153/10969699600114476405772442400773713085520730499683535625069575818, -95253546227463502980718164466612140900628982745132186155765101986674834663192908/191030407402566994958425892652760928759681337258179241941186534495986325473274279, -1653640298501949629329911704200622772499837016163378233572656272409741376007130280906201565299317/3604066745848164262757536868514479596772048544243503687513609307806717131934850963128948778081457, 28706902149513760246681071611890443136313643838234151213246260130253332312889998053939640111226914171882127132546/84746817087866323464846097239774566101906722487808563359479378953117525326770859934644193514178458731458356503235, 5188978452151505/13018325281815501, 39993669817954549825482294895039/106198789892943724687779563998036, 954395223579711970392888324498821222701715920146/3092539256158047979312851652537796587148713720795, -25258954284223736000926735673859856015284116248748232222547393/10969699600114476405772442400773713085520730499683535625069575818, -246921081429365448158240460023692271073544110854112045978881706622916239786868972/573091222207700984875277677958282786279044011774537725823559603487958976419822837, -949413395135953195344272041082561415220592547272479758203511447172387243765251769175964683776703/3604066745848164262757536868514479596772048544243503687513609307806717131934850963128948778081457, -17045338131865420453970344503850335303851922682148333955145894844215584600980550070626617357760460149965904985558/84746817087866323464846097239774566101906722487808563359479378953117525326770859934644193514178458731458356503235, -397919908458979108197821563913429254266437278014677977679590509574250133723769244475881354045740065141427828029435016008234429503/941325342120803877178979281718085423149522845372300713732749769925890914805259612588800299756547280865358980064152285700296740016, 4955226293043235/13018325281815501, 17334872902707880942608114886411/212397579785887449375559127996072, -1477420927121642693684685091869396962052415506543/3092539256158047979312851652537796587148713720795, 10788919123223557486773696618268629323735444494920063554855959233/21939399200228952811544884801547426171041460999367071250139151636, 280877152336627038873992844997819035360482074790107746848088346742699580888617438/573091222207700984875277677958282786279044011774537725823559603487958976419822837, 1789714987673221241253430091205960113025168327511591072110707719926280552254509872709041188194060/3604066745848164262757536868514479596772048544243503687513609307806717131934850963128948778081457, 38481265220415782764079155052393154437941947966043194894649091865098985108475060488636683554582157483132777633578/84746817087866323464846097239774566101906722487808563359479378953117525326770859934644193514178458731458356503235, 57299629889625677686354274718560483216501316807607925724769225288494209343625933998121783984853343948874591445420668501581721497/235331335530200969294744820429521355787380711343075178433187442481472728701314903147200074939136820216339745016038071425074185004, -914834710334956722977285206246543318327127224234786089541981792985208815623266268200934264670449209433462873409887007135356156814816570353197484/1832377810567175577424894698868958403435154420925453010781661645380328568642971398252384593024622840923688031882404629882405995397674601417381073, -23618538112385/1446480586868389, 6528605196016463632158928122045/26549697473235931171944890999509, 265533027017027830011896322974153736659131538024/618507851231609595862570330507559317429742744159, -17208731104874897511661668675919613262401217090871090055765096605/43878798400457905623089769603094852342082921998734142500278303272, -102063641062973577392109570673447619600226375289112532119734929196266923142495211/573091222207700984875277677958282786279044011774537725823559603487958976419822837, -30029600995955089894991841898422302375013099257579188697763191785652292836597236681817727420541/63788791961914411730221891478132382243753071579531038717055031996579064282032760409361925275778, 23414784664192873547455692153322645667169112647714812594146651633519890259209588830043843531794993910232712017843/84746817087866323464846097239774566101906722487808563359479378953117525326770859934644193514178458731458356503235, 380444455359484574508501350252061384744447310291456947627664259395544593220762419774007765154496001479698888366098620808635677383/941325342120803877178979281718085423149522845372300713732749769925890914805259612588800299756547280865358980064152285700296740016, 3310411765168756338628242979929881805672025888558731525577000153957366131073738969825886437082360689242237939417602954592138907130500358736708899/9161889052835877887124473494344792017175772104627265053908308226901642843214856991261922965123114204618440159412023149412029976988373007086905365, 3996416648598410970164020533869470280122419608419091699328687996115277550144768539856827620554506292580106234608299222421485072305356363753857778841868522783859/15817973206996015561834590285054552100274332295150669463049600607212781224564753000842570770915176225110122486534126875664165096935298261445452000233001713001360, -455382823449611/4339441760605167, 37510692263738478911299616015169/212397579785887449375559127996072, 1189496787347037929605356807905849801533680704899/3092539256158047979312851652537796587148713720795, 3515853938738785537981752782493514282573265094978725549464873821/21939399200228952811544884801547426171041460999367071250139151636, -32976668695558286218055343170525468291039549440267834006783897649788735733468834/573091222207700984875277677958282786279044011774537725823559603487958976419822837, -60630974840214076638134931097344125118008754223460890245471998929226045596738334708920511499584/3604066745848164262757536868514479596772048544243503687513609307806717131934850963128948778081457, 34119939578075019317102298191222075507900990202080389983159328105696875584282938227873643467076605277599108624694/84746817087866323464846097239774566101906722487808563359479378953117525326770859934644193514178458731458356503235, 378393899705895675794215125168834247300371660175539227509030164893308919310997589262963725098167657870717332494565646063275404929/941325342120803877178979281718085423149522845372300713732749769925890914805259612588800299756547280865358980064152285700296740016, -4468408669903161627430708876611231309214018441414193642884464867156645339381371569294280568058352867241957201738559152532664208225712654984131771/9161889052835877887124473494344792017175772104627265053908308226901642843214856991261922965123114204618440159412023149412029976988373007086905365, -4671817908821470464996214260886212226633454790971327164094722562660338973470360573091265462194344682391736823731957036899985217528608310231709739093813929987209/15817973206996015561834590285054552100274332295150669463049600607212781224564753000842570770915176225110122486534126875664165096935298261445452000233001713001360, 58945024599163986706490782793264805642580204574722652008021638747233231836740309375963012274062784677768297533585663772043962158872549419661294986308141102526859398604782555563/130278393161285107112279312768229508280983029068188663281484228664307931755690110125181683208756565029998332517690424058753594667882276174568994803146109060559150866855453376759, -3976746295940699/13018325281815501, -27154954684444551172237031598101/212397579785887449375559127996072, -1026974491787051343490609284462574940425790876887/3092539256158047979312851652537796587148713720795, 4153886138162220788324453890725150308064535567286848122203326099/43878798400457905623089769603094852342082921998734142500278303272, -63349693779974324043076589253116781065695104990191362257589410837980125293124169/191030407402566994958425892652760928759681337258179241941186534495986325473274279, -1184266020909683002137248423290475972076548603741457601179048289035042618029896277844205766337624/3604066745848164262757536868514479596772048544243503687513609307806717131934850963128948778081457, -17098992628769546416577890504927839452017269411437257160215482878745770962334146847397803246040141688995611115576/84746817087866323464846097239774566101906722487808563359479378953117525326770859934644193514178458731458356503235, 97543264018833478549620810991257888500564351694667700051928998992510768581319786589031784696567872894761799577522112064356354201/235331335530200969294744820429521355787380711343075178433187442481472728701314903147200074939136820216339745016038071425074185004, 1630664060868491724789093863010808230339400161375285095078993593751952277579093274054790849502724438348382055664585536130264202141065826183692948/9161889052835877887124473494344792017175772104627265053908308226901642843214856991261922965123114204618440159412023149412029976988373007086905365, -44964883278424717839286004080092987334167010999487413683339331852466360147838271992303878956091637190730952023342328416238379610132761558332258330541963100201/988623325437250972614661892815909506267145768446916841440600037950798826535297062552660673182198514069382655408382929729010318558456141340340750014562607062585, -46338984038817904559516211520882068760748627489502278417580775999057887773170982021223589071206199257493526930002678652957712126260645884430942779230333867754380826172937934320/130278393161285107112279312768229508280983029068188663281484228664307931755690110125181683208756565029998332517690424058753594667882276174568994803146109060559150866855453376759, 370295939992624565633622015116511322952204019207182395102622336567512331598882602467801444890073219289077725465561632127962809839908318931658727062798108668874187442409819223273901600625019173/5095044288389415211806969521039689462456240008614437373401001531937752418298088216378830989122137790172174219165388901340416472000092024456270874099382610492282521052094808049501394530249384981, -6236816075450252/13018325281815501, 40972787764101079797948665385827/106198789892943724687779563998036, 1227466611243834251959083784751728077605991863434/3092539256158047979312851652537796587148713720795, -1074314706539013990346542893913481581754639973617276563697183633/43878798400457905623089769603094852342082921998734142500278303272, -283295331511322215044304924093117776575752605531510386218510645789098212983350647/573091222207700984875277677958282786279044011774537725823559603487958976419822837, -854077621721158765888247026285441885118139070089962669029340975940968488615775358372083423771213/3604066745848164262757536868514479596772048544243503687513609307806717131934850963128948778081457, -2494155687043371514040500691352944390007457180601168221232192570887574692821654236385432170000341713898631701178/84746817087866323464846097239774566101906722487808563359479378953117525326770859934644193514178458731458356503235, 11902180171276004122466234481122025987813530172440109233781765419272272412322250474842532198938393186931734828077161463206085717/58832833882550242323686205107380338946845177835768794608296860620368182175328725786800018734784205054084936254009517856268546251, 864225490369969139997173425986886614192724167202149441514841748341455427315491283156016450903571262450362455854478616169825407446654288237527536/9161889052835877887124473494344792017175772104627265053908308226901642843214856991261922965123114204618440159412023149412029976988373007086905365, -7086263558448591737667838751601417989667477731684958678670149221256397751988807615126139658397434303495792495561033532437032963615598185762390912670730542406011/15817973206996015561834590285054552100274332295150669463049600607212781224564753000842570770915176225110122486534126875664165096935298261445452000233001713001360, 28408531070117225780147115640025049120857037401337919552381402879863224846147552972645567823377275152703499422635170445336953940650657540043936122038461617050583245351039163377/130278393161285107112279312768229508280983029068188663281484228664307931755690110125181683208756565029998332517690424058753594667882276174568994803146109060559150866855453376759, -1594557320357743966500712611325065796869414782943902591490274367592377084437212155239734802652971031298708573116854541426852806613336141506946164203525401254788502372971000826303001031709153766/5095044288389415211806969521039689462456240008614437373401001531937752418298088216378830989122137790172174219165388901340416472000092024456270874099382610492282521052094808049501394530249384981, 16444750828009227993930229119207008393327818962088866043435696216011302401153251582712193583982383269107129200938302932845040884229064229559284325962470659320045845807466975535291282969258232920661237989065467/46980987703558859267964414853213409772730557359113645847595726937116860298296848287369111609744951874812608589562134783997743518999871283849142514911057255158640718417574473039104334070267659715472656926226319, 1846139442582566/13018325281815501, 99770430692701340636466030765929/212397579785887449375559127996072, 202282035216354704795363326018247377493576055727/618507851231609595862570330507559317429742744159, 1246220042100176698549066238298687344339088698038188274052215370/5484849800057238202886221200386856542760365249841767812534787909, 48820113328365302158436417131759167043147384524856925082086991775219423910424296/191030407402566994958425892652760928759681337258179241941186534495986325473274279, -1344171049563136072953035128160287864090710372114649542320227370989446307901913044938018147336743/3604066745848164262757536868514479596772048544243503687513609307806717131934850963128948778081457, -42255676641691516436796852973320890915462196574473237891371484082000512526830275399046701964204814755375122755348/84746817087866323464846097239774566101906722487808563359479378953117525326770859934644193514178458731458356503235, 294931248856145711823970568370482711628856096507689039471092844250954163185664324379684161937116845579262478697832313313891658327/941325342120803877178979281718085423149522845372300713732749769925890914805259612588800299756547280865358980064152285700296740016, -3325940448391944723650998116334563440901953170066915876157703370949004872584731649009700931515468981649861611080086929967347185716839009803005213/9161889052835877887124473494344792017175772104627265053908308226901642843214856991261922965123114204618440159412023149412029976988373007086905365, -2003199417215481519082928207181853098388115686157543163117924614088860686417316863974106643884134738546560943440991301109479446484653411592504066159647115976563/15817973206996015561834590285054552100274332295150669463049600607212781224564753000842570770915176225110122486534126875664165096935298261445452000233001713001360, 44643099791478753076070709246287013126523399752165945360920246791618703086033517868924193959759957810656936733919967260049405357553010287914588320898114762623586284020538938377/130278393161285107112279312768229508280983029068188663281484228664307931755690110125181683208756565029998332517690424058753594667882276174568994803146109060559150866855453376759, 865602245101971999656163320356441234133189519451991277268248440300224433080354479741628518742681302137312235637123234988037759280686135475307824318572379901980535446200003914866896324310490340/5095044288389415211806969521039689462456240008614437373401001531937752418298088216378830989122137790172174219165388901340416472000092024456270874099382610492282521052094808049501394530249384981, -11833548405904222532993834670501803569946069691262340914630212661494975629178873221888219214548234783403848981543112287352056580279804784742687225155271578068406385114491103839725356839967111590157193606313708/46980987703558859267964414853213409772730557359113645847595726937116860298296848287369111609744951874812608589562134783997743518999871283849142514911057255158640718417574473039104334070267659715472656926226319, -148503741927376843482464822976913797842164251084729006071980097938516468146375880389000259722166315126207982021293829328242992988707563775934178041450631009413965150707485457803673790513528716337266036366789142422977207158663/397497532417661697813835061484459527486199638283374455600240375847876169718244450426941676981472006794004653162174271752497741152637656350832365190019055186893238693056686658501107008778315562546058533542700576684261713223260] }
(hist.len, cnt): (1888, 34040)
[(0, 1), (0, 1), (0, 1), (0, 1), (0, 1), (0, 1), (0, 1), (0, 1), (0, 1), (0, 1), (0, 1), (0, 1), (0, 1), (0, 1), (0, 1), (0, 1), (0, 1), (0, 1), (0, 1), (0, 1), (0, 1), (0, 1), (0, 1), (0, 1), (0, 1), (0, 1), (0, 1), (0, 1), (0, 1), (0, 1), (0, 1), (0, 1), (0, 1), (0, 1), (0, 1), (0, 1), (0, 1), (0, 1), (0, 1), (0, 1), (0, 1), (0, 1), (0, 1), (0, 1), (0, 1), (0, 1), (0, 1), (0, 1), (0, 1), (0, 1), (0, 1), (0, 1), (0, 1), (0, 1), (0, 1), (0, 1), (0, 1), (0, 1), (0, 1), (0, 1), (0, 1), (0, 1), (0, 1), (0, 1), (0, 1), (0, 1), (0, 1), (0, 1), (0, 1), (0, 1), (0, 1), (0, 1), (0, 1), (0, 1), (0, 1), (0, 1), (0, 1), (0, 2), (0, 2), (0, 1), (0, 2), (0, 2), (0, 1), (1, 2), (0, 2), (0, 2), (0, 2), (0, 2), (0, 1), (0, 2), (1, 2), (0, 2), (0, 2), (0, 2), (0, 2), (0, 2), (1, 2), (0, 2), (0, 1), (0, 2), (0, 2), (0, 2), (0, 2), (0, 2), (0, 2), (0, 2), (0, 2), (0, 2), (0, 2), (0, 2), (0, 2), (1, 2), (0, 2), (0, 2), (0, 2), (0, 2), (0, 2), (0, 2), (0, 2), (0, 2), (0, 2), (0, 2), (0, 1), (0, 1), (0, 2), (0, 2), (0, 2), (0, 2), (0, 2), (0, 2), (0, 2), (0, 2), (1, 2), (0, 2), (0, 2), (0, 2), (2, 3), (0, 3), (0, 3), (1, 2), (0, 3), (0, 2), (0, 3), (0, 3), (0, 3), (1, 2), (0, 3), (0, 3), (0, 3), (0, 3), (0, 3), (1, 2), (1, 3), (0, 2), (0, 3), (0, 3), (0, 3), (0, 2), (1, 3), (0, 3), (0, 3), (0, 3), (0, 3), (0, 3), (0, 2), (0, 2), (1, 2), (0, 3), (1, 3), (0, 3), (0, 3), (0, 3), (0, 3), (0, 3), (1, 3), (0, 3), (0, 3), (1, 3), (0, 3), (0, 3), (0, 2), (0, 2), (1, 2), (0, 3), (1, 2), (0, 3), (0, 2), (0, 3), (0, 3), (1, 2), (0, 3), (0, 2), (0, 3), (0, 3), (1, 2), (0, 3), (0, 3), (1, 3), (1, 3), (0, 3), (1, 3), (0, 3), (0, 4), (0, 4), (2, 3), (0, 4), (0, 3), (2, 3), (1, 4), (1, 4), (2, 3), (0, 4), (1, 4), (0, 4), (0, 4), (0, 2), (0, 3), (0, 3), (0, 4), (1, 2), (2, 3), (0, 4), (2, 3), (0, 4), (2, 3), (0, 4), (2, 3), (1, 3), (2, 3), (0, 4), (2, 3), (1, 4), (0, 4), (1, 2), (1, 3), (0, 4), (1, 2), (0, 4), (1, 2), (0, 4), (1, 2), (0, 4), (2, 3), (0, 4), (0, 4), (0, 4), (0, 4), (1, 2), (0, 4), (1, 2), (1, 3), (2, 3), (0, 4), (0, 2), (0, 4), (0, 4), (1, 2), (0, 4), (1, 3), (0, 4), (1, 3), (0, 4), (2, 3), (0, 4), (2, 3), (1, 4), (0, 3), (0, 4), (2, 3), (0, 4), (1, 5), (0, 5), (2, 3), (0, 5), (1, 2), (1, 3), (2, 5), (1, 5), (2, 4), (3, 4), (1, 5), (1, 3), (3, 4), (0, 5), (0, 4), (1, 2), (1, 3), (0, 5), (0, 5), (2, 3), (0, 4), (3, 4), (0, 5), (1, 3), (0, 5), (0, 2), (1, 3), (0, 5), (2, 3), (1, 5), (3, 4), (0, 5), (1, 2), (0, 5), (0, 5), (0, 5), (3, 4), (0, 5), (2, 4), (2, 4), (0, 5), (0, 4), (1, 2), (2, 3), (0, 5), (1, 4), (0, 5), (1, 2), (1, 4), (3, 4), (0, 5), (1, 2), (0, 4), (2, 3), (0, 5), (0, 5), (0, 5), (2, 3), (0, 4), (1, 2), (0, 5), (0, 5), (3, 4), (2, 5), (0, 5), (1, 2), (1, 3), (2, 3), (1, 4), (0, 4), (0, 5), (1, 5), (3, 4), (0, 6), (0, 3), (0, 4), (0, 6), (3, 4), (0, 6), (2, 3), (2, 4), (2, 5), (0, 6), (2, 4), (3, 4), (0, 6), (1, 6), (2, 3), (2, 6), (4, 5), (1, 6), (3, 4), (0, 6), (1, 5), (1, 6), (3, 4), (2, 6), (3, 4), (1, 6), (1, 4), (3, 5), (2, 4), (3, 4), (1, 6), (1, 4), (0, 5), (0, 6), (2, 3), (3, 4), (0, 5), (0, 2), (1, 2), (0, 3), (1, 2), (2, 3), (4, 5), (0, 6), (3, 4), (0, 5), (0, 6), (2, 3), (0, 4), (3, 4), (2, 5), (4, 5), (0, 6), (1, 2), (3, 5), (4, 5), (1, 6), (2, 4), (3, 5), (0, 6), (2, 4), (3, 4), (3, 5), (1, 6), (4, 5), (0, 6), (1, 5), (0, 3), (4, 5), (2, 6), (2, 5), (4, 5), (0, 6), (0, 5), (2, 3), (0, 6), (1, 2), (1, 4), (2, 5), (4, 5), (2, 6), (3, 6), (1, 7), (2, 3), (4, 5), (5, 6), (2, 7), (2, 4), (1, 5), (3, 4), (1, 6), (3, 4), (1, 5), (3, 4), (1, 7), (2, 4), (5, 6), (2, 7), (4, 6), (0, 7), (0, 2), (3, 4), (0, 5), (1, 6), (2, 3), (4, 6), (0, 7), (3, 4), (2, 6), (4, 5), (2, 7), (3, 5), (2, 6), (2, 6), (5, 6), (0, 7), (1, 2), (0, 3), (4, 5), (0, 6), (1, 2), (3, 4), (1, 5), (2, 4), (4, 6), (0, 7), (1, 4), (0, 5), (0, 3), (0, 7), (1, 6), (0, 7), (1, 3), (2, 3), (0, 7), (2, 3), (2, 4), (1, 6), (3, 4), (4, 5), (2, 6), (0, 7), (1, 2), (4, 5), (5, 6), (0, 7), (0, 3), (2, 4), (5, 6), (0, 7), (2, 3), (3, 4), (5, 6), (0, 7), (1, 3), (3, 4), (1, 5), (2, 4), (0, 7), (1, 2), (3, 5), (0, 6), (1, 3), (2, 3), (4, 5), (0, 7), (2, 3), (4, 5), (1, 7), (2, 3), (3, 4), (4, 5), (2, 6), (0, 7), (1, 4), (2, 6), (0, 7), (4, 5), (3, 5), (4, 5), (0, 6), (2, 4), (2, 6), (3, 4), (4, 5), (1, 7), (5, 6), (0, 7), (1, 3), (1, 5), (0, 7), (0, 2), (3, 4), (4, 5), (3, 7), (2, 8), (5, 6), (1, 8), (3, 5), (4, 5), (0, 6), (4, 6), (2, 7), (3, 4), (4, 5), (0, 8), (1, 3), (3, 4), (2, 6), (3, 4), (0, 7), (3, 4), (0, 8), (0, 2), (2, 7), (5, 6), (0, 8), (0, 6), (5, 6), (5, 7), (1, 8), (1, 6), (0, 8), (2, 5), (4, 7), (6, 7), (0, 8), (1, 3), (1, 4), (2, 5), (0, 6), (2, 3), (1, 4), (5, 6), (2, 7), (4, 7), (0, 8), (2, 6), (4, 5), (3, 7), (6, 7), (0, 8), (1, 2), (3, 4), (4, 5), (0, 8), (1, 3), (5, 6), (0, 7), (1, 2), (1, 5), (2, 3), (3, 5), (1, 8), (2, 3), (4, 5), (6, 7), (0, 8), (1, 6), (1, 7), (3, 6), (3, 7), (4, 5), (0, 8), (1, 2), (1, 3), (0, 5), (4, 7), (5, 6), (1, 8), (5, 7), (0, 8), (2, 3), (3, 7), (4, 5), (5, 6), (0, 8), (1, 2), (5, 6), (4, 7), (5, 7), (6, 7), (1, 8), (2, 3), (1, 4), (1, 5), (4, 5), (0, 6), (0, 2), (2, 7), (4, 5), (0, 8), (1, 2), (2, 4), (2, 8), (0, 7), (0, 2), (3, 4), (0, 5), (1, 7), (3, 4), (6, 7), (0, 8), (2, 3), (2, 5), (6, 7), (3, 8), (0, 9), (3, 4), (1, 8), (5, 7), (0, 9), (2, 4), (7, 8), (2, 9), (3, 7), (0, 8), (1, 2), (3, 4), (5, 8), (6, 8), (0, 9), (1, 7), (2, 3), (4, 5), (1, 8), (0, 3), (1, 2), (3, 7), (4, 5), (0, 9), (1, 2), (2, 3), (1, 6), (2, 7), (4, 5), (4, 6), (0, 7), (2, 3), (6, 7), (0, 9), (1, 2), (2, 5), (2, 7), (0, 8), (2, 3), (2, 7), (5, 7), (0, 9), (0, 2), (3, 6), (0, 8), (3, 6), (5, 6), (1, 7), (2, 3), (3, 4), (3, 5), (6, 7), (1, 8), (2, 3), (2, 5), (4, 6), (0, 8), (6, 7), (0, 9), (1, 2), (3, 7), (5, 6), (0, 8), (3, 5), (4, 5), (0, 9), (1, 2), (2, 3), (3, 4), (6, 8), (7, 8), (0, 9), (0, 6), (1, 9), (2, 5), (4, 5), (4, 6), (3, 7), (4, 6), (1, 7), (0, 8), (3, 4), (3, 5), (4, 6), (2, 7), (1, 8), (5, 6), (4, 6), (5, 6), (7, 8), (1, 9), (2, 3), (4, 6), (4, 8), (5, 6), (2, 9), (0, 9), (1, 2), (1, 4), (4, 5), (6, 7), (5, 8), (2, 7), (5, 6), (6, 7), (1, 8), (4, 6), (5, 7), (6, 7), (0, 9), (2, 3), (2, 4), (3, 4), (1, 6), (1, 7), (1, 4), (5, 8), (6, 8), (7, 8), (1, 9), (3, 6), (7, 8), (1, 9), (4, 6), (0, 10), (1, 5), (4, 5), (7, 8), (0, 10), (2, 6), (4, 6), (5, 6), (2, 7), (0, 10), (1, 4), (3, 4), (1, 5), (0, 6), (5, 6), (3, 7), (5, 6), (4, 7), (5, 6), (2, 8), (0, 9), (1, 2), (2, 3), (5, 7), (1, 10), (3, 5), (2, 6), (0, 9), (3, 6), (4, 7), (4, 9), (3, 10), (2, 5), (3, 4), (4, 5), (3, 6), (2, 8), (5, 7), (6, 8), (0, 10), (1, 4), (3, 5), (4, 8), (2, 9), (5, 6), (0, 10), (2, 4), (3, 4), (4, 7), (5, 6), (6, 7), (1, 8), (2, 3), (0, 9), (2, 4), (2, 6), (7, 8), (1, 10), (5, 6), (7, 8), (3, 9), (4, 5), (0, 10), (2, 3), (2, 4), (3, 6), (3, 8), (3, 5), (2, 9), (5, 6), (4, 7), (5, 6), (6, 7), (8, 9), (0, 10), (1, 2), (5, 6), (4, 8), (7, 8), (0, 9), (1, 4), (4, 5), (6, 8), (0, 10), (3, 6), (4, 5), (5, 6), (4, 7), (5, 8), (6, 8), (0, 10), (1, 2), (1, 3), (5, 6), (2, 7), (5, 6), (5, 7), (6, 9), (2, 10), (5, 7), (6, 7), (1, 8), (3, 4), (4, 5), (6, 8), (1, 10), (2, 3), (4, 6), (0, 7), (2, 4), (3, 7), (6, 7), (1, 8), (2, 4), (3, 4), (3, 5), (4, 6), (0, 10), (1, 5), (2, 3), (3, 6), (5, 9), (6, 9), (7, 8), (0, 10), (2, 5), (4, 5), (2, 6), (7, 8), (8, 9), (2, 10), (3, 4), (6, 7), (2, 8), (2, 9), (3, 4), (4, 5), (5, 6), (6, 7), (0, 11), (2, 6), (5, 6), (4, 10), (0, 11), (1, 4), (3, 7), (6, 7), (0, 10), (0, 3), (5, 7), (7, 8), (1, 10), (0, 10), (4, 5), (3, 7), (5, 6), (4, 9), (5, 6), (2, 10), (4, 7), (6, 7), (7, 8), (1, 11), (2, 3), (3, 4), (5, 6), (5, 7), (8, 9), (0, 10), (3, 5), (4, 7), (2, 10), (4, 6), (4, 7), (7, 8), (1, 9), (3, 10), (4, 5), (1, 6), (3, 6), (4, 5), (5, 6), (7, 8), (8, 9), (0, 10), (2, 3), (5, 6), (4, 9), (5, 6), (5, 8), (7, 8), (7, 9), (6, 10), (7, 8), (8, 10), (3, 11), (3, 6), (5, 6), (5, 7), (7, 8), (6, 10), (8, 9), (2, 11), (5, 6), (3, 7), (1, 8), (4, 8), (2, 10), (2, 4), (1, 5), (2, 5), (3, 4), (3, 5), (6, 7), (1, 9), (7, 9), (8, 10), (9, 10), (2, 11), (0, 2), (1, 6), (2, 5), (3, 4), (3, 5), (4, 5), (3, 6), (4, 5), (5, 6), (1, 7), (3, 5), (4, 5), (1, 9), (4, 7), (8, 9), (0, 10), (1, 2), (2, 3), (0, 5), (6, 7), (8, 9), (9, 10), (1, 11), (2, 3), (0, 5), (0, 6), (1, 2), (0, 8), (3, 5), (6, 8), (0, 10), (3, 4), (7, 8), (0, 9), (2, 3), (7, 9), (3, 10), (4, 6), (5, 8), (7, 8), (2, 9), (3, 4), (1, 10), (3, 4), (4, 5), (6, 7), (8, 9), (5, 11), (8, 9), (3, 10), (4, 6), (2, 7), (3, 4), (4, 8), (5, 7), (1, 12), (3, 5), (4, 6), (3, 8), (4, 5), (5, 8), (6, 10), (0, 11), (1, 2), (2, 4), (3, 5), (5, 6), (2, 8), (6, 7), (5, 8), (6, 7), (6, 8), (8, 9), (6, 10), (8, 9), (1, 12), (4, 5), (7, 9), (8, 9), (7, 10), (0, 11), (1, 2), (8, 10), (1, 12), (5, 7), (7, 9), (6, 10), (8, 9), (8, 10), (8, 11), (9, 10), (10, 11), (1, 12), (2, 3), (4, 5), (2, 6), (0, 4), (2, 3), (1, 8), (6, 12), (1, 7), (4, 7), (5, 6), (2, 7), (3, 5), (4, 6), (1, 8), (7, 8), (2, 9), (3, 4), (4, 10), (6, 7), (2, 10), (4, 5), (5, 7), (6, 8), (7, 8), (4, 9), (5, 6), (6, 7), (8, 9), (6, 9), (3, 6), (4, 5), (4, 6), (5, 7), (7, 9), (8, 9), (3, 10), (4, 5), (6, 7), (7, 8), (8, 9), (0, 11), (1, 5), (5, 6), (3, 8), (4, 6), (5, 6), (6, 9), (7, 9), (9, 10), (1, 12), (2, 3), (1, 6), (2, 4), (5, 6), (5, 7), (4, 9), (1, 6), (3, 6), (5, 6), (4, 7), (3, 6), (4, 8), (5, 6), (5, 8), (3, 10), (4, 9), (5, 8), (6, 9), (4, 11), (0, 12), (1, 2), (5, 8), (8, 9), (3, 10), (4, 6), (8, 9), (9, 10), (1, 11), (2, 3), (5, 6), (6, 7), (8, 10), (8, 10), (9, 11), (0, 12), (3, 4), (2, 4), (3, 4), (5, 6), (5, 7), (1, 10), (4, 6), (3, 7), (5, 6), (0, 12), (2, 3), (3, 6), (4, 6), (4, 6), (6, 7), (9, 10), (10, 11), (0, 12), (2, 3), (5, 6), (9, 10), (0, 12), (2, 3), (5, 6), (4, 7), (5, 7), (6, 7), (3, 10), (5, 7), (6, 7), (8, 9), (9, 10), (1, 12), (6, 10), (7, 8), (5, 11), (7, 8), (8, 9), (9, 10), (9, 11), (10, 11), (0, 12), (3, 4), (3, 5), (4, 5), (4, 6), (4, 8), (5, 6), (6, 7), (4, 11), (5, 7), (0, 12), (2, 3), (2, 4), (3, 4), (5, 8), (6, 11), (1, 9), (3, 6), (4, 5), (1, 6), (2, 4), (3, 4), (3, 5), (5, 6), (7, 9), (8, 9), (0, 12), (2, 4), (3, 4), (5, 6), (2, 7), (4, 6), (1, 8), (2, 4), (3, 4), (5, 7), (5, 7), (7, 8), (5, 10), (4, 7), (5, 6), (9, 10), (4, 11), (5, 6), (5, 9), (6, 9), (7, 8), (8, 9), (3, 11), (6, 9), (7, 11), (8, 10), (9, 11), (10, 11), (0, 12), (2, 4), (1, 6), (2, 4), (4, 5), (5, 6), (9, 10), (8, 11), (9, 10), (8, 11), (4, 13), (6, 7), (8, 9), (6, 10), (8, 11), (1, 10), (4, 5), (3, 6), (4, 5), (2, 8), (3, 6), (4, 6), (3, 7), (6, 10), (9, 10), (11, 12), (0, 13), (3, 4), (3, 6), (4, 5), (5, 8), (8, 9), (0, 11), (3, 4), (2, 5), (4, 5), (7, 8), (2, 11), (3, 6), (4, 5), (6, 8), (8, 9), (3, 10), (4, 5), (6, 7), (8, 12), (6, 13), (8, 9), (8, 10), (3, 11), (4, 5), (8, 9), (5, 10), (6, 8), (7, 8), (7, 10), (9, 10), (1, 11), (2, 3), (3, 4), (4, 5), (3, 11), (9, 10), (10, 11), (3, 12), (4, 6), (5, 6), (5, 7), (6, 7), (3, 12), (6, 9), (0, 13), (1, 2), (1, 3), (1, 4), (2, 3), (1, 6), (2, 3), (3, 4), (4, 6), (6, 7), (8, 9), (7, 10), (8, 9), (8, 11), (11, 12), (0, 13), (1, 3), (3, 4), (6, 7), (5, 10), (8, 9), (4, 10), (6, 11), (8, 9), (6, 10), (1, 12), (2, 3), (5, 6), (0, 13), (2, 3), (1, 4), (5, 6), (2, 9), (6, 7), (8, 9), (3, 10), (4, 6), (5, 6), (5, 7), (2, 8), (3, 4), (3, 5), (5, 7), (6, 7), (6, 8), (10, 11), (2, 12), (3, 5), (4, 6), (6, 7), (1, 8), (2, 4), (3, 4), (4, 5), (5, 8), (6, 7), (7, 8), (1, 9), (2, 4), (2, 5), (4, 5), (4, 6), (5, 6), (3, 8), (6, 7), (6, 8), (0, 13), (2, 6), (3, 5), (4, 5), (4, 8), (5, 8), (8, 10), (0, 13), (6, 7), (5, 8), (6, 7), (5, 8), (6, 7), (7, 8), (3, 9), (5, 11), (8, 10), (4, 11), (8, 11), (9, 11), (0, 12), (1, 4), (6, 7), (0, 8), (3, 6), (4, 5), (8, 9), (9, 11), (5, 11), (3, 5), (2, 3), (0, 12), (1, 2), (4, 7), (6, 7), (7, 11), (4, 9), (6, 7), (7, 9), (8, 9), (6, 10), (5, 11), (6, 7), (1, 12), (2, 3), (0, 5), (1, 2), (2, 5), (6, 7), (0, 8), (3, 5), (4, 5), (5, 6), (6, 8), (7, 8), (11, 12), (3, 13), (6, 7), (3, 8), (1, 10), (2, 6), (5, 6), (8, 9), (3, 11), (2, 3), (1, 2), (2, 4), (3, 4), (0, 5), (2, 4), (6, 9), (7, 8), (3, 9), (4, 6), (4, 9), (9, 11), (0, 13), (7, 8), (5, 9), (3, 7), (4, 5), (4, 6), (5, 8), (6, 9), (2, 10), (3, 4), (5, 6), (5, 8), (3, 11), (8, 9), (7, 10), (8, 10), (9, 10), (1, 12), (4, 5), (1, 6), (2, 4), (3, 4), (6, 7), (6, 8), (1, 9), (10, 12), (3, 13), (7, 10), (9, 11), (10, 11), (9, 12), (10, 12), (2, 11), (4, 5), (3, 5), (4, 5), (9, 11), (1, 13), (1, 3), (4, 6), (5, 7), (6, 7), (7, 8), (2, 9), (5, 6), (6, 7), (6, 8), (4, 9), (5, 7), (6, 7), (7, 8), (9, 10), (8, 11), (10, 11), (12, 13), (4, 14), (1, 7), (2, 4), (3, 5), (5, 8), (6, 7), (7, 8), (9, 11), (10, 11), (0, 12), (3, 5), (2, 5), (3, 4), (6, 7), (0, 8), (2, 3), (1, 6), (2, 4), (3, 4), (7, 8), (1, 9), (6, 9), (8, 9), (0, 13), (3, 4), (5, 7), (8, 12), (7, 11), (8, 9), (3, 13), (5, 7), (6, 7), (4, 11), (5, 7), (6, 8), (9, 10), (9, 11), (10, 11), (10, 12), (11, 12), (11, 13), (0, 14), (1, 2), (2, 3), (1, 6), (3, 4), (3, 5), (2, 6), (3, 4), (4, 5), (3, 6), (4, 5), (5, 8), (2, 7), (4, 6), (5, 6), (3, 7), (6, 7), (10, 12), (11, 12), (2, 13), (1, 4), (2, 8), (2, 5), (4, 5), (4, 6), (7, 9), (8, 9), (1, 14), (2, 4), (3, 4), (6, 7), (4, 9), (6, 7), (7, 8), (8, 9), (8, 10), (2, 12), (2, 6), (5, 7), (8, 9), (6, 11), (8, 9), (8, 10), (2, 14), (5, 6), (5, 7), (6, 7), (0, 9), (1, 4), (1, 7), (2, 3), (3, 4), (5, 6), (6, 7), (0, 10), (1, 4), (2, 4), (2, 6), (4, 6), (3, 7), (4, 8), (8, 9), (9, 10), (7, 11), (8, 9), (8, 10), (0, 13), (3, 4), (2, 5), (4, 6), (5, 6), (5, 8), (2, 9), (1, 4), (4, 5), (2, 6), (6, 7), (7, 8), (3, 9), (4, 5), (6, 7), (3, 13), (11, 12), (1, 14), (4, 5), (5, 6), (6, 7), (2, 8), (7, 9), (9, 10), (9, 11), (5, 10), (4, 5), (7, 8), (5, 9), (6, 7), (6, 8), (4, 9), (6, 7), (5, 10), (6, 7), (7, 8), (7, 9), (10, 12), (1, 14), (2, 3), (3, 4), (4, 5), (4, 6), (4, 7), (5, 6), (5, 9), (9, 10), (6, 12), (7, 8), (9, 10), (0, 11), (2, 4), (3, 4), (3, 6), (4, 6), (5, 6), (8, 9), (4, 12), (3, 10), (9, 10), (2, 13), (4, 5), (7, 8), (6, 9), (7, 9), (8, 9), (3, 11), (5, 6), (6, 12), (5, 10), (5, 8), (6, 8), (7, 8), (8, 9), (9, 10), (9, 11), (2, 14), (1, 3), (2, 3), (1, 5), (2, 4), (3, 4), (6, 8), (7, 8), (6, 10), (0, 12), (6, 7), (6, 10), (7, 10), (8, 10), (9, 11), (1, 12), (3, 4), (6, 7), (7, 8), (2, 9), (4, 7), (5, 6), (3, 8), (4, 6), (5, 7), (7, 8), (3, 9), (7, 8), (7, 10), (5, 11), (6, 8), (8, 10), (9, 10), (10, 11), (1, 13), (2, 3), (2, 5), (0, 6), (2, 3), (4, 5), (7, 8), (7, 9), (6, 9), (7, 9), (8, 9), (8, 11), (9, 10), (7, 12), (1, 13), (1, 5), (3, 5), (4, 6), (6, 7), (3, 8), (4, 5), (8, 9), (9, 10), (10, 11), (4, 12), (5, 6), (11, 12), (4, 13), (5, 7), (6, 7), (7, 9), (8, 9), (12, 13), (1, 14), (2, 3), (4, 5), (2, 7), (5, 7), (3, 9), (6, 9), (7, 9), (10, 11), (4, 12), (7, 8), (7, 9), (10, 11), (9, 12), (10, 13), (12, 13), (2, 14), (4, 5), (4, 6), (6, 7), (7, 8), (8, 9), (7, 10), (6, 11), (2, 12), (3, 4), (3, 5), (6, 9), (7, 9), (0, 10), (1, 4), (2, 4), (3, 7), (4, 8), (5, 7), (6, 7), (1, 9), (9, 10), (10, 12), (0, 13), (3, 7), (4, 6), (5, 6), (5, 7), (6, 7), (6, 8), (7, 8), (9, 11), (3, 13), (4, 6), (5, 6), (8, 9), (8, 10), (9, 10), (5, 13), (6, 8), (6, 9), (7, 8), (9, 10), (10, 11), (11, 12), (12, 13), (0, 14), (1, 2), (1, 3), (4, 6), (0, 7), (2, 6), (3, 4), (4, 6), (0, 9), (3, 4), (4, 5), (4, 6), (8, 10), (9, 10), (6, 11), (4, 6), (0, 4), (3, 4), (3, 5), (3, 6), (5, 8), (9, 10), (5, 11), (7, 9), (7, 11), (8, 10), (8, 10), (6, 12), (3, 9), (4, 5), (4, 7), (8, 10), (3, 11), (4, 8), (5, 8), (6, 8), (3, 13), (1, 9), (2, 4), (3, 4), (9, 10), (9, 12)]
