results/svp/svpchallengedim40seed0dim15delta1.txt: 144.000 sec
b: [[10487525, -55966197, -3659784, -54035535, 23290482, -44164635, 36885786, 27233921, 18465572, 24877146, -14166440, -43119232, 4887683, 9125371, 11905183],
 [-1740650, 62483264, -27899134, -15981560, 25733963, 58091229, 43362226, 14534191, -10320901, -13737560, -1552187, 65571075, -13987145, -15601289, -2917621],
 [19024994, 65511804, 5930240, -8822073, -26554781, 30969428, 13880595, -10514250, 20104340, 24762000, 52537056, -12616622, -16457332, 45961838, -41504786],
 [59645282, 39940759, -22373563, 22367635, 35252943, 3245999, 20745750, -58776845, -12174756, -7918063, -41855463, 23620293, -4064375, -32183417, 53407943],
 [25426736, 30837000, 64057518, 45910516, 31435232, -7541750, -28556884, -27811929, 17593547, 46415124, 47116398, -6701189, -31834021, -7955015, 38532054],
 [4265562, -12664160, 10997567, 42961894, -38426890, -9088393, 85689224, -8673488, -22597234, -33567795, -64450557, -1352118, 2585112, -36889195, 10332964],
 [3734429, -50325225, 69290533, 16211096, 19010991, 42470366, 46749816, 43783656, -13089964, -21812894, 36669414, -7017593, -45755750, 56377573, -25711607],
 [13729831, 6447560, -18759390, 349459, -55760611, -95729464, 15778419, 265205, -44081074, -5597019, 10027666, -4666491, -13202594, -29179688, -18147915],
 [-51790451, 77979674, -14739476, -17089041, -5790206, 23840314, -8739759, -38102341, 6835356, 28572285, -41127831, 863979, 2015025, 69274066, -22655442],
 [-15795431, -6387411, -5047163, 34571544, 53703878, 74873597, 18808781, 27992149, -38120201, -27136616, 27415978, 795787, 60897714, -28809954, -8619891],
 [-104992184, 26011848, -11508508, 51591537, -10767310, 20288709, 2711433, 21468676, 31757973, 19035229, 33970230, -45735112, -6742379, 12959348, 14814148],
 [27567487, 38533686, 21527979, 77870782, 42445853, -17107054, -50686424, -49771752, 25337174, -1063000, -44298362, 3047783, 41710728, 2480486, -45575140],
 [-9055343, 2576681, -30918374, -46994095, 22060583, 55150820, 14562060, -64460778, 3493344, 12742838, 22422271, -36290450, -29298096, -38387500, -8639989],
 [36989750, -46979758, -42468832, 20578479, -74951324, -9644011, 38858807, 50679040, -46791784, 52830675, -33308064, -18839012, 17955638, -24467136, 22163624],
 [9698638, 9891841, -35186613, -23941579, -33589063, -15859997, 23255403, -95802016, -18359019, 74485706, 24108844, 92486351, 9504817, -5953307, -11392833]], shape=[15, 15], strides=[15, 1], layout=Cc (0x5), const ndim=2
v_norms: [14039346803474444, 188976499059877244069655752374435/14039346803474444, 2506765757835135912434338990793703935037188036834/188976499059877244069655752374435, 17087268713473785033728707175008732424275445401434674448496819687/1253382878917567956217169495396851967518594018417, 403084548485143365488069663708934067555001387027227161950939811518281051152691945/34174537426947570067457414350017464848550890802869348896993639374, 1012365443116134391101654626114821657940783084155918153182624322353522119448233261811598379584989/80616909697028673097613932741786813511000277405445432390187962303656210230538389, 61969011753557488189847767181485192418295556561690584755598776349355162659167998032179588567175807858101829286499/5061827215580671955508273130574108289703915420779590765913121611767610597241166309057991897924945, 652855485429956155305447541083627186064386445491182347777018169387118200435689106542528878959422948478216079674885163452505839405/61969011753557488189847767181485192418295556561690584755598776349355162659167998032179588567175807858101829286499, 1242764020238013874973944048811186888829778841556225647272104988389799004211332911388674958162676974008783107683488381526160776089132151608090474/130571097085991231061089508216725437212877289098236469555403633877423640087137821308505775791884589695643215934977032690501167881, 27265492893192953960029377709012206464954114698634473341601678175460034257917354593404179609686010105764512394251817530689113099376080271274888288536771720129028/3106910050595034687434860122027967222074447103890564118180262470974497510528332278471687395406692435021957769208720953815401940222830379020226185, 218866080522962411120649516384247630834059355910835453149801563449203632237076836532521730925048721110972316426065876614034899684428233960832993585856537841256920534149997479855/27265492893192953960029377709012206464954114698634473341601678175460034257917354593404179609686010105764512394251817530689113099376080271274888288536771720129028, 3800820814404597900711763182479565133092737733339961299765250868740999084663001078575120955165637235013166267034569303228911861614197047725489217291490668621916218779410477230031173028404176769/437732161045924822241299032768495261668118711821670906299603126898407264474153673065043461850097442221944632852131753228069799368856467921665987171713075682513841068299994959710, 35756865981121442824515724602507823734227803588648793860860979928490347134932731573740357537607250018680132528580756556541785053444292780871100111783249541859611284349167836061018664671751642626767142775206026/3800820814404597900711763182479565133092737733339961299765250868740999084663001078575120955165637235013166267034569303228911861614197047725489217291490668621916218779410477230031173028404176769, 316870382010027839406817336306033461573367064220952562021011291415633715392928644160258983330527839985928332864094750821673550459949843068174429934855210438873786948078844830724434272355050390048009727356066041338460713827009/35756865981121442824515724602507823734227803588648793860860979928490347134932731573740357537607250018680132528580756556541785053444292780871100111783249541859611284349167836061018664671751642626767142775206026, 4479162007073151170053182782743010606980316030715060474323054884337061641018044345714802639116581702744224211114079778384050910591371708226269714637437377066499267496599054455079188695195638785002287791358960525877967803096509204846118949649/316870382010027839406817336306033461573367064220952562021011291415633715392928644160258983330527839985928332864094750821673550459949843068174429934855210438873786948078844830724434272355050390048009727356066041338460713827009], shape=[15], strides=[1], layout=CFcf (0xf), const ndim=1
Mu { arr: [-6103662699592453/14039346803474444, -4140633565665997/14039346803474444, 27772007741070529932959138756867/188976499059877244069655752374435, -3419424994541539/14039346803474444, 64080274024056799101575566874753/188976499059877244069655752374435, -449234391522468346295955229707723078765536539487/1253382878917567956217169495396851967518594018417, -3588379398393441/14039346803474444, -60999027159165946966191079727497/188976499059877244069655752374435, 663052020689458250501100885938988678176760852221/2506765757835135912434338990793703935037188036834, 7590542696282845035088217695559954412633409777377810869762774799/17087268713473785033728707175008732424275445401434674448496819687, 85176842882511/3509836700868611, 23076719790685013086128437958152/188976499059877244069655752374435, -1134841790975186260703053317875107264561351295461/2506765757835135912434338990793703935037188036834, 4606468748977941270142604333857081473993371234018938684594854977/17087268713473785033728707175008732424275445401434674448496819687, -32471816214796927749543772270606921028423166186132992919773373458785681911593441/80616909697028673097613932741786813511000277405445432390187962303656210230538389, 1096745620174429/7019673401737222, 13807326025819831401332409840746/188976499059877244069655752374435, 787387482336414316535086213933598895000318034297/2506765757835135912434338990793703935037188036834, -8079960076399050279823903629342193981628908725715909726922868413/17087268713473785033728707175008732424275445401434674448496819687, 158555691399573590857871748502264887884214119945957616229599469079487665912431937/403084548485143365488069663708934067555001387027227161950939811518281051152691945, 495912887571808087493755440135933206918176369325277853615915422705815360360926125596387248825810/1012365443116134391101654626114821657940783084155918153182624322353522119448233261811598379584989, 955192592451901/7019673401737222, -51629589962461488238865505533798/188976499059877244069655752374435, -76415722217677838058526334207676685085817460871/2506765757835135912434338990793703935037188036834, 1480494483143440554423234017987860451947252819843497736697308911/17087268713473785033728707175008732424275445401434674448496819687, -130598492838809310577311759281212196073796859134202236127001013220567125990397711/403084548485143365488069663708934067555001387027227161950939811518281051152691945, 315116240967819628718253292238105068754261565442086476957411383793658765670829988716956536528071/1012365443116134391101654626114821657940783084155918153182624322353522119448233261811598379584989, -26192108442163434410272349431317073137761555634464614831486480760760043019737740139633072318882371860739012216632/61969011753557488189847767181485192418295556561690584755598776349355162659167998032179588567175807858101829286499, -2361572739134161/7019673401737222, 35255912419842333154494040884382/188976499059877244069655752374435, 600979644367695513888026754901329954541946008277/1253382878917567956217169495396851967518594018417, 209343703258917368633101585292890379171261755104688674921632240/17087268713473785033728707175008732424275445401434674448496819687, -130955703311078880619643036757896975024265182404645124768384040296824811633923744/403084548485143365488069663708934067555001387027227161950939811518281051152691945, -214992883517278144133675263165551010279978065652529193699346490553329032593979545332365535918149/1012365443116134391101654626114821657940783084155918153182624322353522119448233261811598379584989, -15045230923641495411349400327771106511186337853812102789601033253645942363319163213290397131773506352409071741373/61969011753557488189847767181485192418295556561690584755598776349355162659167998032179588567175807858101829286499, -58488665203152079224943266663905708224027062992372882592473491339178052283453095678381808273443902994241328323048485246039374010/130571097085991231061089508216725437212877289098236469555403633877423640087137821308505775791884589695643215934977032690501167881, -4127227041088497/14039346803474444, 67037864813809112216685538163647/188976499059877244069655752374435, -386460099927597439508243509297782527788886084988/1253382878917567956217169495396851967518594018417, -4700947670510864122233378551114400840769586283934530012215449442/17087268713473785033728707175008732424275445401434674448496819687, 34930882086999932119083905509383308122530247836300795164054420009140119558116236/403084548485143365488069663708934067555001387027227161950939811518281051152691945, 23517317805455026934724898065308804281200298775111120790798166731061596467931864119314352971019/1012365443116134391101654626114821657940783084155918153182624322353522119448233261811598379584989, 19957593858638922565061874625132100091331773608624190864823081603906017460271306352836156619718570090599551914777/61969011753557488189847767181485192418295556561690584755598776349355162659167998032179588567175807858101829286499, -231728050036717736766045748805344942140401899919684903336605839097819003171506994596579843784078770373283259404127431955146999898/652855485429956155305447541083627186064386445491182347777018169387118200435689106542528878959422948478216079674885163452505839405, -286600409419697687488527247680812303031836295528919742688188520470601961152820760560484819723411267366516922379180669961961814743910961136987160/621382010119006937486972024405593444414889420778112823636052494194899502105666455694337479081338487004391553841744190763080388044566075804045237, -2952213339727271/14039346803474444, -34252407588705677567265328932999/188976499059877244069655752374435, 559465904632053171724186274903560877135825404327/2506765757835135912434338990793703935037188036834, -8522794734653735652257045213822643160336243763198145874472367693/17087268713473785033728707175008732424275445401434674448496819687, 113631900765899224863421317989326554916247430859393621728899247308910125783680897/403084548485143365488069663708934067555001387027227161950939811518281051152691945, 71044999063315095328401169681324487656535591477344743311647128605328287537482433164394109891928/337455147705378130367218208704940552646927694718639384394208107451174039816077753937199459861663, -23554680272765113675335012544381873510003601945828436952393308388425146601580892372065879025428142562493741037571/61969011753557488189847767181485192418295556561690584755598776349355162659167998032179588567175807858101829286499, -28964910376998894538266925003344925128696365949574527302077393856464447251911001041031901190339380118000471222397821489799764454/59350498675450559573222503734875198733126040499198395252456197217010745494153555140229898087220268043474189061353196677500530855, 174034106430783083004886846062081172777562543313684526596377677755313016534495460334731089198754210348136279458726863830670933437623427626264829/621382010119006937486972024405593444414889420778112823636052494194899502105666455694337479081338487004391553841744190763080388044566075804045237, 8625398022920295268657399657483296846717008552070461454215028567156066157165449695157986108108074709549886727360545160671535518779360869410195404022629802404069/27265492893192953960029377709012206464954114698634473341601678175460034257917354593404179609686010105764512394251817530689113099376080271274888288536771720129028, -7013546832802731/14039346803474444, -81775331532834178813253329874759/188976499059877244069655752374435, -212346861512470450102143724120969761864279728543/2506765757835135912434338990793703935037188036834, 8228398018833026798616977523118325399605209144738764794495161951/17087268713473785033728707175008732424275445401434674448496819687, 1082114877784752985321757106982364909814740775379321739366223569333166036762967/403084548485143365488069663708934067555001387027227161950939811518281051152691945, -45686982284309867442678524384639402228609215151389817153440373366688480508022743877876013637819/337455147705378130367218208704940552646927694718639384394208107451174039816077753937199459861663, -1532106475830426455033140442626199547946717452599846215151263725773261002489316854981135145036407168509099043341/61969011753557488189847767181485192418295556561690584755598776349355162659167998032179588567175807858101829286499, -43200782146484262514588791312427795957476016852479944049044701524465768157919167954476761575938949775495826572060602836796586343/130571097085991231061089508216725437212877289098236469555403633877423640087137821308505775791884589695643215934977032690501167881, 270345492660324019147236616862658094962573145800529772423478897635865074525723399529710533905018262011993921658004228687727010178299825801766925/1242764020238013874973944048811186888829778841556225647272104988389799004211332911388674958162676974008783107683488381526160776089132151608090474, 2674481382937301414693435150339584140981413200730139264674411367720654555922884807701110664258927212540557596948389498332508634612260223060715880112052096891595/9088497631064317986676459236337402154984704899544824447200559391820011419305784864468059869895336701921504131417272510229704366458693423758296096178923906709676, -103220231371233083492092255506556098731616685037833216017926476593536108136362574632130311337026237369010393371563144643324202407627618900324947739814191405249223377735929321917/218866080522962411120649516384247630834059355910835453149801563449203632237076836532521730925048721110972316426065876614034899684428233960832993585856537841256920534149997479855, 152676754921479/7019673401737222, 10663095598557408216727701366514/37795299811975448813931150474887, 540440127992271461438694415081883815471075501215/2506765757835135912434338990793703935037188036834, 3781024548761455761568776775653865558337250914796962731198754693/17087268713473785033728707175008732424275445401434674448496819687, -3891407416228780182390313599934405136626565407141215743893037077092359041903555/80616909697028673097613932741786813511000277405445432390187962303656210230538389, -229194080818335399796663395538028437831499428530677014955663861577866818763842228516548264476392/1012365443116134391101654626114821657940783084155918153182624322353522119448233261811598379584989, -2410533761735327713183022701502036530622232635386838697312291527582651805142035554507528993967998574103919734475/61969011753557488189847767181485192418295556561690584755598776349355162659167998032179588567175807858101829286499, -166544105458278373027838736884163984548300363679876062546834849934318008428544856748561582190021382627086644025000071297789623067/652855485429956155305447541083627186064386445491182347777018169387118200435689106542528878959422948478216079674885163452505839405, -230545177867336301792943935602443137048045525480532682182908140229465640174621178822979613775371638977207755654136202963419288668699308288740467/1242764020238013874973944048811186888829778841556225647272104988389799004211332911388674958162676974008783107683488381526160776089132151608090474, 2794400858718450071812154544634886730638474197257437430531025560999982704476230183911522659592479923004215281723653753371536180264611886486469317145383071039887/27265492893192953960029377709012206464954114698634473341601678175460034257917354593404179609686010105764512394251817530689113099376080271274888288536771720129028, 52579809105474581407143988055840100313322167504195693458195526979629597456469788735191091482789569380764459903413288415359891062807792038304996609177461522172730237002479522181/218866080522962411120649516384247630834059355910835453149801563449203632237076836532521730925048721110972316426065876614034899684428233960832993585856537841256920534149997479855, -1591023734235795291918589947986941398974832408182476849346263640380687162733650128363118233233909562582079607528960588851873720353356446233447536037130630579244240077636289424706928202590800577/3800820814404597900711763182479565133092737733339961299765250868740999084663001078575120955165637235013166267034569303228911861614197047725489217291490668621916218779410477230031173028404176769, 2708618436951297/7019673401737222, -17081182626374978082878711829082/188976499059877244069655752374435, -532423634964225664481048146195298045071532108189/2506765757835135912434338990793703935037188036834, 770855110002461986471374045486885478188121535490148198896556263/17087268713473785033728707175008732424275445401434674448496819687, -169494251305724734042329032962430760182338025588889585017491646979845329738260531/403084548485143365488069663708934067555001387027227161950939811518281051152691945, 503055146856187990700168618494071850650747499380214036691074390823170602409397502429122816276119/1012365443116134391101654626114821657940783084155918153182624322353522119448233261811598379584989, -15150269543812534458595177078132885905481487607903385064048907511332927190235679106259978404069970417684737042537/61969011753557488189847767181485192418295556561690584755598776349355162659167998032179588567175807858101829286499, 143175938976010065442368704088907593384389274186762012201737061650781746004301922250082908521353616912153873818489402927077416617/652855485429956155305447541083627186064386445491182347777018169387118200435689106542528878959422948478216079674885163452505839405, -233333962323581547592399087481827451575227368779026152946519597125308979512270299184626210767607352997057461991547626409622057020311948229243128/621382010119006937486972024405593444414889420778112823636052494194899502105666455694337479081338487004391553841744190763080388044566075804045237, 847222673404455473596504419954086952487287922734730705405849013234760412963594051396315504888235664075265290635898765242618647463453980203592335030768326939341/9088497631064317986676459236337402154984704899544824447200559391820011419305784864468059869895336701921504131417272510229704366458693423758296096178923906709676, 1640260290151790400773349726992489404089626497982931767812617112358742644404207449279086356509641344603560961720688825692240211080601787523370147567851900763234211897705566541/218866080522962411120649516384247630834059355910835453149801563449203632237076836532521730925048721110972316426065876614034899684428233960832993585856537841256920534149997479855, -1749903952791560707724368031021963929341754983813351433172214454949106377191778181744793724026292307773499042507695322143843964556649510481029434471188361734279719662751502449398257745696693412/3800820814404597900711763182479565133092737733339961299765250868740999084663001078575120955165637235013166267034569303228911861614197047725489217291490668621916218779410477230031173028404176769, -16798638404953364504420762137232217827883851425728155557396531401004729654331184006382041544484988639441768624963014141896023639421638207509099050680554735768366560018551094064871070556446728252172852946761867/35756865981121442824515724602507823734227803588648793860860979928490347134932731573740357537607250018680132528580756556541785053444292780871100111783249541859611284349167836061018664671751642626767142775206026, -955386517988632/3509836700868611, 46621391035502755306498767970348/188976499059877244069655752374435, 242713570186881400454672031519233453837611160148/1253382878917567956217169495396851967518594018417, 6668811849032291105235133630045243052639262085840613621141480238/17087268713473785033728707175008732424275445401434674448496819687, -59090391515496881430473653312492855966710157935219071554295671718700645439202446/403084548485143365488069663708934067555001387027227161950939811518281051152691945, -174091316021961995330341153240063385745085525135109017127327147192110715099638108957217205481330/1012365443116134391101654626114821657940783084155918153182624322353522119448233261811598379584989, -28006129408817625517104189137307865649268385007321323158617629590991009965375016092434212025347139523383673170267/61969011753557488189847767181485192418295556561690584755598776349355162659167998032179588567175807858101829286499, 239011028493980570550028668020406173710742034936837782569510884117659574331505161928168947348123351670138745237334745022464262176/652855485429956155305447541083627186064386445491182347777018169387118200435689106542528878959422948478216079674885163452505839405, 206070501399022502210214732555102590002997865849350751248021342983237464537896935451958882331670022824694472353293615359652427807031787119790573/1242764020238013874973944048811186888829778841556225647272104988389799004211332911388674958162676974008783107683488381526160776089132151608090474, -1871707361951690895079208768594108312371940233411032210853690801767643007176320045609667633457014293152222694400653955789318110846080463129577967213413122737087/9088497631064317986676459236337402154984704899544824447200559391820011419305784864468059869895336701921504131417272510229704366458693423758296096178923906709676, -100915375923785272777460338936903190388068717242911461523097883800561632458952315465451799973678197646841317761469821309721991738716336341438192083347108005478733767730523077683/218866080522962411120649516384247630834059355910835453149801563449203632237076836532521730925048721110972316426065876614034899684428233960832993585856537841256920534149997479855, -1527625205313256631289842782438904023739303498288361365507255297024027267149186346367661999365312676821282339769094342859842678341703577068242625358411827761934518578764804525371168804235702469/3800820814404597900711763182479565133092737733339961299765250868740999084663001078575120955165637235013166267034569303228911861614197047725489217291490668621916218779410477230031173028404176769, 10203660371039195898783687383563984935484926067343003094154688099883003648777436406429182982408345794022081949098234095830595748529826498342315261660529678383117581826989060357430645006556766765808621924322053/35756865981121442824515724602507823734227803588648793860860979928490347134932731573740357537607250018680132528580756556541785053444292780871100111783249541859611284349167836061018664671751642626767142775206026, 92912600412291118300468047751549763235700230356155895211644371151089801301372706415128011991176939352549239083164812597460224916552044394559597208581720362166023735733370128199722351309068905638299278113844447571951153632879/316870382010027839406817336306033461573367064220952562021011291415633715392928644160258983330527839985928332864094750821673550459949843068174429934855210438873786948078844830724434272355050390048009727356066041338460713827009] }
(hist.len, cnt): (1883, 34512)
[(0, 1), (0, 1), (0, 1), (0, 1), (0, 1), (0, 1), (0, 1), (0, 1), (0, 1), (0, 1), (0, 1), (0, 1), (0, 1), (0, 1), (0, 1), (0, 1), (0, 1), (0, 1), (0, 1), (0, 1), (0, 1), (0, 1), (0, 1), (0, 1), (0, 1), (0, 1), (0, 1), (0, 1), (0, 1), (0, 1), (0, 1), (0, 1), (0, 1), (0, 1), (0, 1), (0, 1), (0, 1), (0, 1), (0, 1), (0, 1), (0, 1), (0, 1), (0, 1), (0, 1), (0, 1), (0, 1), (0, 1), (0, 1), (0, 1), (0, 1), (0, 1), (0, 1), (0, 1), (0, 1), (0, 1), (0, 1), (0, 1), (0, 1), (0, 1), (0, 1), (0, 1), (0, 1), (0, 1), (0, 1), (0, 1), (0, 1), (0, 1), (0, 1), (0, 1), (0, 1), (0, 1), (0, 1), (0, 1), (0, 1), (0, 1), (0, 1), (0, 1), (0, 1), (0, 1), (0, 1), (0, 1), (0, 1), (0, 1), (0, 1), (0, 1), (0, 1), (0, 1), (0, 1), (0, 2), (0, 2), (0, 2), (0, 1), (0, 2), (1, 2), (0, 2), (1, 2), (0, 2), (0, 1), (0, 2), (0, 1), (0, 2), (1, 2), (0, 2), (0, 2), (0, 2), (0, 1), (0, 2), (1, 2), (0, 2), (0, 1), (0, 2), (0, 2), (0, 1), (0, 2), (0, 2), (0, 2), (0, 2), (0, 1), (0, 2), (0, 2), (0, 2), (0, 2), (0, 2), (0, 2), (0, 1), (0, 2), (1, 2), (0, 2), (0, 2), (0, 2), (1, 2), (0, 2), (0, 2), (0, 2), (1, 2), (0, 2), (0, 2), (0, 2), (0, 2), (0, 2), (0, 2), (0, 2), (1, 2), (0, 2), (0, 2), (0, 2), (0, 1), (0, 2), (1, 3), (0, 3), (1, 3), (0, 2), (1, 2), (0, 3), (0, 2), (0, 3), (1, 3), (0, 3), (1, 3), (0, 3), (0, 3), (1, 2), (0, 3), (0, 2), (1, 2), (0, 3), (0, 3), (1, 2), (0, 3), (1, 3), (1, 3), (0, 3), (1, 2), (0, 3), (2, 3), (1, 3), (0, 2), (1, 2), (0, 3), (0, 3), (0, 2), (0, 3), (0, 3), (0, 3), (0, 3), (1, 3), (0, 3), (1, 3), (1, 3), (0, 3), (1, 2), (0, 3), (1, 2), (0, 3), (0, 3), (1, 2), (1, 3), (0, 2), (0, 3), (0, 3), (1, 2), (0, 3), (1, 2), (0, 3), (0, 2), (0, 3), (0, 3), (1, 2), (0, 3), (0, 2), (1, 2), (0, 4), (1, 2), (0, 4), (0, 4), (0, 3), (1, 4), (0, 4), (0, 3), (0, 2), (0, 4), (1, 2), (0, 4), (2, 3), (1, 4), (0, 4), (1, 2), (2, 3), (0, 4), (2, 4), (0, 3), (0, 4), (1, 2), (0, 4), (1, 4), (0, 3), (1, 4), (0, 4), (1, 4), (1, 4), (0, 4), (1, 3), (1, 4), (1, 4), (2, 3), (0, 4), (2, 3), (0, 4), (1, 4), (0, 3), (1, 3), (0, 4), (1, 3), (0, 4), (0, 3), (0, 2), (1, 2), (0, 4), (2, 3), (0, 4), (1, 2), (0, 3), (1, 4), (0, 4), (1, 2), (1, 3), (0, 4), (1, 3), (0, 4), (0, 4), (1, 5), (1, 4), (1, 5), (2, 4), (0, 5), (0, 5), (1, 2), (2, 3), (0, 5), (2, 3), (2, 4), (0, 5), (2, 4), (3, 4), (0, 5), (0, 4), (1, 5), (0, 5), (1, 2), (0, 4), (0, 1), (2, 4), (0, 4), (2, 5), (0, 5), (1, 5), (3, 4), (0, 5), (0, 5), (2, 5), (0, 4), (2, 4), (1, 5), (0, 4), (2, 3), (0, 5), (0, 4), (0, 5), (3, 4), (1, 5), (1, 3), (0, 5), (1, 2), (2, 3), (1, 4), (2, 4), (0, 5), (0, 4), (2, 3), (4, 6), (0, 6), (1, 3), (0, 4), (2, 4), (3, 4), (2, 6), (2, 5), (0, 6), (3, 4), (1, 5), (3, 5), (0, 6), (1, 4), (0, 5), (0, 4), (3, 5), (2, 6), (1, 5), (0, 6), (2, 3), (0, 4), (0, 5), (2, 3), (4, 5), (0, 6), (1, 2), (3, 4), (0, 6), (0, 4), (0, 5), (2, 3), (0, 4), (1, 2), (3, 4), (1, 6), (4, 5), (0, 6), (1, 3), (3, 5), (4, 6), (0, 6), (2, 4), (0, 6), (1, 2), (0, 4), (2, 3), (4, 5), (0, 6), (1, 2), (2, 5), (0, 5), (1, 2), (1, 3), (2, 3), (4, 5), (0, 6), (0, 6), (0, 3), (0, 5), (0, 3), (1, 2), (0, 4), (1, 6), (1, 4), (2, 3), (0, 5), (3, 4), (0, 6), (1, 2), (1, 3), (0, 4), (2, 3), (3, 4), (0, 6), (3, 5), (0, 6), (1, 5), (4, 5), (0, 6), (2, 3), (4, 6), (0, 7), (3, 4), (0, 6), (1, 2), (3, 6), (3, 5), (0, 7), (2, 3), (1, 4), (0, 6), (2, 3), (2, 4), (0, 5), (1, 2), (4, 6), (0, 7), (0, 2), (3, 7), (1, 7), (2, 3), (3, 5), (1, 6), (2, 5), (0, 7), (1, 4), (4, 5), (1, 6), (2, 5), (3, 4), (3, 6), (4, 5), (0, 7), (1, 3), (2, 3), (4, 5), (4, 6), (5, 6), (0, 7), (1, 2), (3, 6), (0, 7), (1, 5), (0, 7), (2, 3), (3, 5), (4, 5), (0, 6), (2, 5), (4, 5), (4, 6), (0, 7), (0, 2), (3, 6), (0, 7), (1, 2), (3, 5), (0, 7), (0, 6), (1, 3), (4, 5), (4, 6), (3, 7), (3, 5), (4, 5), (3, 6), (1, 7), (2, 3), (2, 4), (1, 7), (3, 4), (4, 6), (0, 7), (2, 4), (0, 7), (1, 2), (1, 7), (2, 4), (2, 6), (0, 7), (1, 2), (1, 5), (2, 3), (1, 7), (2, 5), (2, 4), (1, 6), (2, 3), (0, 7), (1, 4), (2, 5), (1, 7), (3, 5), (3, 6), (1, 4), (2, 4), (2, 5), (0, 7), (3, 4), (2, 5), (4, 6), (4, 7), (6, 7), (0, 8), (4, 7), (4, 6), (0, 8), (0, 5), (2, 6), (5, 6), (3, 7), (6, 7), (0, 8), (1, 2), (1, 3), (2, 4), (3, 4), (6, 7), (1, 8), (4, 5), (0, 6), (4, 5), (6, 7), (0, 8), (2, 3), (2, 7), (4, 5), (6, 7), (1, 8), (2, 5), (4, 5), (1, 7), (4, 5), (3, 6), (3, 7), (6, 7), (1, 8), (3, 6), (4, 5), (4, 7), (5, 6), (5, 7), (6, 7), (0, 8), (1, 4), (3, 5), (4, 5), (0, 6), (3, 6), (2, 4), (3, 4), (5, 6), (0, 8), (1, 2), (3, 5), (0, 6), (4, 5), (0, 6), (1, 2), (3, 5), (0, 7), (1, 5), (3, 4), (1, 6), (1, 4), (0, 7), (1, 3), (3, 4), (1, 6), (4, 5), (4, 6), (5, 6), (0, 8), (2, 3), (2, 4), (4, 5), (6, 7), (0, 8), (2, 5), (1, 6), (3, 4), (3, 5), (4, 5), (0, 8), (2, 3), (1, 6), (2, 3), (5, 6), (3, 7), (6, 7), (0, 8), (1, 3), (3, 4), (3, 7), (5, 6), (4, 8), (2, 6), (6, 7), (1, 8), (4, 5), (3, 6), (2, 4), (3, 4), (3, 5), (4, 6), (0, 7), (4, 6), (5, 6), (1, 7), (3, 6), (0, 8), (2, 4), (5, 6), (2, 7), (1, 8), (2, 3), (0, 4), (0, 5), (1, 3), (3, 8), (5, 6), (7, 8), (0, 9), (1, 2), (1, 5), (4, 7), (4, 6), (0, 8), (1, 2), (3, 5), (1, 8), (3, 4), (6, 7), (3, 9), (4, 5), (5, 6), (6, 7), (1, 9), (2, 3), (3, 4), (4, 5), (3, 7), (0, 9), (1, 2), (4, 5), (1, 7), (3, 4), (2, 6), (3, 5), (4, 8), (4, 6), (5, 6), (7, 8), (1, 9), (3, 5), (3, 6), (3, 5), (5, 6), (6, 7), (1, 8), (3, 5), (3, 6), (5, 7), (0, 9), (2, 3), (0, 9), (3, 5), (4, 5), (1, 6), (1, 8), (5, 6), (2, 9), (4, 5), (3, 6), (4, 5), (3, 7), (5, 6), (7, 8), (1, 9), (2, 6), (5, 7), (6, 7), (1, 8), (5, 6), (0, 9), (1, 2), (1, 8), (1, 5), (2, 3), (4, 5), (6, 7), (7, 8), (1, 9), (3, 4), (5, 8), (7, 8), (1, 9), (3, 4), (1, 5), (0, 9), (2, 3), (0, 4), (1, 2), (1, 4), (6, 7), (0, 9), (0, 2), (0, 7), (0, 2), (3, 5), (4, 5), (3, 6), (4, 5), (3, 7), (2, 9), (1, 4), (5, 7), (6, 7), (0, 8), (0, 9), (1, 3), (2, 3), (2, 4), (4, 5), (1, 6), (5, 6), (7, 8), (2, 9), (4, 5), (5, 7), (7, 8), (4, 9), (1, 5), (4, 5), (3, 7), (1, 6), (3, 4), (5, 6), (0, 8), (2, 3), (3, 7), (3, 5), (3, 10), (2, 7), (3, 4), (5, 9), (1, 10), (1, 5), (1, 3), (4, 5), (4, 7), (1, 8), (5, 6), (6, 7), (4, 8), (5, 7), (0, 9), (1, 4), (3, 4), (7, 8), (1, 9), (3, 5), (4, 5), (4, 6), (3, 7), (1, 8), (3, 8), (4, 5), (4, 9), (7, 9), (0, 10), (5, 6), (7, 8), (6, 9), (2, 10), (4, 5), (3, 9), (2, 10), (3, 4), (5, 6), (7, 8), (3, 10), (4, 5), (5, 6), (6, 7), (7, 8), (1, 9), (2, 3), (6, 7), (2, 9), (3, 6), (4, 6), (5, 6), (5, 7), (6, 7), (7, 8), (0, 10), (1, 3), (2, 3), (3, 4), (3, 5), (2, 6), (3, 5), (6, 7), (1, 8), (2, 3), (5, 7), (6, 7), (8, 9), (1, 10), (3, 4), (0, 5), (5, 6), (6, 7), (4, 8), (6, 7), (5, 8), (1, 10), (3, 7), (4, 5), (3, 8), (0, 9), (6, 7), (3, 9), (2, 10), (4, 5), (3, 7), (5, 6), (1, 7), (2, 10), (2, 4), (2, 6), (3, 6), (4, 5), (1, 7), (3, 4), (5, 6), (7, 9), (5, 10), (0, 5), (0, 1), (2, 3), (6, 7), (2, 8), (3, 6), (7, 8), (0, 10), (0, 2), (0, 4), (4, 5), (1, 6), (5, 7), (6, 7), (3, 8), (5, 6), (0, 7), (1, 2), (3, 5), (4, 5), (3, 8), (4, 6), (5, 6), (6, 7), (4, 8), (5, 8), (6, 7), (4, 8), (5, 6), (5, 7), (6, 8), (8, 9), (5, 9), (6, 9), (4, 9), (5, 6), (5, 7), (5, 7), (0, 10), (1, 2), (2, 4), (4, 5), (5, 6), (6, 7), (5, 7), (6, 7), (2, 9), (3, 4), (4, 5), (1, 6), (4, 5), (5, 6), (3, 7), (0, 8), (1, 5), (3, 4), (4, 5), (3, 7), (3, 5), (1, 7), (7, 8), (3, 9), (1, 10), (2, 3), (4, 5), (2, 6), (3, 5), (4, 7), (2, 8), (3, 4), (3, 6), (1, 7), (2, 3), (5, 8), (6, 10), (1, 11), (3, 4), (3, 7), (4, 8), (5, 6), (0, 10), (5, 7), (3, 11), (4, 5), (5, 6), (0, 7), (7, 10), (0, 11), (2, 3), (3, 4), (5, 8), (6, 7), (3, 10), (3, 7), (6, 8), (0, 9), (2, 5), (2, 6), (3, 5), (4, 5), (6, 7), (2, 8), (0, 10), (2, 9), (5, 7), (6, 7), (6, 8), (5, 9), (6, 7), (4, 10), (2, 7), (3, 4), (2, 9), (3, 5), (6, 7), (5, 10), (4, 6), (5, 6), (6, 7), (7, 8), (0, 9), (3, 4), (3, 9), (4, 5), (6, 7), (7, 8), (3, 10), (4, 6), (5, 6), (5, 7), (6, 7), (5, 9), (6, 8), (7, 8), (9, 10), (0, 11), (2, 3), (2, 4), (3, 4), (0, 5), (3, 6), (7, 8), (0, 9), (1, 4), (4, 5), (2, 10), (3, 4), (4, 5), (5, 9), (8, 10), (1, 11), (4, 6), (2, 6), (3, 5), (4, 5), (6, 7), (4, 8), (5, 7), (5, 8), (3, 9), (6, 7), (2, 10), (3, 5), (3, 5), (3, 8), (4, 5), (4, 10), (5, 8), (6, 8), (7, 10), (9, 10), (0, 11), (3, 4), (0, 4), (3, 4), (6, 7), (1, 8), (2, 3), (7, 8), (8, 9), (2, 10), (3, 4), (0, 5), (1, 2), (2, 3), (5, 6), (1, 7), (2, 4), (3, 4), (3, 5), (0, 6), (1, 2), (0, 11), (1, 3), (2, 3), (2, 4), (3, 4), (3, 8), (4, 7), (5, 7), (1, 9), (2, 4), (3, 4), (5, 6), (2, 8), (3, 8), (1, 10), (5, 6), (2, 7), (8, 9), (2, 11), (1, 3), (2, 3), (4, 5), (1, 6), (2, 5), (3, 4), (2, 6), (1, 7), (2, 3), (4, 5), (2, 6), (3, 5), (5, 9), (3, 6), (5, 6), (4, 6), (5, 6), (7, 8), (0, 9), (2, 6), (2, 5), (4, 5), (5, 6), (0, 10), (0, 2), (3, 4), (3, 5), (3, 7), (0, 9), (1, 2), (3, 4), (5, 6), (6, 7), (7, 8), (5, 9), (7, 8), (0, 11), (7, 8), (4, 9), (1, 9), (3, 8), (4, 8), (0, 10), (3, 4), (4, 6), (7, 9), (7, 9), (8, 9), (1, 11), (3, 4), (7, 8), (1, 9), (4, 7), (2, 10), (0, 6), (1, 2), (6, 7), (6, 8), (7, 8), (8, 9), (4, 10), (5, 7), (8, 10), (9, 10), (1, 11), (2, 3), (3, 4), (3, 5), (0, 12), (3, 4), (2, 6), (3, 6), (4, 5), (7, 8), (2, 9), (0, 10), (7, 9), (8, 9), (7, 10), (0, 11), (4, 5), (6, 7), (8, 10), (9, 10), (1, 11), (2, 3), (0, 12), (2, 3), (5, 6), (1, 8), (5, 6), (4, 11), (10, 11), (0, 12), (4, 5), (2, 8), (4, 8), (5, 9), (8, 9), (0, 10), (0, 3), (4, 5), (4, 6), (3, 7), (3, 8), (5, 9), (7, 8), (4, 12), (3, 7), (4, 5), (5, 6), (8, 9), (8, 10), (0, 12), (6, 7), (5, 9), (6, 8), (8, 9), (1, 10), (2, 3), (3, 4), (4, 5), (5, 8), (6, 8), (7, 8), (4, 10), (6, 9), (8, 9), (1, 11), (3, 4), (3, 5), (6, 9), (5, 10), (7, 9), (8, 9), (0, 11), (1, 2), (2, 4), (1, 5), (0, 6), (5, 7), (6, 7), (2, 8), (3, 4), (1, 5), (4, 5), (0, 6), (1, 2), (7, 8), (1, 11), (4, 10), (5, 8), (9, 10), (9, 11), (10, 11), (4, 12), (4, 7), (6, 8), (7, 9), (7, 9), (1, 10), (4, 5), (8, 9), (5, 11), (4, 9), (5, 6), (5, 7), (8, 9), (0, 12), (1, 3), (3, 4), (4, 5), (4, 7), (6, 7), (2, 8), (6, 8), (1, 9), (2, 3), (2, 4), (3, 4), (3, 6), (4, 5), (7, 8), (8, 9), (9, 10), (7, 11), (0, 12), (1, 3), (3, 4), (3, 8), (0, 10), (1, 2), (2, 3), (3, 4), (3, 6), (8, 9), (0, 10), (2, 3), (1, 7), (8, 9), (2, 12), (3, 6), (4, 5), (4, 7), (7, 8), (0, 10), (1, 2), (6, 7), (8, 10), (0, 12), (1, 3), (2, 3), (2, 6), (9, 10), (9, 11), (0, 12), (1, 2), (3, 4), (5, 8), (7, 8), (9, 10), (2, 12), (3, 4), (3, 5), (6, 7), (1, 8), (3, 5), (3, 6), (9, 10), (7, 11), (0, 12), (1, 2), (5, 7), (6, 7), (6, 9), (7, 8), (0, 10), (4, 6), (5, 6), (2, 7), (3, 4), (6, 8), (10, 11), (1, 13), (2, 3), (2, 4), (3, 4), (4, 5), (5, 7), (9, 10), (2, 13), (4, 5), (5, 6), (3, 7), (4, 6), (5, 6), (5, 8), (2, 9), (5, 6), (3, 13), (4, 5), (6, 7), (7, 8), (8, 10), (9, 10), (4, 11), (5, 7), (11, 12), (0, 13), (1, 2), (3, 4), (5, 7), (6, 7), (3, 8), (7, 10), (8, 9), (10, 11), (6, 11), (8, 11), (8, 11), (11, 12), (1, 13), (4, 5), (0, 6), (4, 5), (6, 7), (4, 8), (4, 7), (6, 7), (7, 9), (6, 12), (4, 10), (5, 7), (6, 7), (10, 12), (3, 13), (2, 4), (3, 4), (0, 9), (1, 3), (2, 3), (3, 5), (4, 5), (3, 6), (11, 12), (0, 13), (3, 4), (3, 5), (4, 5), (4, 6), (1, 7), (2, 4), (3, 4), (5, 6), (5, 7), (2, 8), (3, 4), (3, 9), (2, 5), (3, 4), (4, 5), (6, 7), (10, 11), (9, 12), (5, 13), (7, 8), (6, 11), (0, 12), (3, 4), (2, 6), (3, 4), (6, 7), (7, 8), (8, 11), (9, 10), (9, 11), (0, 13), (4, 7), (5, 6), (0, 10), (5, 7), (6, 7), (5, 10), (8, 9), (6, 10), (8, 9), (7, 9), (8, 9), (7, 12), (5, 8), (4, 5), (7, 8), (6, 8), (7, 8), (6, 9), (8, 10), (9, 11), (6, 12), (8, 9), (8, 10), (7, 11), (9, 12), (10, 12), (11, 12), (0, 13), (2, 4), (6, 7), (5, 8), (6, 7), (7, 9), (4, 10), (7, 8), (9, 10), (5, 11), (0, 13), (1, 2), (1, 3), (3, 5), (4, 5), (6, 7), (5, 9), (7, 8), (9, 10), (0, 12), (2, 5), (3, 4), (4, 7), (5, 7), (6, 9), (7, 8), (9, 10), (3, 12), (2, 5), (3, 4), (5, 7), (6, 7), (6, 11), (9, 10), (8, 11), (9, 10), (2, 12), (4, 7), (5, 6), (6, 7), (4, 9), (6, 9), (7, 10), (8, 11), (10, 11), (0, 12), (1, 2), (3, 4), (3, 10), (6, 7), (9, 11), (8, 12), (0, 13), (2, 6), (5, 6), (9, 11), (1, 12), (3, 4), (5, 6), (3, 7), (4, 6), (5, 6), (5, 8), (8, 9), (9, 10), (9, 11), (11, 12), (1, 13), (2, 3), (6, 7), (2, 8), (5, 6), (5, 7), (7, 8), (7, 9), (1, 10), (3, 4), (4, 5), (8, 9), (3, 11), (6, 11), (9, 10), (0, 12), (1, 2), (4, 5), (5, 8), (5, 9), (6, 7), (0, 11), (1, 3), (4, 6), (5, 6), (6, 7), (5, 7), (4, 5), (6, 7), (0, 12), (1, 3), (2, 4), (2, 8), (7, 10), (8, 10), (9, 10), (2, 11), (3, 5), (4, 6), (5, 7), (6, 7), (7, 8), (6, 9), (7, 8), (8, 9), (9, 10), (10, 11), (0, 12), (1, 2), (1, 3), (2, 3), (2, 4), (3, 5), (4, 6), (2, 7), (3, 6), (2, 9), (3, 4), (4, 8), (2, 11), (3, 6), (7, 8), (7, 9), (8, 10), (7, 11), (8, 9), (6, 13), (1, 11), (2, 7), (9, 11), (10, 11), (3, 12), (9, 10), (10, 11), (10, 12), (3, 14), (3, 5), (3, 6), (4, 5), (6, 7), (1, 10), (4, 5), (5, 6), (2, 7), (4, 5), (6, 7), (4, 8), (0, 14), (1, 4), (1, 4), (8, 9), (6, 11), (3, 12), (4, 5), (1, 6), (2, 3), (2, 4), (4, 6), (1, 12), (3, 5), (6, 7), (4, 10), (5, 6), (7, 9), (5, 11), (6, 7), (2, 12), (3, 5), (4, 5), (7, 9), (10, 11), (10, 12), (0, 13), (2, 6), (3, 5), (4, 5), (3, 7), (4, 7), (5, 9), (7, 8), (7, 9), (6, 9), (7, 8), (7, 9), (8, 9), (3, 10), (5, 12), (6, 7), (8, 10), (8, 10), (1, 14), (2, 4), (3, 5), (9, 10), (2, 11), (3, 4), (5, 8), (7, 8), (5, 9), (8, 9), (10, 12), (0, 13), (7, 11), (8, 10), (9, 10), (11, 12), (10, 12), (11, 12), (6, 13), (5, 6), (3, 5), (4, 5), (8, 10), (11, 13), (12, 13), (3, 14), (1, 8), (3, 4), (4, 6), (5, 7), (8, 10), (0, 11), (2, 3), (8, 13), (11, 13), (4, 14), (1, 8), (2, 5), (3, 5), (3, 6), (6, 7), (4, 8), (5, 8), (6, 7), (5, 9), (2, 11), (4, 5), (3, 6), (4, 5), (9, 10), (0, 12), (7, 8), (0, 9), (1, 9), (7, 8), (7, 9), (8, 9), (10, 11), (7, 13), (4, 9), (6, 7), (6, 8), (7, 8), (4, 10), (7, 8), (7, 9), (8, 12), (9, 10), (10, 11), (11, 12), (4, 13), (7, 8), (3, 12), (4, 5), (4, 7), (5, 6), (5, 7), (6, 8), (7, 9), (7, 10), (8, 9), (11, 12), (1, 14), (5, 8), (4, 7), (3, 4), (4, 7), (6, 7), (1, 9), (3, 4), (3, 5), (6, 7), (6, 8), (7, 11), (10, 11), (11, 12), (0, 13), (2, 3), (5, 6), (5, 7), (5, 8), (6, 8), (7, 8), (5, 9), (6, 9), (4, 11), (6, 7), (5, 10), (6, 8), (7, 8), (9, 10), (8, 11), (8, 11), (4, 14), (5, 6), (4, 7), (5, 6), (0, 9), (2, 6), (5, 6), (3, 7), (8, 9), (8, 10), (4, 10), (5, 6), (5, 9), (6, 10), (0, 12), (1, 2), (2, 9), (3, 9), (8, 9), (6, 10), (7, 8), (9, 10), (4, 11), (1, 14), (3, 4), (4, 6), (6, 7), (3, 8), (4, 5), (4, 7), (4, 9), (5, 10), (6, 7), (9, 12), (10, 12), (8, 13), (10, 12), (1, 14), (1, 3), (3, 4), (0, 7), (5, 9), (7, 10), (8, 9), (2, 12), (5, 7), (6, 7), (7, 8), (2, 9), (4, 9), (4, 10), (5, 6), (5, 9), (6, 9), (8, 9), (8, 11), (9, 10), (11, 12), (1, 13), (4, 8), (5, 6), (5, 9), (6, 7), (4, 10), (11, 12), (0, 14), (2, 3), (4, 6), (5, 7), (6, 7), (0, 8), (6, 8), (7, 8), (1, 10), (2, 4), (3, 4), (1, 6), (6, 10), (8, 12), (9, 11), (11, 12), (8, 13), (9, 11), (7, 14), (8, 9), (8, 10), (9, 10), (10, 11), (9, 11), (6, 9), (4, 6), (3, 4), (0, 3), (2, 3), (5, 7), (6, 7), (6, 8), (7, 8), (7, 11), (10, 11), (8, 12), (3, 10), (1, 3), (6, 7), (8, 9), (6, 11), (7, 9), (8, 9), (11, 12), (0, 13), (2, 7), (4, 7), (3, 10), (4, 6), (5, 9), (7, 10), (8, 12), (3, 13), (2, 3), (4, 6), (5, 6), (7, 8), (4, 9), (5, 9), (6, 7), (8, 9), (5, 10), (7, 8), (7, 11), (6, 12), (7, 9), (4, 10), (5, 6), (2, 11), (3, 4), (3, 5), (6, 7), (6, 9), (7, 9), (9, 10), (6, 12), (3, 7), (4, 5), (5, 6), (4, 7), (5, 7), (6, 7), (8, 9), (5, 9), (6, 7), (6, 9), (7, 8), (5, 10), (7, 8), (6, 10), (6, 9), (8, 9), (9, 10), (12, 13)]
