results/deeplll/svpchallengedim40seed2dim15delta0.98999995.txt: 128.089 sec
b: [[9141667, -23204748, 13854666, 810189, 42959812, -66491010, 21786732, -42598507, -56939552, -15421598, 16159509, -22224428, 446195, -28895050, -21806087],
 [-32654238, 10895184, 17535136, 5247536, 8012321, 69368372, 41050449, -2506689, 32489635, 23282185, -41164737, -13759663, 5573690, -29412303, 57997094],
 [61021373, 29756215, -6679852, 8324733, -84418550, 23774219, 3154260, 5429028, 4650598, 28302554, -12809166, 43211611, -16201844, 17744278, -34541108],
 [6300455, -25280054, 53394937, 26560848, -15919946, -12956626, -73148842, -758744, 38757191, -10880990, 37377007, 46029038, -8558761, -20036045, -4320122],
 [-60770191, 29241192, 15859902, 38461579, -5502267, 11194852, 10880577, 33126342, -49316809, -18418515, -46064323, -41090246, -31948056, 1418710, 270291],
 [-10710216, 13685507, 5246612, 18152584, -14134083, 45022404, -32697185, -14816392, -18436128, -33084595, 16035363, 8122023, -73476563, -64154986, 47248052],
 [36341198, -27421302, -86160850, -30609902, -3545143, -62441381, -1769238, 16039523, -13431434, 12695684, -12628191, -43981966, -29978227, -31082360, -386906],
 [-25631874, 48904153, 41657650, 9218098, -11340529, -37023730, 16431112, -1523363, 52227299, 59134399, -1736371, -33803777, 1281108, -12084026, 42195202],
 [-19364107, 4047601, -24152381, 59676522, -58989887, -11574297, 770001, 10525916, -10138333, 36774754, -5780676, 4442334, -31337243, 104286580, -1081039],
 [-6492670, 42806572, 698614, 55920647, 29703986, -29997826, -13421816, 4985392, 45080859, -32133765, -17723728, -56969767, 16054083, 6766373, -44589535],
 [-83588682, -91107648, 24600065, -1378895, -7457733, 11960946, 1226127, 35649251, 54021684, 18387773, -3362996, 21895527, -24078105, -29269839, -21082297],
 [-30469325, -30601798, -35910620, -16191085, 74413038, 6779364, -32817954, -79505179, -17216766, 35614466, 28521099, 34242935, -34060634, -3054849, -12929307],
 [-48389747, -24008502, -16049350, -51369275, -64190649, 44989260, -4539827, -23356854, 26536772, 65180796, -25204145, -7679850, 52890918, -8236332, -10359232],
 [4729264, -21598402, 17665426, -44549254, 50821619, 35628967, -19479565, 52450647, -35468362, -9620036, -44888953, -92170290, -60735698, -19329127, 8871055],
 [9196014, -23348940, -3379241, -27221861, 14814636, -39243155, -2368912, -80937508, 65989644, 30818737, -71920029, -33872016, -18479933, 31609135, 33436970]], shape=[15, 15], strides=[15, 1], layout=Cc (0x5), const ndim=2
v_norms: [14916154561848654, 32196560947014489636371789592084/2486025760308109, 356492794524260467935370622494772753328978610127/32196560947014489636371789592084, 28308353477809396389624950032072687623915658049941642896192951031/2138956767145562807612223734968636519973871660762, 360567104197749308514642423105112648502308098825420162591441988895705489502634437/28308353477809396389624950032072687623915658049941642896192951031, 4244578056311816049737332558368782132934085244530451611656536210291760404391635777212538075687273/360567104197749308514642423105112648502308098825420162591441988895705489502634437, 44903969077211169162095101298298708913753168223563726865271862490530134123962541425728222051532302834059668054120/4244578056311816049737332558368782132934085244530451611656536210291760404391635777212538075687273, 457433583225986007923119440109596759784348714919308214346149518719541858653016514548094990036000565338519499467246391288245988223/44903969077211169162095101298298708913753168223563726865271862490530134123962541425728222051532302834059668054120, 4701430342475944081379977693836659600697103203291808946702641200811544216086906829253970871067172891247126556145232040818237273795529655332253405/457433583225986007923119440109596759784348714919308214346149518719541858653016514548094990036000565338519499467246391288245988223, 47334803500975695243936933836777685905524658712506466355740529030233011508430632994195487810848733302959786881025422717654629037837659548517743693269592068466507/4701430342475944081379977693836659600697103203291808946702641200811544216086906829253970871067172891247126556145232040818237273795529655332253405, 408374098073374165178703199110146036599230406768163651611296231797507660107608107744484446215521867118756562795031879633007332763341578305739717704358141646129101072881225190207/47334803500975695243936933836777685905524658712506466355740529030233011508430632994195487810848733302959786881025422717654629037837659548517743693269592068466507, 305652842057615586782456681976505103546700678967035060623031362261795548740828570780174180172979483429853940062784360363875833723789992195141652691200020653176868292997339765395430929784263161/31413392159490320398361784546934310507633108212935665508561248599808281546739085211114188170424759009135120215002452279462102520257044485056901361873703203548392390221632706939, 35982574673269313445179467446425610459627698166065121147092939394587282144257326184077919782054138119615577855687412101846151592121393211390909948656978591283509029390176836490840582044303329546303170966955977/3973486946749002628171936865694566346107108826571455788099407709403342133630771420142264342248733284588101220816196684730385838409269898536841484985600268491299287808965416950140602087195421093, 373560375078404570300670933300940684413652512916715585428594468722146033818219123129600929849973649168378370793491745635785417374013422924336940831113774252803234915189719494577415378068968954903668662780109848392643247260582/35982574673269313445179467446425610459627698166065121147092939394587282144257326184077919782054138119615577855687412101846151592121393211390909948656978591283509029390176836490840582044303329546303170966955977, 3468287585974050604774439085108554766681095904449490782532408558820799971446912200169098884155278262402657048060314007695099477058350627510176872515581723540506379642904992102434614917531819511246695382788173343454302248117102540610188816001/373560375078404570300670933300940684413652512916715585428594468722146033818219123129600929849973649168378370793491745635785417374013422924336940831113774252803234915189719494577415378068968954903668662780109848392643247260582], shape=[15], strides=[1], layout=CFcf (0xf), const ndim=1
Mu { arr: [-1091982668329762/2486025760308109, -1203956095616844/2486025760308109, -14167715415074471819046849297649/32196560947014489636371789592084, -1766930521017481/14916154561848654, -12638671454864355830468385521705/32196560947014489636371789592084, -47657981558177435197644214677904426590518272097/356492794524260467935370622494772753328978610127, 30906575658239/7458077280924327, 3424551015860100550543811380963/10732186982338163212123929864028, -39712044585828742977169361730906566498983575099/356492794524260467935370622494772753328978610127, -8016247518773665932129875531239306884900762427066980235516849984/28308353477809396389624950032072687623915658049941642896192951031, -790406094507536/7458077280924327, 9379936389067450206859090422185/32196560947014489636371789592084, 12491140269124988066369127162765580706488349453/356492794524260467935370622494772753328978610127, 1854187828423118956710115123213015272076205069061674971699311940/4044050496829913769946421433153241089130808292848806128027564433, 137215085593602411711297367348740700895637985762646332497514881561412479621976583/360567104197749308514642423105112648502308098825420162591441988895705489502634437, 5263267980531023/14916154561848654, -8971689475081122098604755523497/32196560947014489636371789592084, 2742031827664935638147075055650118448457995927/356492794524260467935370622494772753328978610127, -14041418752317491161405316059453955199935213241074955266290820585/28308353477809396389624950032072687623915658049941642896192951031, -25573806434074303323210483817724190484036866276412177765112991323327769373517599/120189034732583102838214141035037549500769366275140054197147329631901829834211479, 1579521119829692365034137160523413051637060970091463482490112461340992526925307187425441375980898/4244578056311816049737332558368782132934085244530451611656536210291760404391635777212538075687273, -1059990630650675/7458077280924327, 7031260639431223755283493228179/16098280473507244818185894796042, 1872168936551281693293353142169529452317199574/356492794524260467935370622494772753328978610127, 707911427855182859844807147889330019421640617242869566800018314/4044050496829913769946421433153241089130808292848806128027564433, 11406329814830556518563081291158982025512870522823111731151315545891160972957632/360567104197749308514642423105112648502308098825420162591441988895705489502634437, -1560811662880510621909862746079114454970056695988719209036767920467866005487546290934050621011619/4244578056311816049737332558368782132934085244530451611656536210291760404391635777212538075687273, 13595221595739671948910821168131261789981883551875458937245658340236846380474776120679797815324640257774767035051/44903969077211169162095101298298708913753168223563726865271862490530134123962541425728222051532302834059668054120, -5939207733923063/14916154561848654, -14702528716772147690538510806285/32196560947014489636371789592084, 81705315369809328906068632453632103602567154675/356492794524260467935370622494772753328978610127, -9007647224492422656746665731030184303212484929063232158354299347/28308353477809396389624950032072687623915658049941642896192951031, 164656165322686550521263897939995458651594402314917543196879402450082590036468346/360567104197749308514642423105112648502308098825420162591441988895705489502634437, -1244883170443006860108150776812236369107025372804438666315120195602412444537045667079101671717356/4244578056311816049737332558368782132934085244530451611656536210291760404391635777212538075687273, -1783839488862660014219741540522578527862332450537106836436352661754495420873506545516853848256789124317998223437/44903969077211169162095101298298708913753168223563726865271862490530134123962541425728222051532302834059668054120, 118004101353650159859051253853415484047359132540899519953374568862243606362695716688885171923771371994122289145712136333322072559/457433583225986007923119440109596759784348714919308214346149518719541858653016514548094990036000565338519499467246391288245988223, 1460547130690403/14916154561848654, -1549213213042145343279231050999/16098280473507244818185894796042, -105382765858010411874666210469362423611325368566/356492794524260467935370622494772753328978610127, -1558607486057278678277319074189966620442788791215072354762537921/28308353477809396389624950032072687623915658049941642896192951031, 117742524067669863391139230967399314973453661691487364038540665079441708582305141/360567104197749308514642423105112648502308098825420162591441988895705489502634437, -1652410323423608696394562612800637251955428574834264938838604045909818414793549668891081658115548/4244578056311816049737332558368782132934085244530451611656536210291760404391635777212538075687273, 4766536202979648576389688882467773946947099826692256030379985910280634714224556746552942138806952714309600457067/44903969077211169162095101298298708913753168223563726865271862490530134123962541425728222051532302834059668054120, 114870961848087090524248755720132433633933556929632187510074590670925918772032447287999134886851872344997655127015053396235796311/457433583225986007923119440109596759784348714919308214346149518719541858653016514548094990036000565338519499467246391288245988223, -1194040262196085024652412180883425730373114544259490420092131315169414366689869795285109182744351144231979826288694870759008589555885145526315808/4701430342475944081379977693836659600697103203291808946702641200811544216086906829253970871067172891247126556145232040818237273795529655332253405, -1761819021151016/7458077280924327, 594282050549776515545754248382/2683046745584540803030982466007, -159712133168362941793929828048115699709924156376/356492794524260467935370622494772753328978610127, 14128585617260404651384090313447515442228085125332737675435283282/28308353477809396389624950032072687623915658049941642896192951031, 4760451315058754473964215087779449734445872513282837361191715927353399576727783/40063011577527700946071380345012516500256455425046684732382443210633943278070493, -1312925966270847521244654551149437299320596428935267849797393318166006601496683250420382620304320/4244578056311816049737332558368782132934085244530451611656536210291760404391635777212538075687273, 3814826015009480471668942648517981526552198948199074502396453648533087688092329287063628967052153677860968856975/8980793815442233832419020259659741782750633644712745373054372498106026824792508285145644410306460566811933610824, -211810341451775782197068384388129316459121057179068279954885562309735931809320960412251636760823057767410899261239753281498338465/457433583225986007923119440109596759784348714919308214346149518719541858653016514548094990036000565338519499467246391288245988223, 916288709919215490570731058681374113158663923983080994541241109655196646506459141142462721633607099117190770469178227217269064846388303739305139/4701430342475944081379977693836659600697103203291808946702641200811544216086906829253970871067172891247126556145232040818237273795529655332253405, -18811681854531436629443087771982759157304127444648823844238712850364687354120771087814192477859404517653627569165066049008376326260857644029699506188488306243501/47334803500975695243936933836777685905524658712506466355740529030233011508430632994195487810848733302959786881025422717654629037837659548517743693269592068466507, 5824678623204689/14916154561848654, 41160980982884510321353102819/2683046745584540803030982466007, -110300206379873438171108966692494035220297751272/356492794524260467935370622494772753328978610127, 528185756281349173980850216451620327704847986944636657444556217/4044050496829913769946421433153241089130808292848806128027564433, -15685660974037423010829108352731069026841646737018666661998214457305852369603136/40063011577527700946071380345012516500256455425046684732382443210633943278070493, 1686284053433925067771917783233679049501384154431848026667796612533352378630576460324591367662217/4244578056311816049737332558368782132934085244530451611656536210291760404391635777212538075687273, -10875363233989935182888578086051684667408034524258857577843549405863136697971533864622536301906079258389915871191/44903969077211169162095101298298708913753168223563726865271862490530134123962541425728222051532302834059668054120, -59119104985172682133528038296064749249557507543018521654766203479080636517897607008577835737064362172516273573806411669001895083/457433583225986007923119440109596759784348714919308214346149518719541858653016514548094990036000565338519499467246391288245988223, 2242913306664633582223137376371162723634704849359361383626042497871734397312815480541835818863445036608719718000105672894928187319751842713894706/4701430342475944081379977693836659600697103203291808946702641200811544216086906829253970871067172891247126556145232040818237273795529655332253405, -832353530944465823025012894334468645950491843650717441401464781819662267505569211149103518933160236456223598293375625125518784873225488755267068091153387179713/15778267833658565081312311278925895301841552904168822118580176343411003836143544331398495936949577767653262293675140905884876345945886516172581231089864022822169, 10820907261359052725809100948057662204994330620636966725847572057378656555827388884289883391363342036574646676217288562901170114497885099937811112547031066924078461952326488841/31413392159490320398361784546934310507633108212935665508561248599808281546739085211114188170424759009135120215002452279462102520257044485056901361873703203548392390221632706939, -7267476429808165/14916154561848654, 2911298620462684033109108594575/10732186982338163212123929864028, 54734202038533265990298485893998270225423167865/356492794524260467935370622494772753328978610127, -3431360437498245522312284781242703145134285784247247584909481935/28308353477809396389624950032072687623915658049941642896192951031, -114667986890115100019651613215532343092607036016451396378622351949081580607082309/360567104197749308514642423105112648502308098825420162591441988895705489502634437, -1419006773942251297556637246635875442629408800079633431020572702719251878209221090234442096154241/4244578056311816049737332558368782132934085244530451611656536210291760404391635777212538075687273, 1736488118114611297826699705039853664984051765601490359264354420690436047205788597142303708881420222640227785897/8980793815442233832419020259659741782750633644712745373054372498106026824792508285145644410306460566811933610824, -45465412147697200220226723250034620601120155106110329238409095057159397106520388213388180798497520490047722291205205596612966095/457433583225986007923119440109596759784348714919308214346149518719541858653016514548094990036000565338519499467246391288245988223, -109177332417754607397019958435108886709553478244153332776035802568103689722506765902116840365089886500775386590514008203291831473425046713152479/4701430342475944081379977693836659600697103203291808946702641200811544216086906829253970871067172891247126556145232040818237273795529655332253405, -20859107177682876855881337361983976124092955016159166206449939733508457416097336491299329384993030781417147523956943777812088016639371879417246011576401221041404/47334803500975695243936933836777685905524658712506466355740529030233011508430632994195487810848733302959786881025422717654629037837659548517743693269592068466507, 146659880596161611168003441952257841478867907844190050766914083590674598278827872450443256603692558802013527573097710464852080070419915814268233448157646791216241871447749768317/408374098073374165178703199110146036599230406768163651611296231797507660107608107744484446215521867118756562795031879633007332763341578305739717704358141646129101072881225190207, 96312102178326872043538953702563163777954631649141571320326340895645257640156282646877021409635611497203216227651958732713023771517803328275063682392007173442247315098744813141180836624464792/305652842057615586782456681976505103546700678967035060623031362261795548740828570780174180172979483429853940062784360363875833723789992195141652691200020653176868292997339765395430929784263161, 1737570608329693/14916154561848654, 12135037641639720196760874449677/32196560947014489636371789592084, -147584745940406889084135553164166587480825720827/356492794524260467935370622494772753328978610127, -9330488036186343497981655883675701010737085570434160153333491019/28308353477809396389624950032072687623915658049941642896192951031, 53584850426596443567174358483736352613452693829725700769543531715522385026669865/120189034732583102838214141035037549500769366275140054197147329631901829834211479, 1467732074464561411221357105492775673292062730048794005272131362765638653586887063018542476000558/4244578056311816049737332558368782132934085244530451611656536210291760404391635777212538075687273, 20296629801153382755434366323500178325480477459991423511627645697885101534954875892340818280409108150949054744623/44903969077211169162095101298298708913753168223563726865271862490530134123962541425728222051532302834059668054120, -137996683638451520364442171945358251265225999614286550951422949968953314592385227320595372079031003924943438399031500985132498181/457433583225986007923119440109596759784348714919308214346149518719541858653016514548094990036000565338519499467246391288245988223, -1938076032060923435205765165731709698802295194615623384525809979850728758097497527392107550381475453056816531844364100466464320740564541970834876/4701430342475944081379977693836659600697103203291808946702641200811544216086906829253970871067172891247126556145232040818237273795529655332253405, -7485911408640887299192551161253506023917497115711613272642367605811446017614708000468673161179058589034047081027249852443386046879351812860939045795912521286036/47334803500975695243936933836777685905524658712506466355740529030233011508430632994195487810848733302959786881025422717654629037837659548517743693269592068466507, -65392520617093297222944718316082680761314767465251175783871738968100450269772824988191749291398572160820055323786906791260304730925476195293832063602752798971206979017044157118/408374098073374165178703199110146036599230406768163651611296231797507660107608107744484446215521867118756562795031879633007332763341578305739717704358141646129101072881225190207, 35159335515115715258160482036989989599942389642101931510820288764254361287455112095143235503759033339036467989840476976751895629428597436552733952341694461399079207522563716564330279545784410/305652842057615586782456681976505103546700678967035060623031362261795548740828570780174180172979483429853940062784360363875833723789992195141652691200020653176868292997339765395430929784263161, -9527608587573606940180165035441818774961816617373445119628642947086928081788926810919025262071820010875516025672871663161219634818927941648747334224957750081504822248754696808661305246595797783299632050163302/35982574673269313445179467446425610459627698166065121147092939394587282144257326184077919782054138119615577855687412101846151592121393211390909948656978591283509029390176836490840582044303329546303170966955977, 906133417118975/14916154561848654, 10784460615920477526274523834693/32196560947014489636371789592084, -8962611444967156498996385474597015084816938879/356492794524260467935370622494772753328978610127, -1325260152509074773874345913914399554000818831144107687060947275/28308353477809396389624950032072687623915658049941642896192951031, -159585551259142989376411159232212528892560815683304979961747663647420954024032811/360567104197749308514642423105112648502308098825420162591441988895705489502634437, -1122403617650621760086008192612576967188636424368165301147108377619097529010552564485042719113389/4244578056311816049737332558368782132934085244530451611656536210291760404391635777212538075687273, 5525348215920012929074735888978171464412810707777158832891111921753431523261358578499724828572256669368012184643/11225992269302792290523775324574677228438292055890931716317965622632533530990635356432055512883075708514917013530, 132252243605023529858720410158508779248621839572254069728863694734421612231198654409024881445851492753336982463112330823005978756/457433583225986007923119440109596759784348714919308214346149518719541858653016514548094990036000565338519499467246391288245988223, 2194269704358140165439441297892401332699264019115801156340188135784529339785328075991771959979634680814874162130195827019166696853883860894659572/4701430342475944081379977693836659600697103203291808946702641200811544216086906829253970871067172891247126556145232040818237273795529655332253405, 14312389049633951880201460191870076281026824296375855232933107488388175179549609472840069950445651603163709964976996452995798506367815502590383005227431182594262/47334803500975695243936933836777685905524658712506466355740529030233011508430632994195487810848733302959786881025422717654629037837659548517743693269592068466507, -53815395862346590201533871355062559365743790740415300009198693995073796810684407669632769590973082411297533042454883030630271800355561317815852584863319141223964208568572602040/408374098073374165178703199110146036599230406768163651611296231797507660107608107744484446215521867118756562795031879633007332763341578305739717704358141646129101072881225190207, 38803684288400076946019325827787541955182688912635926342678675687823639543519657019052150106185785302981526487563821877264811698328772534346171571180570878490653579747962884524732467879111023/101884280685871862260818893992168367848900226322345020207677120753931849580276190260058060057659827809951313354261453454625277907929997398380550897066673551058956097665779921798476976594754387, 5482753732471387930337735424529541361582826886864143438961119204599965162983281277075948338175150808173848609603216254656823283395352596563210738356933300655235415598188482583363247214060558262657187500770133/35982574673269313445179467446425610459627698166065121147092939394587282144257326184077919782054138119615577855687412101846151592121393211390909948656978591283509029390176836490840582044303329546303170966955977, 131640605211168124544606886940831031228249931305616222128284634175569945399650351655130348346022231545616124906726170471397575106335999146677302412177600932417037262259284559680922809685124333096818888656269757321732372687515/373560375078404570300670933300940684413652512916715585428594468722146033818219123129600929849973649168378370793491745635785417374013422924336940831113774252803234915189719494577415378068968954903668662780109848392643247260582] }
(hist.len, cnt): (1765, 30762)
[(0, 1), (0, 1), (0, 1), (0, 1), (0, 1), (0, 1), (0, 1), (0, 1), (0, 1), (0, 1), (0, 1), (0, 1), (0, 1), (0, 1), (0, 1), (0, 1), (0, 1), (0, 1), (0, 1), (0, 1), (0, 1), (0, 1), (0, 1), (0, 1), (0, 1), (0, 1), (0, 1), (0, 1), (0, 1), (0, 1), (0, 1), (0, 1), (0, 1), (0, 1), (0, 1), (0, 1), (0, 1), (0, 1), (0, 1), (0, 1), (0, 1), (0, 1), (0, 1), (0, 1), (0, 1), (0, 1), (0, 1), (0, 1), (0, 1), (0, 1), (0, 1), (0, 1), (0, 1), (0, 1), (0, 1), (0, 1), (0, 1), (0, 1), (0, 1), (0, 1), (0, 1), (0, 1), (0, 1), (0, 1), (0, 1), (0, 1), (0, 1), (0, 1), (0, 1), (0, 1), (0, 1), (0, 1), (0, 1), (0, 1), (0, 1), (0, 1), (0, 2), (0, 2), (0, 2), (0, 1), (0, 2), (0, 2), (1, 2), (0, 2), (0, 2), (0, 2), (0, 2), (0, 2), (0, 2), (0, 2), (1, 2), (1, 2), (0, 2), (0, 2), (0, 2), (0, 2), (0, 2), (0, 1), (0, 2), (0, 2), (0, 2), (0, 2), (0, 2), (0, 2), (0, 2), (0, 1), (0, 1), (0, 2), (0, 2), (0, 2), (0, 2), (0, 1), (0, 2), (0, 2), (0, 2), (0, 2), (0, 2), (0, 2), (0, 2), (0, 2), (1, 2), (0, 2), (0, 2), (0, 2), (0, 2), (0, 2), (0, 1), (0, 2), (0, 2), (1, 2), (0, 3), (0, 2), (1, 2), (0, 3), (0, 2), (0, 3), (0, 3), (0, 3), (1, 3), (0, 3), (1, 3), (0, 3), (0, 3), (1, 3), (0, 3), (0, 2), (0, 3), (0, 3), (0, 3), (1, 3), (0, 3), (1, 2), (0, 3), (1, 2), (1, 3), (0, 2), (0, 3), (0, 3), (1, 2), (0, 3), (0, 2), (1, 2), (0, 3), (0, 1), (1, 3), (0, 3), (1, 2), (0, 2), (0, 3), (0, 3), (0, 3), (0, 3), (0, 3), (1, 3), (0, 3), (0, 3), (1, 2), (0, 3), (1, 3), (0, 3), (0, 3), (0, 3), (0, 1), (1, 3), (0, 3), (1, 2), (0, 3), (0, 3), (1, 2), (0, 3), (1, 2), (1, 3), (0, 3), (1, 2), (1, 4), (0, 4), (0, 2), (0, 4), (0, 3), (1, 4), (0, 4), (1, 4), (2, 3), (1, 4), (1, 4), (0, 4), (0, 3), (1, 4), (0, 4), (0, 2), (1, 2), (2, 3), (0, 4), (1, 4), (1, 4), (1, 4), (1, 4), (2, 3), (1, 4), (0, 3), (1, 3), (0, 4), (1, 2), (1, 3), (1, 4), (0, 3), (0, 4), (1, 3), (0, 4), (0, 3), (1, 2), (0, 4), (1, 2), (0, 4), (0, 4), (0, 2), (0, 4), (1, 4), (1, 3), (0, 4), (1, 3), (1, 3), (0, 4), (1, 4), (1, 3), (0, 4), (0, 4), (1, 2), (1, 4), (0, 4), (0, 4), (0, 2), (0, 4), (1, 2), (0, 4), (2, 3), (0, 4), (1, 2), (1, 3), (0, 4), (1, 2), (0, 4), (1, 2), (2, 3), (1, 3), (2, 3), (0, 4), (0, 2), (1, 4), (0, 5), (1, 3), (0, 5), (1, 2), (1, 5), (2, 3), (0, 5), (0, 2), (0, 5), (1, 4), (0, 5), (1, 2), (2, 3), (0, 4), (0, 5), (1, 2), (0, 3), (3, 4), (0, 5), (1, 3), (0, 4), (1, 3), (0, 4), (1, 2), (3, 4), (0, 5), (2, 3), (1, 3), (2, 3), (2, 4), (0, 5), (2, 3), (3, 4), (0, 5), (2, 3), (0, 4), (2, 4), (1, 5), (0, 5), (1, 3), (1, 3), (0, 4), (2, 4), (3, 4), (1, 5), (2, 5), (0, 5), (0, 5), (1, 3), (2, 5), (0, 5), (1, 2), (0, 4), (0, 2), (0, 5), (1, 3), (1, 3), (1, 4), (0, 5), (2, 4), (0, 5), (1, 3), (2, 3), (3, 4), (0, 5), (1, 2), (1, 3), (1, 4), (2, 4), (0, 5), (0, 4), (1, 2), (0, 5), (1, 5), (1, 5), (0, 5), (1, 2), (0, 4), (1, 2), (2, 5), (0, 6), (2, 3), (3, 4), (2, 6), (3, 5), (0, 6), (2, 4), (1, 5), (3, 5), (4, 5), (2, 6), (1, 5), (1, 3), (0, 6), (2, 3), (0, 6), (3, 5), (1, 6), (2, 3), (1, 5), (3, 4), (2, 6), (3, 4), (0, 6), (3, 4), (0, 6), (2, 3), (2, 4), (0, 6), (0, 2), (1, 5), (0, 6), (1, 2), (1, 4), (3, 5), (0, 6), (2, 3), (1, 4), (2, 5), (0, 6), (2, 3), (0, 6), (1, 3), (2, 3), (0, 6), (2, 3), (2, 6), (2, 5), (0, 6), (1, 2), (2, 3), (0, 4), (1, 2), (1, 5), (2, 3), (0, 5), (1, 6), (0, 4), (2, 3), (0, 6), (0, 6), (2, 3), (2, 4), (0, 5), (0, 6), (2, 3), (2, 6), (2, 5), (0, 6), (0, 5), (1, 6), (2, 5), (1, 6), (4, 6), (0, 7), (1, 2), (3, 5), (1, 6), (4, 6), (0, 7), (4, 5), (0, 6), (1, 4), (3, 4), (5, 6), (0, 7), (3, 5), (0, 6), (4, 5), (0, 6), (1, 6), (3, 4), (1, 5), (1, 6), (5, 6), (0, 7), (1, 2), (2, 3), (3, 5), (3, 5), (0, 6), (1, 2), (1, 3), (3, 5), (1, 6), (4, 5), (3, 6), (1, 7), (1, 3), (3, 4), (0, 6), (1, 3), (0, 5), (2, 4), (2, 4), (4, 5), (0, 6), (3, 4), (5, 6), (4, 7), (2, 4), (4, 5), (2, 6), (2, 7), (2, 4), (3, 4), (2, 5), (1, 7), (0, 3), (1, 3), (2, 3), (0, 6), (1, 2), (3, 4), (2, 6), (3, 4), (0, 7), (2, 3), (1, 6), (0, 7), (4, 5), (0, 7), (3, 4), (1, 7), (2, 4), (2, 6), (3, 5), (4, 5), (0, 7), (2, 3), (4, 5), (1, 6), (4, 5), (5, 6), (0, 7), (3, 4), (0, 6), (1, 2), (3, 5), (0, 7), (1, 3), (0, 5), (2, 3), (5, 6), (0, 7), (0, 3), (5, 6), (1, 7), (4, 5), (1, 8), (1, 3), (1, 5), (2, 4), (3, 4), (2, 7), (6, 7), (0, 8), (1, 4), (0, 8), (1, 2), (1, 3), (4, 5), (4, 7), (0, 8), (2, 4), (4, 5), (3, 6), (5, 6), (0, 7), (2, 4), (1, 5), (2, 3), (4, 6), (2, 7), (1, 5), (1, 7), (1, 5), (2, 6), (3, 4), (2, 6), (3, 6), (5, 6), (1, 8), (1, 3), (2, 4), (5, 7), (6, 7), (1, 8), (3, 4), (1, 6), (2, 3), (0, 8), (1, 3), (0, 4), (0, 5), (2, 3), (5, 7), (0, 8), (3, 4), (1, 8), (2, 3), (3, 6), (2, 6), (4, 5), (0, 7), (3, 4), (2, 5), (5, 6), (1, 7), (3, 4), (5, 7), (0, 8), (1, 4), (0, 7), (4, 6), (0, 7), (2, 3), (3, 6), (4, 7), (5, 7), (6, 7), (2, 8), (3, 4), (3, 5), (4, 5), (1, 6), (4, 6), (5, 6), (2, 6), (4, 5), (4, 6), (5, 6), (0, 7), (2, 3), (4, 5), (3, 6), (4, 5), (3, 6), (4, 5), (4, 6), (0, 7), (1, 2), (2, 3), (0, 5), (1, 2), (2, 3), (5, 6), (1, 8), (2, 3), (2, 6), (3, 5), (4, 5), (3, 6), (4, 6), (4, 7), (0, 8), (2, 3), (2, 5), (0, 8), (2, 4), (3, 4), (2, 5), (0, 6), (4, 5), (1, 8), (3, 5), (0, 7), (0, 5), (0, 8), (1, 2), (4, 5), (3, 5), (4, 5), (3, 6), (0, 8), (1, 4), (2, 3), (1, 5), (4, 6), (0, 7), (2, 4), (2, 4), (4, 5), (5, 6), (0, 8), (1, 5), (4, 5), (3, 6), (1, 5), (3, 8), (4, 7), (1, 8), (4, 6), (6, 7), (0, 9), (4, 5), (1, 9), (3, 4), (5, 8), (7, 8), (0, 9), (1, 8), (3, 4), (0, 9), (3, 4), (2, 7), (5, 7), (0, 9), (2, 4), (4, 7), (2, 9), (1, 5), (6, 7), (0, 9), (2, 4), (3, 4), (3, 6), (4, 6), (6, 7), (5, 7), (6, 7), (1, 9), (0, 4), (1, 2), (0, 3), (1, 2), (1, 3), (3, 5), (4, 7), (0, 8), (1, 2), (0, 3), (0, 8), (0, 9), (2, 5), (3, 6), (0, 8), (2, 4), (0, 5), (4, 5), (5, 7), (1, 8), (4, 6), (4, 7), (6, 7), (0, 9), (2, 5), (2, 6), (3, 4), (3, 5), (2, 7), (1, 8), (3, 5), (4, 5), (0, 9), (1, 2), (1, 3), (2, 3), (2, 4), (5, 6), (0, 7), (0, 4), (4, 5), (4, 7), (5, 6), (0, 9), (1, 4), (1, 5), (3, 6), (4, 8), (5, 8), (0, 9), (2, 3), (1, 4), (1, 6), (3, 5), (6, 7), (1, 8), (2, 4), (5, 6), (6, 7), (1, 9), (3, 4), (0, 8), (5, 6), (0, 9), (1, 2), (2, 3), (2, 6), (5, 6), (1, 8), (2, 4), (4, 5), (0, 9), (3, 7), (6, 7), (0, 8), (2, 4), (2, 5), (3, 5), (4, 5), (6, 7), (2, 10), (2, 4), (5, 6), (7, 8), (0, 9), (1, 2), (5, 7), (6, 7), (7, 8), (8, 9), (0, 10), (2, 4), (5, 6), (1, 7), (2, 4), (3, 5), (0, 9), (3, 4), (5, 7), (3, 10), (4, 5), (4, 6), (5, 6), (5, 7), (6, 7), (2, 9), (6, 7), (6, 8), (4, 9), (6, 8), (7, 8), (1, 10), (2, 3), (2, 4), (5, 7), (7, 8), (1, 9), (2, 3), (4, 6), (5, 6), (2, 9), (5, 6), (4, 9), (6, 7), (0, 10), (0, 3), (6, 7), (6, 8), (4, 9), (7, 8), (4, 9), (5, 6), (0, 10), (1, 4), (5, 7), (6, 7), (1, 10), (6, 8), (5, 9), (2, 10), (3, 5), (3, 6), (4, 5), (3, 8), (2, 4), (3, 4), (2, 7), (3, 4), (1, 6), (2, 3), (1, 9), (7, 9), (2, 10), (4, 5), (0, 6), (2, 3), (2, 8), (0, 9), (3, 6), (4, 5), (3, 6), (6, 7), (0, 10), (1, 2), (0, 4), (5, 8), (5, 9), (7, 8), (0, 10), (1, 2), (0, 3), (4, 6), (2, 9), (3, 4), (0, 6), (2, 7), (8, 9), (0, 10), (1, 2), (1, 3), (3, 4), (4, 5), (5, 6), (4, 7), (5, 7), (6, 7), (1, 8), (2, 3), (5, 6), (7, 8), (0, 10), (1, 2), (2, 5), (4, 5), (6, 7), (2, 8), (1, 5), (2, 3), (3, 4), (4, 9), (3, 10), (0, 4), (1, 4), (2, 4), (3, 5), (4, 6), (4, 7), (5, 7), (6, 7), (0, 8), (2, 3), (0, 6), (2, 3), (2, 5), (3, 4), (5, 6), (2, 7), (3, 4), (3, 6), (4, 5), (7, 8), (2, 10), (3, 4), (0, 5), (2, 10), (1, 4), (2, 3), (5, 6), (0, 11), (3, 5), (4, 5), (1, 6), (3, 4), (6, 7), (2, 8), (9, 10), (0, 11), (0, 2), (3, 4), (9, 10), (5, 11), (7, 8), (4, 9), (3, 11), (0, 6), (2, 3), (7, 8), (4, 9), (6, 7), (4, 8), (1, 6), (2, 3), (3, 4), (4, 5), (5, 6), (3, 7), (2, 8), (3, 4), (0, 10), (1, 2), (3, 4), (2, 5), (3, 4), (4, 5), (0, 6), (1, 3), (2, 3), (0, 7), (2, 5), (3, 5), (0, 11), (2, 5), (0, 6), (3, 8), (4, 5), (3, 10), (7, 8), (8, 9), (2, 10), (5, 7), (6, 9), (5, 7), (6, 7), (5, 10), (6, 9), (7, 8), (0, 11), (3, 5), (7, 9), (9, 10), (0, 11), (2, 4), (5, 6), (4, 10), (5, 6), (0, 11), (3, 4), (4, 5), (5, 6), (7, 8), (0, 11), (2, 3), (2, 6), (2, 7), (6, 7), (6, 8), (7, 10), (0, 11), (1, 2), (3, 4), (1, 7), (2, 3), (3, 7), (7, 8), (7, 9), (9, 10), (1, 11), (4, 6), (1, 9), (2, 3), (4, 6), (7, 8), (6, 9), (7, 9), (2, 11), (4, 5), (6, 7), (2, 8), (7, 8), (5, 9), (3, 7), (4, 6), (5, 6), (7, 8), (0, 11), (1, 2), (0, 3), (4, 7), (6, 8), (7, 9), (4, 10), (2, 4), (3, 6), (5, 6), (4, 8), (5, 6), (6, 7), (0, 10), (2, 4), (4, 5), (3, 7), (4, 5), (7, 8), (2, 9), (0, 5), (6, 9), (1, 11), (1, 5), (4, 5), (1, 6), (2, 4), (3, 4), (4, 6), (5, 6), (2, 8), (3, 4), (4, 9), (0, 6), (1, 5), (2, 4), (3, 4), (2, 5), (4, 5), (3, 6), (4, 5), (6, 7), (0, 9), (2, 4), (3, 4), (2, 5), (3, 4), (2, 8), (3, 6), (4, 6), (5, 6), (3, 7), (5, 6), (4, 8), (5, 6), (2, 9), (3, 6), (4, 6), (7, 10), (4, 8), (0, 12), (1, 3), (2, 3), (2, 5), (3, 4), (4, 5), (6, 7), (7, 9), (0, 10), (1, 4), (6, 7), (5, 10), (7, 9), (8, 10), (0, 11), (1, 3), (1, 4), (5, 6), (7, 9), (3, 12), (6, 7), (9, 10), (5, 11), (3, 7), (4, 6), (2, 8), (7, 8), (9, 10), (3, 12), (4, 5), (4, 6), (5, 8), (7, 9), (8, 9), (3, 10), (5, 7), (6, 7), (0, 12), (2, 5), (1, 6), (0, 7), (3, 4), (6, 8), (5, 8), (6, 8), (7, 8), (0, 10), (3, 5), (0, 6), (5, 7), (6, 7), (6, 8), (7, 9), (3, 11), (3, 5), (0, 7), (1, 3), (2, 3), (8, 9), (0, 10), (3, 4), (3, 5), (6, 8), (0, 11), (4, 5), (1, 7), (3, 4), (5, 7), (3, 11), (2, 12), (3, 5), (4, 5), (3, 6), (3, 9), (4, 5), (6, 7), (8, 9), (0, 11), (2, 3), (7, 8), (3, 11), (8, 9), (2, 12), (3, 4), (3, 5), (5, 6), (5, 9), (5, 8), (7, 8), (4, 10), (3, 5), (1, 6), (3, 4), (7, 8), (7, 9), (2, 11), (2, 4), (0, 7), (2, 3), (4, 7), (6, 7), (5, 8), (6, 10), (7, 9), (8, 9), (6, 10), (7, 8), (9, 10), (0, 11), (1, 2), (1, 4), (4, 5), (1, 6), (4, 5), (4, 6), (5, 6), (1, 8), (2, 9), (6, 8), (7, 8), (0, 12), (1, 3), (1, 4), (2, 5), (3, 4), (6, 8), (7, 8), (5, 9), (0, 6), (2, 3), (3, 4), (4, 5), (1, 6), (2, 3), (7, 9), (8, 9), (3, 10), (4, 5), (8, 10), (0, 11), (2, 3), (4, 6), (5, 8), (8, 9), (0, 10), (5, 7), (6, 8), (0, 12), (2, 7), (4, 5), (6, 7), (3, 7), (5, 8), (4, 9), (5, 6), (4, 8), (6, 7), (5, 8), (6, 8), (7, 9), (4, 11), (2, 8), (3, 5), (4, 5), (7, 8), (7, 9), (3, 9), (4, 7), (6, 7), (5, 9), (6, 10), (4, 10), (5, 6), (5, 8), (6, 8), (7, 8), (0, 12), (4, 6), (3, 8), (5, 7), (6, 8), (7, 8), (4, 9), (6, 10), (7, 8), (9, 10), (3, 12), (2, 6), (3, 11), (5, 6), (8, 11), (9, 10), (9, 11), (3, 12), (3, 5), (6, 7), (1, 9), (0, 11), (2, 9), (5, 6), (6, 7), (7, 8), (6, 9), (5, 11), (1, 12), (2, 4), (3, 4), (1, 5), (2, 3), (4, 5), (4, 6), (6, 9), (8, 9), (1, 11), (3, 4), (2, 5), (3, 4), (2, 5), (4, 7), (0, 8), (1, 2), (5, 6), (3, 6), (4, 6), (5, 6), (5, 10), (5, 11), (4, 6), (5, 6), (1, 7), (2, 7), (4, 5), (3, 6), (5, 7), (0, 8), (1, 2), (2, 5), (1, 6), (4, 5), (4, 6), (6, 7), (5, 8), (0, 9), (1, 4), (3, 4), (5, 7), (9, 10), (10, 11), (0, 12), (1, 4), (2, 3), (1, 5), (2, 3), (1, 9), (2, 5), (7, 8), (7, 9), (6, 10), (3, 8), (5, 7), (6, 7), (4, 11), (5, 6), (8, 9), (5, 10), (9, 10), (3, 12), (6, 7), (7, 8), (8, 9), (5, 10), (6, 7), (6, 8), (9, 11), (7, 12), (8, 9), (1, 10), (3, 6), (4, 5), (4, 6), (2, 8), (4, 5), (5, 6), (4, 7), (5, 6), (0, 13), (1, 3), (4, 6), (5, 6), (3, 8), (5, 8), (6, 7), (7, 8), (5, 9), (7, 8), (6, 9), (7, 9), (8, 9), (6, 10), (7, 10), (1, 11), (3, 5), (6, 7), (8, 11), (10, 11), (5, 12), (8, 9), (6, 10), (8, 9), (1, 13), (4, 5), (4, 6), (0, 8), (7, 8), (7, 9), (2, 13), (0, 9), (2, 4), (0, 5), (8, 9), (10, 12), (11, 12), (6, 13), (6, 10), (7, 11), (6, 12), (6, 8), (3, 10), (2, 7), (4, 5), (5, 6), (6, 7), (7, 8), (9, 10), (2, 11), (3, 4), (3, 7), (5, 7), (6, 7), (0, 13), (4, 5), (2, 6), (4, 7), (8, 9), (8, 11), (10, 11), (10, 12), (11, 12), (0, 13), (1, 2), (3, 4), (2, 5), (4, 5), (6, 7), (8, 10), (9, 11), (2, 12), (4, 5), (6, 7), (8, 9), (1, 10), (4, 5), (6, 7), (8, 10), (9, 10), (8, 12), (0, 12), (1, 2), (2, 3), (3, 4), (5, 8), (6, 8), (7, 8), (6, 12), (0, 13), (1, 3), (7, 8), (8, 9), (1, 10), (3, 5), (2, 6), (0, 7), (8, 11), (9, 10), (0, 12), (2, 3), (4, 7), (5, 7), (5, 8), (3, 9), (4, 6), (5, 6), (2, 7), (3, 5), (4, 5), (5, 7), (6, 7), (7, 8), (8, 9), (2, 10), (5, 6), (3, 7), (4, 5), (5, 6), (7, 8), (2, 12), (4, 5), (4, 7), (6, 7), (8, 10), (9, 10), (0, 11), (5, 6), (7, 8), (8, 9), (3, 13), (2, 6), (3, 4), (6, 7), (6, 9), (7, 9), (7, 10), (8, 9), (9, 10), (2, 12), (3, 4), (0, 5), (1, 3), (3, 4), (0, 6), (1, 5), (3, 4), (2, 4), (3, 4), (4, 5), (5, 6), (5, 9), (3, 7), (4, 5), (4, 6), (5, 6), (6, 7), (8, 10), (8, 11), (6, 12), (3, 7), (2, 3), (5, 7), (4, 7), (5, 6), (8, 10), (0, 13), (1, 2), (1, 5), (7, 10), (8, 9), (6, 11), (7, 10), (9, 10), (7, 12), (8, 9), (8, 10), (8, 12), (10, 11), (9, 12), (11, 12), (0, 14), (1, 2), (3, 5), (4, 5), (2, 6), (2, 7), (4, 7), (3, 9), (4, 6), (5, 6), (2, 11), (2, 4), (3, 4), (6, 9), (5, 9), (9, 10), (5, 11), (0, 13), (6, 7), (7, 8), (8, 9), (9, 10), (1, 14), (3, 4), (0, 5), (1, 2), (0, 3), (2, 4), (4, 5), (6, 7), (9, 10), (9, 11), (0, 13), (3, 4), (8, 10), (0, 13), (2, 3), (2, 4), (5, 6), (7, 8), (7, 9), (9, 10), (1, 11), (3, 5), (2, 6), (4, 5), (6, 8), (8, 9), (7, 11), (4, 12), (5, 7), (2, 10), (3, 8), (4, 5), (4, 11), (5, 6), (7, 9), (5, 11), (2, 13), (3, 5), (2, 7), (4, 7), (4, 8), (5, 6), (5, 7), (7, 9), (8, 9), (5, 10), (7, 11), (8, 9), (10, 11), (10, 13), (11, 12), (0, 14), (4, 6), (1, 7), (6, 7), (7, 10), (9, 10), (4, 12), (5, 6), (7, 8), (4, 14), (3, 8), (7, 9), (9, 11), (7, 12), (9, 10), (7, 12), (9, 11), (10, 11), (9, 12), (10, 11), (10, 12), (11, 12), (7, 13), (8, 9), (8, 12), (2, 13), (8, 9), (11, 13), (1, 14), (0, 4), (2, 3), (4, 5), (4, 8), (3, 8), (7, 8), (7, 10), (9, 10), (9, 12), (10, 11), (10, 12), (2, 13), (4, 7), (5, 6), (4, 7), (4, 9), (8, 9), (5, 13), (4, 7), (5, 6), (7, 8), (0, 10), (1, 2), (2, 9), (5, 7), (5, 7), (0, 11), (2, 4), (4, 5), (1, 6), (4, 6), (5, 7), (6, 7), (9, 12), (0, 14), (0, 3), (2, 4), (2, 7), (3, 4), (8, 9), (7, 9), (8, 9), (5, 11), (0, 12), (1, 3), (2, 3), (1, 4), (8, 9), (3, 10), (3, 6), (5, 6), (9, 10), (3, 11), (6, 7), (4, 10), (5, 6), (9, 10), (10, 11), (12, 13), (0, 14), (1, 3), (4, 9), (5, 6), (5, 7), (6, 8), (7, 8), (1, 12), (2, 3), (3, 4), (6, 7), (5, 11), (9, 12), (10, 12), (11, 12), (6, 13), (7, 8), (7, 9), (1, 14), (3, 4), (3, 5), (4, 8), (5, 6), (8, 10), (9, 10), (1, 12), (7, 8), (10, 11), (10, 12), (11, 12), (4, 14), (6, 7), (8, 9), (9, 10), (6, 11), (7, 8), (0, 13), (6, 9), (7, 8), (7, 9), (11, 12), (9, 13), (1, 14), (2, 3), (2, 4), (5, 6), (9, 10), (12, 13), (10, 14), (11, 13), (12, 13), (12, 14), (13, 14)]
