results/deeplll10/ndim20seed1cnt1000dim20delta0.98999995.txt: 131.365 sec
b: [[0, 0, -1, 6, 1, 9, 4, 2, 8, -2, -1, 1, -4, 1, 1, 5, 2, 1, -4, -5],
 [-5, -1, 3, -1, 4, -1, 0, -2, -5, 8, -1, 2, 0, 1, -10, 3, -1, -2, -5, 6],
 [2, 2, -4, -3, 7, 3, -3, 0, 7, -2, -3, 1, 1, -4, 5, -6, 10, 0, -2, 3],
 [4, -2, 0, 1, 1, -2, 5, 0, 0, 10, -1, 0, -3, -7, -5, 8, -3, 2, 7, 0],
 [2, -5, 2, -2, 4, 9, -7, 0, 5, -2, 2, 6, 3, 0, 4, -9, -3, -2, -1, 2],
 [1, -4, 4, -7, -1, 2, -1, -8, 6, 4, 1, 6, -1, 3, 1, 3, 5, -6, 2, -3],
 [5, -5, -5, -5, 0, -1, 0, -2, -7, 3, 2, -7, -3, -1, -7, 3, -10, 1, -3, 10],
 [7, -2, -4, 7, -3, -10, -1, -1, 3, 1, -6, 5, -1, 2, 1, 0, -5, 3, -1, 4],
 [4, -1, -5, -2, 2, 2, -1, 10, -5, 3, 3, -11, 4, -6, 7, 9, 2, 4, -1, -1],
 [8, -5, -5, 1, 4, -8, 6, 1, -4, -6, 1, 7, -4, 0, -2, 6, -2, 3, -5, -1],
 [-6, -3, -3, 7, -8, -3, 6, 4, 4, 6, -5, -2, -4, -7, -1, 0, -2, -1, -5, 7],
 [2, -4, -1, 0, -2, 5, -4, 12, 3, -2, 11, 5, -6, 1, 3, 2, -1, 0, -4, 0],
 [8, 5, 8, 4, -4, 5, -9, 1, 9, -2, 3, -1, 4, 5, -3, -4, 5, -3, -3, 1],
 [6, -4, 4, -5, -3, -4, 0, 0, 11, -9, 4, 3, -4, -4, -4, 7, -6, 1, 6, 3],
 [-2, 6, 8, -8, -2, 3, -7, -2, -2, -5, -2, 6, 1, -6, 6, -1, 3, 3, 3, 6],
 [1, 4, 3, 1, -1, -7, -2, -8, -1, 1, 2, -6, 2, -11, 3, 3, 6, -1, 3, 0],
 [4, 1, 5, -2, -8, -3, -2, -6, -2, -6, 3, 14, 11, 5, -2, -4, -4, 2, 4, -3],
 [3, 1, -7, -7, -2, -2, 0, -12, -1, 2, -7, 2, -1, -1, 3, -2, 1, 2, 1, 7],
 [-6, -3, -1, -4, 4, 2, 0, 1, -3, -3, -5, 10, 4, 0, 2, -7, -1, 1, -5, 5],
 [4, 5, -2, 5, -1, -10, -6, -3, -6, 9, -5, -1, -4, 2, 8, 2, 3, 2, 3, 0]], shape=[20, 20], strides=[20, 1], layout=Cc (0x5), const ndim=2
v_norms: [298, 91205/298, 5888946/18241, 4434858809/14722365, 1193067143094/4434858809, 58838807872924/198844523849, 16161601411018971/58838807872924, 20682020140808848505/64646405644075884, 15805520600596811929628/62046060422426545515, 89422094701389707424905/322561644910139018972, 1032083978373958853438275857/4381682640368095663820345, 205149991556118805302274176733/1032083978373958853438275857, 43513465376596132777051253654489/205149991556118805302274176733, 9500185642909689917895772727006375/43513465376596132777051253654489, 2135280298078303004558454968236348471/9500185642909689917895772727006375, 269127707597075714704259292219572858819/2135280298078303004558454968236348471, 30490140056733405891120554318864341784430/269127707597075714704259292219572858819, 21345218233151316674122892053009/3387793339637045099013394924318260198270, 87276232578648101/192106964098361850067106028477081, 1/87276232578648101], shape=[20], strides=[1], layout=CFcf (0xf), const ndim=1
Mu { arr: [-79/298, 26/149, -4900/18241, -1/149, 29344/91205, -868267/2944473, 12/149, -17176/91205, 1298113/2944473, -1432850336/4434858809, 15/149, 8926/91205, 945089/5888946, 409907011/4434858809, 114387689533/397689047698, -147/298, 41729/91205, -269764/981491, 1012823094/4434858809, 24802672753/198844523849, -21211877782005/58838807872924, -18/149, -9698/91205, -113251/841278, 918871702/4434858809, -15309890227/596533571547, -20281753013927/117677615745848, 2401567926958757/32323202822037942, 8/149, -23172/91205, -5107/981491, 1805400108/4434858809, -366192851153/1193067143094, -55006557142739/117677615745848, 10524775998684385/32323202822037942, -10251136700001173819/20682020140808848505, 23/298, 4499/91205, -200523/981491, 807482244/4434858809, -41547366321/198844523849, -6981304980547/58838807872924, 5538953216543965/16161601411018971, 10127036322902127668/20682020140808848505, 135250608851735493377/2257931514370973132804, 53/298, 28921/91205, -623443/5888946, 1119674041/4434858809, -149348400143/596533571547, -43747959643875/117677615745848, 908645285023345/32323202822037942, 7182342401007490087/20682020140808848505, -1418734031728605771219/15805520600596811929628, -283396027890549421969979/625954662909727951974335, 63/149, -13886/91205, -611143/5888946, -795624671/4434858809, 264732989758/596533571547, -16739457471735/117677615745848, 5476870960611701/32323202822037942, -396862301516982347/4136404028161769701, 1625954066484513688840/3951380150149202982407, 197161930087669098615692/625954662909727951974335, 324240080050776129805074989/1032083978373958853438275857, 75/298, -861/5365, 478635/1962982, -1803213072/4434858809, 365580321851/1193067143094, 5193207942823/29419403936462, -1904864940286874/16161601411018971, 2801473131288457922/20682020140808848505, 837822328439959736911/15805520600596811929628, -283355541790069682896813/625954662909727951974335, -447781178834393343184222756/1032083978373958853438275857, 95543619427452558761502147925/205149991556118805302274176733, 25/298, -25739/91205, -514179/1962982, 1752265446/4434858809, 123372130225/397689047698, 16007405809653/58838807872924, 5886104231409721/16161601411018971, 3903068801407896788/20682020140808848505, -2623986893878104229403/7902760300298405964814, 35038937528699397675582/125190932581945590394867, 76764568444807608927851600/1032083978373958853438275857, 83572094458630630532629022329/205149991556118805302274176733, 16450078495683144907644925548410/43513465376596132777051253654489, -103/298, -21249/91205, 2295059/5888946, -598438574/4434858809, 80219077047/397689047698, 2450974469708/14709701968231, -1320222635921956/5387200470339657, -902126155525353804/4136404028161769701, -766085635007384465175/15805520600596811929628, -27690184891094018177039/625954662909727951974335, -13627647512654474641684108/1032083978373958853438275857, 24792942644004862669584326536/205149991556118805302274176733, -199937383337757032507046197313/43513465376596132777051253654489, 4704564191392354955238147467896834/9500185642909689917895772727006375, -105/298, -18427/91205, 44049/280426, 1812969543/4434858809, -177038454689/397689047698, 5721570132491/29419403936462, -2059608166579034/16161601411018971, -678812181353774690/4136404028161769701, 179575501977956635445/3951380150149202982407, -99553150643452973282612/625954662909727951974335, 19376143390973984999609077/344027992791319617812758619, -49003324904779941322543158408/205149991556118805302274176733, 17033139814978113013935958344068/43513465376596132777051253654489, 1187450437887943241664851166524974/9500185642909689917895772727006375, 428326637677535838475370449639878131/2135280298078303004558454968236348471, -133/298, -28089/91205, -49560/140213, -1666802214/4434858809, 11277561377/23393473394, 50144202652129/117677615745848, -1512940526189203/3591466980226438, 7541854125689256561/20682020140808848505, -117590117458017909414/564482878592743283201, 29670507146150979546112/89422094701389707424905, -302287569287318298487153742/1032083978373958853438275857, -27404040462755858074549539571/205149991556118805302274176733, 14890876938171003118053269558997/43513465376596132777051253654489, 832498342004144418289015091498057/9500185642909689917895772727006375, 625457961725472207697729847032208833/2135280298078303004558454968236348471, -82240550681733321934667418190621652653/269127707597075714704259292219572858819, -121/298, -5089/91205, 378582/981491, 889271346/4434858809, -141272573855/1193067143094, 34776860506675/117677615745848, 15422355639704159/32323202822037942, 7067916302954073791/20682020140808848505, -4477708754532039566577/15805520600596811929628, -103375495602740619490333/625954662909727951974335, -32667268153132064956213316/1032083978373958853438275857, -78810679463073963841900932418/205149991556118805302274176733, -16350566979310676637750561995812/43513465376596132777051253654489, -1242056312246303744182028256041591/9500185642909689917895772727006375, 931129728627153964793391685107432521/2135280298078303004558454968236348471, -14088747479050331066713616738137857333/269127707597075714704259292219572858819, 3562582549239662078947691186187814192603/10163380018911135297040184772954780594810, -57/298, 17847/91205, 362303/841278, -1967684033/4434858809, 209308377659/596533571547, -19579318098301/117677615745848, -5802013986808441/32323202822037942, 3199423916576716499/20682020140808848505, -248923285582741435152/3951380150149202982407, 200260414175286136032344/625954662909727951974335, 314831383267226296302011413/1032083978373958853438275857, -61952252117804429144393920744/205149991556118805302274176733, -17418468679262103681152004229094/43513465376596132777051253654489, 856906324592850350286780705997159/9500185642909689917895772727006375, 514077394567713050416323263862739396/2135280298078303004558454968236348471, -118256327777759228273388244715364485597/269127707597075714704259292219572858819, 6293283498758460431729051184534833754923/30490140056733405891120554318864341784430, 30407631222204930873899275714889/64035654699453950022368676159027, -119/298, -2655/18241, -2259/140213, 1428068880/4434858809, -559558091227/1193067143094, 7357218829653/117677615745848, -6412795278042967/32323202822037942, 10155215438332677797/20682020140808848505, 5961564246358359922831/15805520600596811929628, -184039386435447145010909/625954662909727951974335, -110651673723846808753049846/344027992791319617812758619, 27105261439508504323916292729/205149991556118805302274176733, -15157805375615965900357804965721/43513465376596132777051253654489, -4542028066766749799090548542653249/9500185642909689917895772727006375, 628045916825864843429183051908128894/2135280298078303004558454968236348471, 122182943715117109373388371205634025257/269127707597075714704259292219572858819, -7344142898404866825921198759466485216496/15245070028366702945560277159432170892215, 18251409532009088656789337213884/64035654699453950022368676159027, 1733185383279403/87276232578648101] }
(hist.len, cnt): (1435, 32221)
[(0, 1), (0, 1), (1, 2), (0, 2), (1, 2), (0, 3), (0, 3), (0, 3), (1, 2), (0, 3), (1, 3), (0, 4), (0, 3), (0, 4), (1, 2), (0, 3), (1, 2), (2, 3), (3, 5), (0, 5), (2, 3), (2, 4), (3, 4), (0, 5), (2, 5), (3, 4), (0, 5), (1, 3), (4, 5), (2, 6), (3, 5), (0, 6), (3, 5), (0, 6), (1, 2), (2, 3), (0, 5), (3, 6), (1, 6), (2, 6), (0, 7), (1, 5), (3, 6), (1, 7), (3, 5), (0, 6), (0, 2), (2, 6), (3, 4), (0, 7), (1, 2), (3, 4), (2, 5), (0, 6), (0, 7), (1, 2), (3, 5), (1, 7), (2, 3), (3, 4), (5, 6), (4, 7), (1, 4), (0, 3), (4, 6), (5, 6), (0, 7), (3, 5), (2, 5), (4, 6), (1, 7), (4, 5), (3, 7), (4, 6), (5, 6), (1, 8), (2, 4), (3, 4), (4, 5), (5, 6), (4, 6), (5, 6), (2, 7), (3, 4), (4, 5), (5, 6), (4, 7), (0, 8), (2, 3), (3, 5), (1, 6), (2, 3), (0, 8), (1, 3), (0, 7), (1, 2), (4, 5), (5, 6), (0, 8), (1, 2), (4, 5), (0, 7), (1, 2), (1, 3), (1, 7), (5, 8), (6, 7), (0, 9), (1, 2), (1, 3), (2, 3), (1, 4), (2, 3), (0, 5), (4, 6), (5, 6), (0, 7), (3, 6), (5, 6), (0, 7), (2, 3), (4, 6), (5, 6), (0, 9), (0, 2), (3, 5), (4, 5), (0, 6), (1, 2), (3, 5), (4, 6), (1, 7), (2, 9), (5, 7), (6, 7), (4, 8), (5, 7), (0, 9), (2, 5), (1, 6), (4, 5), (4, 7), (2, 8), (5, 7), (6, 7), (1, 9), (2, 3), (4, 6), (5, 6), (5, 8), (6, 7), (1, 9), (2, 3), (2, 6), (3, 4), (5, 7), (7, 8), (0, 9), (2, 5), (3, 4), (2, 6), (3, 4), (4, 5), (0, 8), (1, 2), (0, 3), (2, 3), (4, 5), (2, 9), (3, 4), (3, 5), (4, 5), (2, 8), (4, 5), (4, 8), (7, 8), (0, 10), (1, 2), (3, 4), (3, 7), (2, 5), (3, 4), (4, 5), (1, 7), (2, 3), (2, 5), (4, 5), (7, 8), (1, 9), (2, 3), (2, 4), (2, 6), (3, 4), (4, 5), (4, 7), (4, 8), (0, 10), (6, 7), (7, 8), (8, 9), (0, 10), (2, 3), (2, 6), (0, 9), (2, 3), (5, 6), (8, 9), (0, 10), (3, 8), (4, 6), (5, 6), (1, 10), (2, 3), (3, 4), (0, 5), (1, 2), (3, 6), (6, 7), (1, 9), (4, 5), (4, 6), (0, 9), (3, 4), (3, 5), (3, 5), (6, 8), (7, 8), (0, 10), (2, 3), (3, 5), (4, 5), (2, 6), (0, 8), (2, 4), (3, 5), (1, 6), (5, 6), (7, 8), (0, 10), (4, 5), (8, 10), (9, 10), (2, 11), (1, 2), (2, 4), (3, 5), (6, 7), (1, 9), (2, 5), (3, 5), (1, 11), (0, 1), (1, 6), (4, 6), (5, 6), (3, 8), (4, 5), (5, 6), (6, 7), (5, 8), (0, 10), (4, 9), (7, 8), (1, 9), (2, 6), (4, 6), (5, 6), (7, 8), (1, 10), (2, 3), (4, 5), (5, 6), (5, 8), (6, 8), (5, 9), (7, 8), (2, 9), (3, 5), (4, 5), (0, 10), (2, 3), (1, 4), (2, 5), (6, 7), (4, 8), (6, 7), (0, 9), (2, 3), (3, 4), (6, 7), (2, 9), (6, 7), (6, 8), (7, 9), (6, 10), (1, 11), (3, 4), (4, 5), (5, 6), (5, 8), (0, 9), (4, 5), (3, 10), (7, 8), (9, 10), (1, 11), (0, 1), (1, 2), (2, 3), (1, 6), (6, 8), (7, 8), (8, 9), (2, 10), (1, 4), (2, 3), (4, 5), (5, 6), (3, 9), (4, 6), (5, 6), (0, 7), (2, 3), (1, 4), (4, 5), (1, 6), (3, 4), (2, 5), (3, 4), (2, 7), (7, 10), (9, 10), (1, 9), (0, 1), (4, 12), (1, 4), (2, 3), (0, 4), (7, 8), (4, 10), (5, 6), (1, 9), (7, 8), (8, 9), (9, 10), (2, 12), (0, 2), (3, 4), (1, 5), (3, 4), (5, 6), (5, 7), (5, 9), (6, 9), (9, 10), (9, 11), (3, 12), (1, 3), (4, 5), (5, 7), (6, 7), (7, 8), (4, 9), (9, 11), (2, 12), (0, 2), (1, 3), (2, 4), (7, 8), (4, 9), (5, 9), (7, 8), (6, 8), (7, 8), (1, 10), (2, 4), (3, 11), (2, 7), (6, 8), (7, 9), (1, 11), (0, 1), (3, 5), (4, 6), (3, 12), (1, 3), (2, 3), (3, 4), (5, 7), (6, 7), (2, 11), (0, 2), (1, 2), (1, 3), (2, 3), (2, 4), (6, 8), (3, 9), (4, 7), (10, 11), (7, 12), (1, 7), (3, 7), (4, 6), (5, 6), (4, 7), (0, 8), (1, 2), (2, 4), (3, 5), (7, 9), (8, 10), (9, 10), (7, 12), (1, 7), (2, 5), (4, 5), (4, 6), (5, 6), (2, 7), (3, 4), (3, 6), (8, 9), (10, 11), (9, 10), (2, 12), (0, 2), (0, 4), (2, 4), (3, 4), (0, 6), (3, 4), (5, 7), (3, 7), (3, 10), (4, 5), (6, 7), (6, 8), (2, 11), (1, 2), (6, 8), (4, 9), (5, 7), (8, 9), (0, 10), (8, 9), (1, 11), (0, 1), (3, 5), (6, 8), (6, 10), (8, 11), (9, 10), (2, 12), (1, 2), (3, 7), (4, 9), (5, 6), (5, 7), (1, 11), (0, 1), (6, 10), (4, 12), (3, 6), (3, 13), (0, 3), (1, 2), (2, 5), (4, 6), (5, 6), (4, 7), (6, 7), (8, 9), (4, 10), (5, 6), (1, 7), (5, 7), (5, 12), (3, 5), (4, 5), (3, 13), (0, 3), (4, 6), (3, 7), (5, 6), (6, 7), (5, 8), (6, 7), (1, 9), (4, 6), (5, 6), (7, 11), (6, 7), (7, 8), (3, 9), (6, 7), (8, 10), (6, 10), (8, 9), (6, 12), (7, 8), (3, 13), (0, 3), (0, 4), (1, 5), (3, 4), (7, 9), (8, 9), (3, 11), (2, 8), (6, 9), (7, 8), (6, 12), (2, 6), (3, 5), (4, 5), (3, 6), (1, 7), (2, 5), (3, 4), (4, 5), (4, 6), (5, 6), (7, 8), (7, 9), (9, 10), (10, 11), (5, 13), (0, 5), (0, 3), (1, 4), (2, 5), (0, 6), (2, 4), (2, 5), (4, 6), (7, 9), (8, 9), (5, 10), (7, 8), (8, 9), (6, 9), (2, 6), (7, 8), (8, 9), (3, 12), (1, 3), (2, 3), (3, 6), (8, 10), (9, 10), (9, 11), (8, 13), (1, 8), (0, 3), (1, 2), (4, 5), (1, 7), (0, 2), (1, 2), (1, 3), (8, 9), (4, 12), (0, 4), (6, 7), (5, 8), (2, 12), (0, 2), (4, 5), (6, 8), (4, 10), (7, 8), (5, 8), (6, 7), (7, 8), (6, 9), (7, 9), (7, 9), (3, 11), (5, 6), (8, 11), (2, 12), (0, 2), (3, 4), (4, 5), (2, 6), (3, 4), (3, 7), (2, 8), (4, 5), (7, 8), (5, 8), (6, 8), (7, 8), (8, 9), (2, 10), (3, 4), (3, 13), (0, 3), (3, 4), (3, 5), (4, 6), (5, 7), (7, 8), (8, 9), (2, 10), (7, 8), (8, 9), (9, 11), (10, 14), (7, 10), (8, 9), (6, 10), (4, 9), (1, 11), (0, 1), (2, 10), (4, 6), (5, 6), (7, 9), (6, 12), (1, 6), (2, 3), (4, 5), (9, 13), (4, 9), (2, 7), (3, 4), (3, 6), (4, 7), (5, 7), (6, 7), (2, 9), (5, 6), (3, 8), (4, 5), (3, 8), (6, 7), (10, 14), (1, 10), (2, 3), (0, 4), (1, 2), (6, 9), (4, 10), (7, 8), (0, 10), (6, 8), (7, 10), (8, 9), (9, 10), (11, 13), (6, 14), (1, 6), (4, 6), (1, 6), (4, 5), (4, 7), (6, 9), (1, 8), (2, 3), (3, 4), (4, 5), (6, 7), (5, 8), (6, 8), (7, 8), (5, 13), (0, 5), (1, 2), (3, 4), (1, 5), (2, 6), (0, 8), (6, 7), (5, 8), (6, 8), (10, 11), (1, 10), (2, 8), (4, 5), (4, 6), (5, 7), (4, 8), (5, 6), (6, 7), (3, 9), (6, 7), (2, 10), (5, 15), (0, 5), (1, 4), (3, 6), (1, 6), (6, 7), (1, 8), (4, 7), (5, 6), (5, 9), (6, 7), (8, 10), (3, 11), (6, 8), (7, 8), (4, 14), (0, 4), (2, 11), (1, 2), (3, 4), (3, 6), (4, 5), (6, 7), (7, 11), (8, 10), (9, 10), (10, 11), (11, 12), (12, 13), (10, 14), (6, 10), (6, 8), (3, 10), (4, 6), (6, 7), (7, 8), (8, 9), (8, 10), (9, 10), (8, 14), (3, 8), (4, 6), (6, 8), (7, 8), (5, 9), (7, 9), (1, 10), (2, 4), (5, 7), (6, 8), (7, 10), (8, 9), (7, 11), (5, 7), (7, 10), (9, 10), (3, 13), (0, 3), (2, 3), (8, 9), (4, 14), (2, 4), (3, 4), (8, 9), (10, 12), (9, 10), (12, 13), (11, 12), (9, 11), (7, 11), (9, 10), (4, 14), (3, 4), (5, 6), (5, 7), (7, 8), (8, 10), (9, 10), (10, 11), (4, 12), (6, 7), (8, 9), (8, 10), (9, 11), (8, 9), (6, 14), (2, 6), (5, 6), (9, 10), (10, 11), (9, 10), (2, 12), (0, 2), (1, 2), (10, 11), (8, 13), (4, 8), (9, 10), (9, 11), (11, 12), (8, 14), (4, 8), (4, 6), (6, 7), (7, 8), (8, 10), (8, 11), (7, 8), (9, 10), (9, 12), (3, 9), (2, 4), (3, 4), (4, 5), (5, 9), (6, 7), (4, 14), (0, 4), (1, 2), (2, 3), (6, 7), (6, 9), (7, 8), (7, 9), (8, 9), (10, 11), (8, 10), (12, 13), (4, 14), (1, 4), (2, 7), (5, 7), (2, 8), (6, 8), (3, 10), (7, 14), (2, 7), (3, 4), (6, 7), (8, 10), (8, 11), (4, 14), (1, 4), (6, 7), (7, 8), (6, 9), (7, 9), (8, 9), (5, 10), (7, 9), (6, 13), (2, 6), (4, 14), (1, 4), (3, 7), (3, 8), (4, 5), (5, 6), (8, 9), (4, 10), (5, 6), (5, 7), (6, 7), (8, 10), (5, 12), (6, 9), (7, 10), (6, 10), (7, 8), (9, 10), (13, 14), (14, 15), (10, 19), (1, 10), (5, 6), (6, 7), (3, 10), (6, 10), (7, 10), (8, 9), (9, 10), (5, 11), (2, 5), (3, 4), (7, 9), (8, 10), (11, 12), (10, 11), (6, 14), (0, 6), (1, 2), (2, 3), (1, 4), (5, 7), (8, 10), (1, 11), (0, 1), (4, 7), (6, 7), (8, 12), (6, 8), (3, 8), (6, 7), (7, 8), (8, 9), (9, 14), (2, 9), (3, 4), (4, 5), (5, 6), (5, 7), (6, 7), (6, 10), (9, 10), (9, 11), (3, 13), (1, 3), (2, 4), (3, 4), (5, 6), (5, 7), (6, 7), (6, 8), (9, 10), (12, 13), (5, 15), (1, 5), (2, 3), (4, 7), (6, 7), (5, 8), (6, 9), (7, 8), (7, 10), (8, 9), (6, 12), (8, 10), (9, 10), (5, 13), (3, 5), (8, 9), (5, 10), (8, 9), (6, 13), (10, 11), (7, 14), (1, 7), (8, 10), (8, 15), (3, 8), (4, 6), (6, 7), (0, 8), (1, 2), (7, 11), (6, 7), (8, 9), (3, 12), (0, 3), (1, 3), (2, 3), (4, 5), (4, 8), (6, 8), (3, 13), (0, 3), (3, 4), (6, 7), (8, 9), (5, 10), (5, 14), (1, 5), (4, 5), (2, 6), (3, 5), (4, 5), (8, 9), (7, 10), (9, 10), (2, 11), (4, 5), (5, 7), (9, 14), (1, 9), (6, 7), (3, 8), (5, 6), (5, 7), (8, 9), (2, 9), (6, 8), (7, 8), (7, 9), (2, 12), (0, 2), (1, 2), (5, 6), (3, 7), (8, 9), (1, 11), (9, 13), (7, 9), (10, 16), (6, 10), (4, 8), (5, 7), (6, 8), (6, 9), (2, 10), (11, 13), (9, 11), (3, 9), (4, 8), (5, 7), (6, 7), (10, 11), (11, 15), (5, 11), (1, 5), (3, 5), (4, 5), (4, 7), (5, 7), (4, 8), (0, 10), (2, 6), (5, 6), (7, 8), (8, 9), (7, 10), (8, 9), (8, 10), (9, 10), (1, 11), (2, 5), (3, 5), (3, 6), (8, 15), (1, 8), (3, 4), (5, 6), (2, 12), (5, 6), (3, 13), (0, 3), (3, 4), (4, 5), (5, 6), (3, 7), (4, 7), (6, 7), (0, 8), (1, 2), (6, 7), (5, 8), (6, 7), (6, 8), (0, 9), (5, 10), (5, 9), (8, 9), (4, 11), (5, 10), (7, 9), (8, 9), (6, 10), (8, 9), (8, 10), (4, 14), (1, 4), (7, 8), (8, 9), (5, 10), (6, 7), (6, 9), (7, 9), (6, 10), (7, 9), (8, 10), (8, 11), (5, 8), (6, 7), (5, 8), (7, 8), (6, 9), (7, 8), (5, 12), (4, 5), (6, 8), (6, 9), (7, 8), (7, 10), (4, 11), (7, 10), (8, 10), (9, 10), (13, 14), (11, 16), (1, 11), (2, 5), (3, 5), (4, 5), (6, 7), (9, 11), (4, 9), (5, 8), (3, 9), (4, 5), (10, 11), (12, 13), (2, 12), (0, 2), (1, 2), (9, 11), (7, 16), (0, 7), (0, 4), (2, 3), (4, 5), (2, 6), (6, 7), (5, 8), (6, 7), (5, 10), (6, 8), (7, 8), (6, 9), (3, 11), (4, 6), (5, 7), (7, 8), (2, 12), (5, 6), (2, 7), (6, 8), (6, 9), (14, 16), (9, 14), (2, 9), (3, 4), (7, 8), (6, 9), (11, 12), (6, 11), (7, 8), (8, 13), (1, 8), (2, 4), (3, 4), (6, 7), (10, 14), (6, 10), (0, 7), (1, 4), (2, 4), (3, 4), (2, 5), (3, 7), (4, 5), (6, 7), (6, 8), (4, 9), (11, 16), (3, 11), (0, 6), (1, 4), (2, 4), (3, 4), (0, 7), (7, 8), (3, 9), (4, 7), (5, 7), (6, 8), (7, 9), (8, 9), (3, 10), (8, 10), (9, 10), (8, 11), (9, 10), (11, 16), (1, 11), (0, 1), (0, 4), (2, 3), (5, 9), (6, 9), (6, 9), (6, 10), (5, 7), (6, 7), (8, 10), (11, 13), (9, 11), (4, 10), (7, 10), (8, 9), (8, 10), (6, 12), (7, 14), (3, 7), (4, 5), (0, 6), (2, 5), (3, 5), (4, 7), (6, 7), (3, 11), (2, 3), (3, 5), (8, 9), (9, 10), (10, 11), (6, 12), (1, 6), (4, 5), (0, 6), (3, 4), (3, 5), (5, 6), (3, 7), (4, 6), (7, 8), (9, 10), (15, 16), (12, 17), (3, 12), (1, 3), (2, 3), (5, 6), (4, 8), (6, 7), (7, 10), (8, 9), (10, 11), (3, 10), (4, 7), (5, 7), (6, 7), (0, 9), (3, 4), (3, 6), (4, 5), (8, 10), (7, 16), (0, 7), (1, 2), (2, 3), (3, 5), (5, 6), (4, 7), (5, 6), (4, 9), (5, 6), (3, 7), (4, 5), (8, 14), (0, 8), (1, 2), (2, 3), (1, 4), (2, 3), (4, 5), (6, 8), (5, 7), (6, 7), (9, 10), (8, 11), (1, 8), (2, 3), (5, 8), (6, 8), (7, 8), (4, 10), (5, 9), (4, 11), (11, 15), (8, 11), (7, 8), (9, 11), (6, 12), (1, 6), (2, 3), (3, 6), (14, 15), (11, 16), (8, 11), (0, 8), (2, 4), (3, 8), (6, 7), (8, 9), (9, 10), (4, 11), (3, 4), (5, 10), (6, 7), (6, 8), (6, 10), (6, 8), (12, 18), (2, 12), (0, 2), (2, 3), (1, 4), (1, 5), (3, 9), (6, 7), (7, 9), (8, 9), (10, 12), (5, 10), (7, 8), (6, 13), (5, 6), (8, 9), (6, 16), (0, 6), (1, 6), (4, 5), (2, 6), (4, 6), (2, 7), (4, 5), (4, 6), (7, 8), (1, 11), (2, 3), (7, 9), (4, 13), (1, 4), (2, 3), (1, 4), (2, 3), (6, 7), (5, 8), (6, 7), (8, 10), (9, 10), (5, 14), (2, 5), (12, 13), (8, 12), (6, 8), (7, 8), (7, 10), (8, 10), (5, 15), (0, 5), (8, 10), (11, 12), (9, 16), (3, 9), (4, 8), (8, 10), (10, 11), (5, 10), (6, 7), (7, 8), (9, 10), (11, 12), (10, 16), (2, 10), (5, 9), (4, 10), (7, 8), (11, 12), (7, 16), (4, 7), (5, 6), (5, 7), (3, 10), (4, 6), (3, 10), (9, 11), (5, 15), (0, 5), (1, 4), (2, 4), (10, 12), (11, 16), (1, 11), (2, 4), (3, 4), (2, 5), (5, 8), (6, 8), (2, 9), (3, 6), (8, 10), (1, 11), (2, 3), (6, 8), (7, 8), (4, 9), (5, 7), (12, 13), (7, 17), (0, 7), (3, 4), (3, 5), (6, 8), (6, 9), (7, 8), (3, 10), (5, 8), (6, 7), (11, 12), (9, 16), (4, 9), (5, 6), (6, 8), (5, 10), (8, 9), (13, 17), (6, 13), (0, 6), (2, 4), (3, 4), (4, 5), (4, 6), (7, 17), (0, 7), (1, 3), (1, 4), (3, 4), (2, 5), (3, 5), (5, 6), (1, 7), (3, 5), (9, 10), (12, 13), (9, 12), (8, 9), (12, 15), (10, 12), (8, 10), (2, 12), (0, 2), (9, 10), (8, 16), (3, 8), (7, 8), (4, 9)]
