results/deeplll10/ndim20seed4cnt1000dim20delta0.98999995.txt: 111.855 sec
b: [[4, -1, 2, -9, 2, 9, 5, 0, 5, 4, -3, 0, -7, -10, -3, -9, 2, 5, 2, 2],
 [8, 5, 7, -2, -7, -6, -3, 13, 1, 7, 3, -3, 0, 6, 2, -8, -1, -8, 8, -9],
 [-9, -1, 5, -2, 5, 12, -12, -1, 11, 0, -14, 2, 1, -12, -3, -1, -3, 2, -2, -11],
 [-8, 0, -2, 0, -12, 3, -6, -4, 14, 7, -13, 0, 4, -7, 3, -1, 5, -10, -4, 5],
 [-1, -14, 5, 1, -1, 2, -7, -10, 8, -8, 1, -10, -2, -12, -8, 4, -15, -1, -5, -7],
 [6, 6, -7, -1, -3, 12, -6, 3, 13, -4, 0, -3, 6, 2, 0, 2, -16, -9, 12, -3],
 [-7, 5, -4, -2, -13, 10, -10, -14, 4, -5, -4, -5, 19, 8, 7, 3, 2, 4, -4, -6],
 [9, -9, 0, 2, -15, 5, -7, -16, -4, -6, 12, -1, -8, -7, 1, -10, 13, -1, -11, 7],
 [3, 10, -3, -1, -12, -9, -5, 7, 2, -2, -5, 18, -2, -5, 0, 5, -11, -20, 0, -8],
 [-1, -11, -7, 0, -15, 10, 1, -1, 0, 1, 13, -1, 3, 14, 6, -19, 8, -9, 12, 7],
 [0, -7, -7, -1, -16, 6, 10, -17, -13, -5, -6, 6, 4, -2, 13, 5, 7, -5, 2, -1],
 [-1, -17, 3, 3, 2, -10, -7, -10, 4, 13, 7, -5, -3, 12, 6, 6, -1, 7, -13, 3],
 [7, 1, 9, 5, 8, 5, -3, 10, 5, -7, -5, 12, -4, -11, 20, -9, -1, 6, 7, -7],
 [0, -9, 4, -9, -7, 6, 2, 6, -18, -16, 3, 7, 2, -6, 13, -1, 8, 5, 4, 8],
 [13, 2, -1, 1, 8, 1, 6, -3, -14, 1, -1, 2, 2, -8, 5, -13, 5, 14, -15, -8],
 [-10, -17, -4, 11, -2, -3, 1, 13, -12, 10, -18, 5, 0, 8, 6, 5, 2, 5, 1, 8],
 [-6, -3, -8, 8, -2, 2, 11, 1, -1, 16, -1, 2, -4, -13, -1, 6, 10, 2, 13, 9],
 [-4, -10, 14, -1, 7, 1, 2, -10, 1, 0, -7, -18, 0, 2, -1, 2, 1, 14, -2, -10],
 [-2, 8, 2, 3, -2, -6, 10, 5, 3, -2, 13, -3, 6, 14, 2, -15, 3, 13, 10, 1],
 [-1, -4, 6, 15, -11, 1, -5, -6, -6, -12, 5, -6, -1, -4, -6, 0, -2, 2, 10, -16]], shape=[20, 20], strides=[20, 1], layout=Cc (0x5), const ndim=2
v_norms: [538, 210981/269, 375942365/421962, 275263694448/375942365, 227134546805083/275263694448, 186734627349867408/227134546805083, 36389873913864196829/46683656837466852, 26162629856813638741991/36389873913864196829, 18414703752136086379587315/26162629856813638741991, 10792883831486239092572600011/18414703752136086379587315, 5690377004482194267463857266020/10792883831486239092572600011, 3407311455985208334620858541164281/5690377004482194267463857266020, 8940487518432821243588611175441537365/13629245823940833338483434164657124, 4308890754059959517308227397141994091311/8940487518432821243588611175441537365, 1571827328637157025082782279468094974928026/4308890754059959517308227397141994091311, 276137051426148645632768846391949504327469866/785913664318578512541391139734047487464013, 105753907546430153552565786795951539211856579585/276137051426148645632768846391949504327469866, 4701063464840810926286421468574163/211507815092860307105131573591903078423713159170, 1269013945460169883/4701063464840810926286421468574163, 1/1269013945460169883], shape=[20], strides=[1], layout=CFcf (0xf), const ndim=1
Mu { arr: [-19/269, 257/538, -37888/210981, 39/269, -12506/210981, 169793698/375942365, 30/269, -65572/210981, 182525342/375942365, -41171144953/275263694448, -5/538, 21309/70327, 25829571/75188473, 17886498365/275263694448, 53383125301753/227134546805083, -127/269, -52708/210981, 161251742/375942365, 35791537019/91754564816, -13595017368963/227134546805083, 27117410091496841/93367313674933704, 153/538, -54121/210981, -138073429/375942365, 34170566657/91754564816, 103240454415975/227134546805083, -66567630888643501/186734627349867408, 33101203318044298679/72779747827728393658, -227/538, 33622/70327, 115099989/375942365, 29942494213/91754564816, 4722647819091/227134546805083, 2141676407128705/8892125111898448, -36243673470220835535/72779747827728393658, 5541484869093075170859/26162629856813638741991, 12/269, 84115/210981, -180308936/375942365, 64671443887/137631847224, 2321211588118/227134546805083, 3957546663203531/13338187667847672, 15834403232821420457/36389873913864196829, 12597386567733911081511/26162629856813638741991, -8323746930850547055655802/18414703752136086379587315, -47/269, -84907/210981, -99489874/375942365, 41404768557/91754564816, -9557958608853/227134546805083, 92874763482647/31122437891644568, 17376714333260710797/36389873913864196829, 9642327111704612489905/52325259713627277483982, 1747855181057075437109821/3682940750427217275917463, 8675307805603890714825358465/21585767662972478185145200022, -118/269, -47524/210981, -10548224/75188473, 13946535295/137631847224, 83182911418678/227134546805083, -1923877157587519/3890304736455571, 4681648730303455440/36389873913864196829, -2752674479302250125998/26162629856813638741991, -2768498544045977588974526/6138234584045362126529105, -423779668895512795979880396/10792883831486239092572600011, -1338334843514445256082551534557/5690377004482194267463857266020, 245/538, 55765/210981, 135531037/375942365, -32243120461/91754564816, -73583917109451/227134546805083, 7420845411894995/186734627349867408, -13952069440740654361/72779747827728393658, 9185063402367604354396/26162629856813638741991, 855612836222665179889198/18414703752136086379587315, -28993423735277816769802864/981171257407839917506600001, 5100268171084386930694585911027/11380754008964388534927714532040, 805545028534371439928799972154149/6814622911970416669241717082328562, 33/269, -38020/210981, -25563254/75188473, -45916910125/275263694448, -45277932857417/227134546805083, -329632590173919/2223031277974612, 9989394143197680750/36389873913864196829, 18791514259723261570437/52325259713627277483982, 4125051523678288595321842/18414703752136086379587315, 9104368520227038384669621893/21585767662972478185145200022, 707230600239209707294528198962/1422594251120548566865964316505, -1149156776806403523852817327438964/3407311455985208334620858541164281, 4141923859974500901167809659725778544/8940487518432821243588611175441537365, 233/538, -30274/210981, -77435689/375942365, -33418286281/68815923612, -51487207235780/227134546805083, -21499743537206857/46683656837466852, 13261571371441498594/36389873913864196829, 11188613619972569840365/52325259713627277483982, 755152981432275660853343/3682940750427217275917463, -7314655100750594065801035205/21585767662972478185145200022, 1962479838495606342170778064477/11380754008964388534927714532040, 315319178491044669681925965299019/6814622911970416669241717082328562, 2074269341458784476792611251239665853/8940487518432821243588611175441537365, -1574516951484341008752794424866466967283/4308890754059959517308227397141994091311, -109/269, -34808/210981, -8416/75188473, 14847925805/68815923612, -98606727720380/227134546805083, -23081142859413047/62244875783289136, -28451855740448848833/72779747827728393658, -7981098770583260446346/26162629856813638741991, -2032556373140330348764197/6138234584045362126529105, 5340241696820086024288776138/10792883831486239092572600011, 5554965431019319320285839066749/11380754008964388534927714532040, 1918278169780572470685046567557683/6814622911970416669241717082328562, 24757439727491351719703336344997489/8940487518432821243588611175441537365, 1953584402172539593807553215155028175221/4308890754059959517308227397141994091311, 364530190439914395941978597240892754677503/785913664318578512541391139734047487464013, 203/538, -45101/210981, -101304989/375942365, 18362442731/45877282408, -60654900279318/227134546805083, -583322767966009/11670914209366713, -15435525191715302348/36389873913864196829, -8891164119577611687625/52325259713627277483982, -1453121035390700243340863/6138234584045362126529105, 2569100033500030951224207669/21585767662972478185145200022, 5515246015962955004144046015339/11380754008964388534927714532040, -607207145284913533128417111763347/6814622911970416669241717082328562, -1720502079205804514267439471722095817/8940487518432821243588611175441537365, -597823244214882104285681671466512189823/4308890754059959517308227397141994091311, -172997193757867871754347888876534003088940/785913664318578512541391139734047487464013, 55359481224905156351227783452406015605928999/276137051426148645632768846391949504327469866, 103/538, -47539/210981, 21862789/75188473, -13271377705/34407961806, 78056347303496/227134546805083, -85354139990437589/186734627349867408, 33205058500993715503/72779747827728393658, -12915053103470293969736/26162629856813638741991, -9060546661928762522293942/18414703752136086379587315, -1417652658540113174419783849/10792883831486239092572600011, 867758264650490676175676646699/2845188502241097133731928633010, 20638877131789765254692858036682/262100881229631410355450657012637, -43814707908271420133190976842512924/1788097503686564248717722235088307473, -584898594832372953463502524102020344855/4308890754059959517308227397141994091311, -380980154693553100967054919879489431529781/1571827328637157025082782279468094974928026, 17634468734067128297845650097051339409018751/276137051426148645632768846391949504327469866, -32028141151978880789488315143921207257227177521/105753907546430153552565786795951539211856579585, -39/538, 86953/210981, -184954991/375942365, -8609931017/34407961806, -61873748101736/227134546805083, 1268295019296699/15561218945822284, 14794218990739438986/36389873913864196829, -5924842470329192804563/26162629856813638741991, -1230525241196708142767477/3682940750427217275917463, 2860695234893295555036890660/10792883831486239092572600011, -5544457789148609605462684018299/11380754008964388534927714532040, -1684851714176850788319099059664333/6814622911970416669241717082328562, 764636241761352777169688321728591287/1788097503686564248717722235088307473, -1841556818046540270132518060841228832790/4308890754059959517308227397141994091311, -474405241775332624211338930864753607634707/1571827328637157025082782279468094974928026, 28873880903164871857539012536097752095242771/138068525713074322816384423195974752163734933, 16201955010714327605277664174502670855149250144/105753907546430153552565786795951539211856579585, -114982821787232583023881206406727/4701063464840810926286421468574163, -195/538, 25616/210981, 96735377/375942365, -12294489941/34407961806, 113383120002904/227134546805083, -4787282785689421/62244875783289136, 19744209528965245605/72779747827728393658, 9300094155100910875647/26162629856813638741991, -120109253596252598084854/6138234584045362126529105, 190631481869467163044645356/981171257407839917506600001, 492586237792657358080458988073/1138075400896438853492771453204, -1700988536581251055901521191484125/3407311455985208334620858541164281, -43907327864956751936857906042345662/1788097503686564248717722235088307473, -1506095665696163458367287065648675715690/4308890754059959517308227397141994091311, -651079645222584160103402603594513156667327/1571827328637157025082782279468094974928026, 68587281493451968879708553544607661863312518/138068525713074322816384423195974752163734933, 36899441563824235055473895286048619513129977618/105753907546430153552565786795951539211856579585, -675320051881690234381609123357729/4701063464840810926286421468574163, 520698543905658392/1269013945460169883] }
(hist.len, cnt): (1219, 26254)
[(0, 1), (0, 2), (0, 1), (0, 2), (0, 3), (1, 2), (0, 3), (0, 2), (1, 2), (1, 4), (0, 4), (0, 3), (0, 5), (2, 3), (2, 5), (3, 4), (0, 5), (1, 3), (2, 5), (0, 6), (1, 2), (0, 5), (3, 5), (4, 5), (0, 6), (1, 2), (1, 3), (0, 6), (1, 3), (0, 4), (1, 2), (3, 4), (1, 6), (0, 5), (3, 4), (1, 6), (0, 3), (1, 2), (4, 5), (4, 6), (5, 6), (0, 7), (0, 2), (0, 3), (2, 5), (4, 6), (5, 6), (0, 7), (2, 3), (2, 4), (1, 6), (4, 5), (0, 6), (0, 4), (4, 5), (4, 6), (5, 6), (0, 7), (2, 3), (4, 5), (4, 6), (5, 6), (1, 7), (2, 3), (3, 4), (1, 7), (2, 3), (3, 5), (2, 7), (3, 4), (1, 6), (4, 5), (0, 8), (1, 3), (5, 6), (0, 8), (5, 6), (4, 7), (1, 8), (5, 6), (2, 7), (5, 6), (3, 7), (1, 8), (2, 4), (6, 7), (0, 8), (1, 2), (2, 5), (4, 5), (1, 6), (3, 4), (3, 5), (3, 7), (4, 5), (1, 8), (3, 4), (4, 5), (0, 8), (1, 2), (5, 6), (0, 9), (1, 2), (1, 4), (1, 3), (6, 7), (2, 8), (0, 9), (3, 5), (4, 5), (2, 6), (4, 6), (4, 6), (1, 7), (3, 4), (5, 7), (6, 7), (4, 8), (5, 7), (0, 9), (1, 3), (2, 3), (2, 4), (1, 8), (2, 3), (2, 6), (3, 6), (6, 7), (0, 9), (3, 4), (2, 5), (4, 5), (4, 6), (5, 7), (5, 8), (0, 9), (3, 4), (3, 5), (1, 6), (2, 3), (5, 6), (4, 7), (5, 6), (6, 7), (0, 8), (4, 7), (0, 9), (2, 3), (4, 6), (5, 6), (5, 8), (4, 6), (5, 6), (7, 9), (2, 10), (3, 5), (5, 7), (6, 7), (3, 8), (4, 5), (5, 8), (7, 8), (1, 10), (2, 3), (4, 5), (4, 6), (2, 8), (5, 6), (5, 7), (2, 9), (5, 6), (6, 7), (0, 10), (1, 2), (3, 4), (2, 5), (3, 4), (4, 5), (1, 6), (0, 10), (4, 5), (2, 7), (3, 4), (0, 9), (1, 2), (3, 4), (5, 8), (0, 10), (4, 5), (6, 7), (0, 8), (3, 6), (4, 5), (4, 6), (2, 9), (3, 4), (5, 6), (1, 7), (4, 7), (3, 9), (4, 6), (7, 8), (6, 8), (7, 8), (4, 9), (7, 9), (0, 10), (1, 5), (2, 3), (4, 5), (4, 7), (5, 6), (3, 7), (6, 7), (1, 8), (3, 4), (2, 4), (3, 4), (2, 5), (3, 6), (4, 6), (5, 6), (3, 8), (2, 6), (0, 8), (1, 2), (4, 9), (1, 10), (2, 3), (6, 7), (5, 10), (7, 8), (4, 11), (0, 4), (0, 6), (1, 3), (2, 3), (4, 6), (5, 6), (0, 8), (2, 3), (3, 6), (4, 5), (6, 7), (7, 9), (3, 8), (6, 8), (7, 8), (5, 9), (1, 11), (0, 1), (2, 3), (4, 5), (5, 6), (6, 7), (4, 8), (6, 7), (5, 8), (8, 9), (9, 10), (1, 11), (0, 1), (4, 5), (4, 7), (8, 9), (9, 10), (6, 11), (4, 6), (5, 6), (6, 7), (6, 9), (2, 10), (3, 4), (5, 8), (6, 7), (6, 8), (7, 8), (1, 11), (0, 1), (3, 6), (6, 7), (1, 8), (2, 4), (5, 6), (2, 7), (6, 8), (1, 9), (2, 5), (4, 5), (3, 6), (4, 5), (8, 9), (1, 10), (1, 5), (1, 6), (4, 5), (1, 11), (0, 1), (4, 5), (3, 6), (5, 6), (4, 8), (5, 7), (6, 7), (0, 9), (2, 4), (5, 6), (2, 7), (6, 7), (1, 8), (1, 6), (4, 5), (5, 6), (6, 7), (3, 8), (2, 10), (5, 7), (6, 7), (0, 8), (1, 3), (2, 3), (1, 4), (3, 4), (0, 5), (3, 4), (4, 5), (2, 11), (4, 5), (7, 8), (2, 9), (8, 9), (9, 10), (2, 12), (0, 2), (2, 5), (3, 4), (3, 6), (4, 6), (5, 6), (7, 9), (8, 9), (7, 10), (1, 11), (0, 1), (5, 6), (4, 7), (5, 7), (6, 7), (5, 8), (8, 9), (1, 10), (4, 5), (4, 7), (6, 7), (3, 12), (0, 3), (1, 4), (2, 3), (0, 5), (1, 2), (3, 4), (2, 6), (6, 7), (7, 10), (9, 10), (2, 12), (0, 2), (1, 4), (7, 9), (8, 9), (5, 12), (3, 5), (2, 6), (5, 7), (3, 8), (7, 9), (3, 9), (4, 6), (5, 6), (7, 8), (8, 9), (4, 10), (7, 10), (1, 11), (0, 1), (3, 4), (7, 8), (2, 9), (3, 8), (4, 5), (5, 6), (2, 10), (4, 5), (5, 6), (8, 9), (8, 10), (9, 10), (2, 12), (0, 2), (4, 6), (6, 8), (6, 9), (7, 8), (9, 10), (1, 11), (5, 6), (6, 7), (5, 8), (6, 7), (6, 8), (7, 8), (3, 12), (4, 5), (4, 7), (7, 9), (1, 11), (3, 6), (4, 5), (6, 7), (7, 8), (1, 11), (3, 6), (4, 6), (7, 9), (8, 10), (2, 12), (0, 2), (1, 3), (5, 6), (5, 7), (7, 8), (8, 9), (4, 10), (6, 7), (6, 9), (8, 10), (3, 13), (1, 3), (2, 3), (4, 5), (6, 8), (7, 8), (5, 10), (1, 11), (5, 7), (6, 7), (3, 13), (0, 3), (7, 8), (5, 9), (6, 7), (9, 10), (4, 11), (2, 4), (3, 4), (6, 7), (2, 12), (0, 2), (2, 3), (4, 5), (4, 6), (1, 9), (3, 4), (4, 6), (5, 7), (8, 9), (8, 10), (9, 10), (3, 11), (1, 3), (3, 10), (4, 5), (7, 8), (9, 10), (3, 13), (1, 3), (2, 3), (3, 5), (4, 5), (6, 7), (2, 8), (5, 6), (5, 8), (3, 9), (4, 5), (0, 6), (6, 7), (7, 8), (6, 9), (7, 9), (8, 11), (9, 10), (5, 12), (1, 5), (2, 5), (4, 5), (0, 8), (1, 4), (2, 5), (3, 5), (4, 5), (3, 6), (7, 8), (3, 13), (0, 3), (1, 2), (5, 6), (8, 10), (9, 10), (2, 12), (4, 5), (6, 7), (5, 8), (4, 13), (3, 4), (8, 9), (6, 10), (7, 9), (6, 10), (9, 10), (2, 12), (1, 2), (2, 3), (3, 6), (4, 6), (2, 7), (3, 4), (4, 5), (6, 7), (3, 13), (0, 3), (1, 2), (1, 6), (7, 9), (8, 9), (9, 10), (1, 11), (0, 1), (1, 2), (6, 8), (9, 10), (8, 11), (7, 8), (4, 7), (7, 10), (8, 10), (9, 10), (9, 11), (10, 11), (5, 12), (7, 9), (7, 10), (8, 11), (6, 13), (5, 8), (8, 9), (3, 11), (4, 6), (9, 10), (4, 12), (3, 4), (6, 8), (7, 8), (3, 9), (7, 8), (5, 10), (8, 11), (9, 11), (10, 11), (7, 14), (3, 7), (8, 9), (0, 10), (1, 2), (3, 5), (4, 5), (5, 6), (6, 7), (2, 8), (0, 4), (2, 3), (1, 3), (2, 3), (5, 8), (5, 8), (11, 12), (9, 11), (4, 9), (5, 6), (9, 10), (2, 12), (0, 2), (12, 13), (7, 12), (3, 7), (4, 6), (2, 10), (6, 8), (7, 9), (1, 11), (0, 1), (3, 4), (5, 7), (7, 8), (10, 11), (5, 13), (0, 5), (3, 4), (6, 7), (2, 8), (4, 7), (5, 6), (2, 9), (8, 9), (9, 10), (5, 11), (4, 5), (7, 8), (2, 12), (0, 2), (1, 3), (2, 3), (9, 10), (6, 11), (4, 6), (7, 8), (8, 9), (9, 10), (10, 11), (4, 14), (0, 4), (3, 4), (2, 4), (3, 4), (7, 9), (6, 10), (7, 9), (2, 11), (1, 2), (9, 10), (6, 11), (7, 9), (5, 14), (1, 5), (2, 3), (6, 7), (1, 8), (3, 4), (3, 7), (4, 5), (3, 10), (1, 11), (0, 1), (1, 2), (3, 4), (4, 5), (2, 7), (4, 7), (5, 6), (4, 8), (8, 12), (5, 14), (1, 5), (7, 9), (6, 8), (7, 8), (2, 12), (0, 2), (10, 11), (8, 10), (2, 11), (7, 9), (9, 10), (10, 11), (9, 13), (3, 9), (4, 7), (6, 8), (6, 9), (7, 8), (8, 9), (7, 10), (8, 10), (9, 14), (2, 9), (0, 8), (3, 5), (4, 9), (5, 8), (7, 8), (7, 9), (3, 10), (8, 10), (7, 12), (6, 7), (8, 9), (3, 10), (6, 8), (7, 10), (8, 9), (4, 11), (6, 7), (9, 13), (8, 9), (5, 9), (6, 7), (6, 9), (7, 8), (2, 9), (4, 7), (5, 7), (6, 7), (5, 8), (7, 10), (6, 15), (1, 6), (2, 4), (4, 6), (5, 6), (5, 7), (7, 9), (4, 10), (6, 7), (2, 12), (0, 2), (4, 5), (2, 6), (3, 4), (5, 6), (6, 11), (8, 10), (9, 10), (4, 13), (2, 4), (3, 4), (0, 8), (1, 2), (2, 3), (5, 6), (7, 9), (1, 10), (3, 4), (3, 5), (4, 5), (7, 9), (8, 11), (4, 8), (10, 11), (11, 13), (3, 11), (2, 4), (3, 4), (0, 8), (2, 5), (3, 4), (2, 5), (4, 5), (2, 7), (5, 6), (3, 7), (1, 11), (0, 1), (1, 2), (5, 6), (5, 7), (5, 7), (6, 7), (10, 11), (8, 10), (4, 13), (5, 8), (10, 11), (9, 15), (0, 9), (2, 3), (6, 7), (4, 8), (7, 8), (8, 9), (11, 12), (7, 11), (2, 7), (3, 4), (11, 12), (12, 13), (6, 12), (5, 6), (1, 6), (5, 6), (8, 10), (9, 10), (4, 14), (0, 4), (1, 2), (1, 3), (2, 3), (5, 7), (6, 7), (8, 11), (9, 12), (1, 9), (2, 3), (5, 6), (6, 8), (7, 8), (7, 13), (1, 7), (2, 4), (3, 4), (3, 5), (3, 6), (10, 12), (8, 10), (12, 13), (4, 14), (0, 4), (2, 5), (4, 5), (4, 6), (5, 6), (3, 7), (9, 10), (4, 11), (2, 4), (2, 4), (3, 4), (6, 11), (9, 11), (10, 11), (3, 13), (0, 3), (1, 2), (1, 3), (2, 3), (3, 4), (6, 7), (4, 8), (6, 7), (7, 8), (1, 10), (2, 5), (0, 6), (5, 6), (7, 10), (7, 11), (9, 11), (12, 13), (10, 14), (4, 10), (6, 7), (8, 10), (5, 15), (0, 5), (1, 2), (6, 12), (4, 8), (2, 4), (7, 8), (6, 11), (7, 8), (8, 9), (10, 14), (2, 10), (4, 5), (6, 7), (4, 8), (6, 7), (5, 9), (6, 7), (11, 15), (3, 11), (4, 5), (4, 6), (6, 7), (6, 9), (9, 11), (4, 12), (0, 4), (3, 4), (3, 5), (5, 6), (9, 10), (3, 11), (4, 5), (4, 6), (5, 6), (4, 9), (5, 6), (6, 7), (7, 13), (2, 7), (0, 4), (2, 3), (2, 4), (1, 5), (3, 6), (2, 8), (4, 5), (5, 6), (6, 7), (8, 10), (9, 10), (7, 12), (4, 7), (5, 7), (6, 7), (9, 10), (5, 15), (0, 5), (2, 3), (2, 4), (3, 4), (1, 5), (3, 4), (2, 5), (3, 4), (4, 5), (3, 6), (4, 5), (6, 8), (7, 8), (7, 10), (1, 11), (4, 5), (2, 7), (5, 6), (1, 9), (2, 4), (2, 11), (6, 8), (7, 8), (7, 9), (8, 9), (8, 10), (9, 10), (12, 14), (7, 12), (4, 7), (6, 7), (5, 8), (6, 7), (6, 8), (0, 10), (3, 6), (6, 7), (3, 11), (5, 6), (6, 8), (8, 9), (9, 10), (5, 13), (2, 5), (3, 4), (5, 6), (5, 8), (7, 8), (8, 9), (7, 10), (7, 15), (0, 7), (6, 7), (8, 10), (9, 10), (10, 11), (4, 10), (6, 7), (11, 15), (2, 11), (3, 6), (4, 9), (5, 6), (10, 11), (5, 10), (6, 7), (5, 8), (10, 16), (0, 10), (2, 5), (3, 4), (4, 5), (1, 6), (2, 3), (3, 4), (4, 5), (5, 6), (5, 7), (6, 7), (5, 8), (2, 9), (3, 4), (7, 9), (0, 10), (5, 6), (3, 9), (4, 6), (9, 10), (8, 13), (1, 8), (3, 4), (4, 5), (5, 7), (5, 7), (5, 8), (6, 7), (9, 10), (12, 14), (5, 15), (1, 5), (2, 3), (2, 4), (2, 5), (0, 6), (2, 3), (2, 4), (4, 6), (0, 7), (8, 9), (2, 11), (0, 4), (1, 2), (2, 3), (3, 4), (4, 5), (5, 6), (4, 7), (7, 8), (5, 11), (6, 7), (12, 13), (11, 12), (10, 11), (12, 14), (11, 12), (8, 16), (0, 8), (1, 4), (3, 4), (5, 7), (6, 7), (5, 8), (9, 10), (6, 11), (9, 10), (9, 12), (14, 15), (15, 16), (7, 15), (0, 7), (3, 4), (1, 5), (3, 5), (4, 5), (3, 6), (0, 5), (3, 4), (4, 5), (6, 7), (7, 8), (10, 11), (2, 10), (7, 8), (8, 9), (6, 12), (2, 6), (3, 5), (4, 6), (1, 7), (2, 3), (1, 4), (7, 8), (8, 9), (10, 12), (5, 10), (3, 10), (4, 6), (9, 10), (4, 14), (0, 4), (1, 3), (2, 3), (1, 6), (5, 6), (1, 7), (2, 3), (5, 6), (4, 9), (2, 6), (3, 5), (8, 9), (12, 13), (6, 14), (1, 6), (2, 3), (4, 6), (5, 6), (2, 8), (3, 5), (4, 5), (5, 7), (6, 7), (8, 9), (10, 12), (1, 10), (3, 4), (4, 5), (5, 6), (5, 8), (7, 8), (8, 9), (8, 14), (2, 8), (3, 4), (4, 5), (4, 6), (5, 7), (6, 7), (9, 10), (8, 16), (0, 8), (3, 5), (4, 5), (4, 6), (7, 8), (9, 10), (2, 12), (1, 2), (2, 4), (8, 11), (2, 12), (4, 5), (3, 9), (5, 7), (8, 9), (10, 11), (9, 15), (3, 9), (5, 7), (6, 7), (4, 8), (6, 7), (6, 8), (7, 8), (7, 10), (8, 9), (11, 12), (8, 13), (0, 8), (6, 7), (6, 8), (7, 9), (6, 16), (0, 6), (1, 2), (4, 6), (5, 6), (6, 9), (7, 9), (8, 9), (3, 13), (1, 3), (7, 11), (8, 11), (9, 13), (5, 9), (7, 9), (8, 10), (6, 16), (1, 6), (4, 7), (7, 9), (8, 9), (8, 11), (5, 8), (7, 8), (9, 10), (5, 14), (3, 5), (7, 16), (1, 7), (2, 4), (5, 7), (6, 7), (3, 12), (1, 3), (10, 13), (7, 10), (7, 10), (11, 12), (6, 16), (0, 6), (3, 4), (5, 7), (8, 9), (10, 12), (8, 10), (9, 10), (5, 13), (2, 5), (3, 5), (4, 5), (3, 6), (2, 7), (7, 8), (5, 9), (8, 11), (12, 13), (9, 12), (7, 9), (8, 9), (5, 15), (0, 5), (2, 3), (4, 5), (6, 7), (7, 9), (7, 10), (9, 10), (11, 12), (9, 11)]
