results/deeplll10/ndim20seed2cnt1000dim20delta1.txt: 149.027 sec
b: [[4, 3, 7, 7, -1, 4, -1, 3, 1, 6, -2, 9, 8, 2, 8, 1, 10, -17, 7, 2],
 [2, -7, -12, -9, 5, -1, -12, -1, -2, -3, -17, -8, 1, -4, -4, -8, -1, 8, 0, 2],
 [-8, 5, -12, 9, -5, 8, 1, -3, 1, 18, 8, 2, 6, -5, 1, 10, 4, -7, -7, -2],
 [3, -1, -1, 4, -5, 6, 2, 5, 4, -10, -6, -10, 9, -3, -9, 10, -10, 5, -17, -11],
 [5, 5, 13, -8, -3, -5, -5, -8, -7, 6, 12, 15, 2, -14, -3, -4, 5, -5, 10, 5],
 [2, 10, 5, 7, 0, 8, 2, -10, 8, -5, -2, 5, -4, -9, -17, -2, 1, -13, -11, 2],
 [9, -6, -8, 1, 9, 2, 6, 11, -1, 8, 12, 1, -4, -1, 16, 16, -2, 1, -10, -3],
 [-5, 1, -11, 9, -8, -8, 6, 5, 3, -10, 7, 3, 15, 14, 6, 3, 1, 13, 7, 9],
 [-11, -1, -5, -5, -7, 9, 20, 4, 9, 8, -3, -7, 3, 4, 4, 12, -8, -7, 6, -16],
 [-11, -15, 7, 10, 11, 4, -5, -3, 7, 0, 6, -5, -6, -2, 7, -5, 11, -1, -7, -8],
 [-9, 1, -5, 3, -1, 6, 14, 0, 11, -13, -11, -13, 4, -8, 7, -18, -7, 1, -8, -9],
 [-7, -5, 1, 0, 15, -2, -18, 0, -13, -13, -2, 13, -18, 3, -4, -2, -5, 9, 6, 0],
 [-20, 7, -2, -9, 4, 7, 0, 3, 12, -2, 4, 0, 7, 5, -3, 6, -8, 7, -17, -12],
 [4, 11, 9, -6, 18, -9, -15, 3, -2, 6, 5, 1, -6, -6, -11, 6, -3, -7, 1, 21],
 [3, -3, 13, 11, 3, -6, -1, 17, 15, -6, 8, -3, 9, 12, -10, -2, 0, -2, 9, -7],
 [-5, -11, 18, 14, -12, -7, 9, -3, -3, 10, -2, 1, -6, 5, -3, -5, -3, -5, 0, 20],
 [-1, 1, 8, 6, -5, -10, 2, 7, -11, 1, -5, 1, -18, 6, 8, 14, -12, 7, 8, -12],
 [-17, -1, -8, -4, 10, 5, -16, -9, -2, 7, -4, -2, -6, -1, -12, -2, 4, -2, 5, 3],
 [-6, -3, -8, -14, -9, -5, 4, -5, -5, 16, 7, 3, -7, 7, -1, 10, -4, 13, 1, 0],
 [-2, -2, 2, 3, 2, 7, 8, 6, 7, -5, -5, 4, -14, 5, -6, 6, -12, -1, -9, -17]], shape=[20, 20], strides=[20, 1], layout=Cc (0x5), const ndim=2
v_norms: [847, 670907/847, 626950038/670907, 607354287439/626950038, 497666823719045/607354287439, 438115886142895671/497666823719045, 110736195295485540085/146038628714298557, 260972231688722318158841/332208585886456620255, 178748405524377976096092962/260972231688722318158841, 133477482942245276331021500313/178748405524377976096092962, 31779072259532406020084481028980/44492494314081758777007166771, 22867797826744097850554918416888061/31779072259532406020084481028980, 1601656736370582474231194100719020768/2365634257939044605229819146574627, 6912286441313872896711495044610415172921/11612011338686722938176157230212900568, 3434689603181171056857662526359379847817573/6912286441313872896711495044610415172921, 2258375278652228671288462685570420824916678646/3434689603181171056857662526359379847817573, 1098089120368744589929338127981933364500455771689/4516750557304457342576925371140841649833357292, 14797399993475196632099995458797919/2196178240737489179858676255963866729000911543378, 2119519357349589928/4932466664491732210699998486265973, 1/6358558072048769784], shape=[20], strides=[1], layout=CFcf (0xf), const ndim=1
Mu { arr: [-400/847, 262/847, -200120/670907, -384/847, -36714/670907, 111942335/626950038, 349/847, -124664/670907, -53624687/313475019, -303623967572/607354287439, 17/121, -124341/670907, 26031567/208983346, 190676447253/607354287439, 186240015886901/497666823719045, 24/847, -257205/670907, 103318957/313475019, 1367833154/20943251291, -31096200719064/99533364743809, -72340634469293415/146038628714298557, -5/121, -151214/670907, -3402131/104491673, -8905746714/607354287439, -221719344614329/497666823719045, -210665469610226294/438115886142895671, -50125145965528025299/110736195295485540085, 43/847, -269086/670907, 234103993/626950038, 190471647227/607354287439, -48246036114816/99533364743809, -37677979668421255/146038628714298557, -26937825810280463543/110736195295485540085, -123140120878483160460093/260972231688722318158841, 6/121, -45878/670907, 7027940/104491673, -39588742296/607354287439, -156810177934392/497666823719045, 57070226545812278/438115886142895671, 16881451311359555214/110736195295485540085, -97972462809675214693526/260972231688722318158841, -80671673826656014586777303/178748405524377976096092962, -305/847, 120242/670907, -13186801/313475019, 270535970756/607354287439, -207080641138783/497666823719045, 3194551295787652/10685753320558431, -30275798956310019143/110736195295485540085, -23504769352155413511383/260972231688722318158841, 71921522126979205577046323/178748405524377976096092962, 19204053499221882545628384733/44492494314081758777007166771, -344/847, 180872/670907, -287748605/626950038, -256856579179/607354287439, 3309216036441/99533364743809, 53627552932158055/438115886142895671, 19513837997654181429/110736195295485540085, -14158855672286598503551/260972231688722318158841, -12521221656844646845997835/25535486503482568013727566, 10082053203890193610273357945/133477482942245276331021500313, -13974703522685492357651374916323/31779072259532406020084481028980, -405/847, -220443/670907, 79758631/208983346, 244175480349/607354287439, -84892967094754/497666823719045, 64054331932996/10685753320558431, -20495018551910033949/110736195295485540085, -30341575297172380327724/260972231688722318158841, 4408114301989616576657079/25535486503482568013727566, 11822670518862022146129405435/44492494314081758777007166771, -102604228487339398454717956616/7944768064883101505021120257245, 216739697414432101241053681146032/788544752646348201743273048858209, 69/847, 69103/670907, -47972530/313475019, -230541475894/607354287439, 243814964091376/497666823719045, 49510399588805947/146038628714298557, 9922756171540464694/22147239059097108017, 10075812300018150351900/260972231688722318158841, -9749913920764094630949721/25535486503482568013727566, -55414417975934949279273593899/133477482942245276331021500313, -745326642904079131465480343549/1765504014418467001115804501610, -1450259855825510493961121547962406/22867797826744097850554918416888061, 318743544148332285759582965748304333/800828368185291237115597050359510384, 229/847, -204003/670907, -6047087/12293138, 237436134633/607354287439, -118082911680298/497666823719045, -52599114800763118/438115886142895671, -31858093760653423914/110736195295485540085, 37731883385214690674161/260972231688722318158841, -20443173115025802031831907/178748405524377976096092962, 39651080682635624738354792809/133477482942245276331021500313, -5591468685368463831625558738483/15889536129766203010042240514490, -4149199597258505201626616589730478/22867797826744097850554918416888061, 92329260281401452672300800000660599/800828368185291237115597050359510384, 2830105674627381518640444576540678600899/6912286441313872896711495044610415172921, 235/847, -246494/670907, -47074889/208983346, -146581021413/607354287439, -50285387264021/497666823719045, 89904789706737589/438115886142895671, -42053036290830576257/110736195295485540085, -24759262059726842646187/260972231688722318158841, -67714368815864004211701285/178748405524377976096092962, -15986965984905530303483552591/133477482942245276331021500313, -94793821907721219566204910793/2269933732823743287148891502070, -9751057908484001583782006835228386/22867797826744097850554918416888061, -392197674442145030149899003155360999/800828368185291237115597050359510384, 1565322088454983686912646337837900173373/6912286441313872896711495044610415172921, -1219575401031057198884060103292372841658167/3434689603181171056857662526359379847817573, -166/847, -278997/670907, -67069313/208983346, -11746451559/607354287439, -7527247847707/26192990722055, -66581964130475316/146038628714298557, 3228802519409480837/110736195295485540085, -127579768361527627578633/260972231688722318158841, -2697224520600072855565737/25535486503482568013727566, -4681154652648586988056182911/10267498687865021256232423101, -145827657750700112047152603649/706201605767386800446321800644, 11390325249448538380482538256961435/22867797826744097850554918416888061, -686979095063021447655896689357530185/1601656736370582474231194100719020768, 159898034581637390260070470669375012283/13824572882627745793422990089220830345842, -622087827694050214439947552075624615949117/6869379206362342113715325052718759695635146, 35118888610937836370939145078081679775437789/2258375278652228671288462685570420824916678646, -159/847, 331102/670907, 41572210/104491673, -274024603668/607354287439, 22624912982289/497666823719045, 162614882193019009/438115886142895671, -6078885519640922981/22147239059097108017, -69850997157006913730290/260972231688722318158841, -10879747123095933405181003/89374202762188988048046481, 23497733618022450010399676006/133477482942245276331021500313, -14513608655618248557999946362547/31779072259532406020084481028980, 6851644762928124256902912414108329/22867797826744097850554918416888061, 313828345378910696824981988886510565/1601656736370582474231194100719020768, 3690731582795390458654041093061240351393/13824572882627745793422990089220830345842, -213193780139069007494049806318637423324103/6869379206362342113715325052718759695635146, -119008989387808429184222601682615829050444798/1129187639326114335644231342785210412458339323, -287527429595338719361288900156051389763521295633/1098089120368744589929338127981933364500455771689, -37/77, -193292/670907, 113324797/313475019, -289228772810/607354287439, 14251177863586/497666823719045, -196151596288085494/438115886142895671, -8335735216015180078/110736195295485540085, -32198633266385925166073/260972231688722318158841, 21625641514689453712503565/89374202762188988048046481, -45110313520153476469544723318/133477482942245276331021500313, -12166638144407986691674406580673/31779072259532406020084481028980, -3288569944093036941683616103166629/22867797826744097850554918416888061, 191230614277213500581412356343171855/1601656736370582474231194100719020768, -4899823783048685013815362804576067069661/13824572882627745793422990089220830345842, -1161301399977289521967307921985186852206227/6869379206362342113715325052718759695635146, 238311814139448991505079168231000641793707920/1129187639326114335644231342785210412458339323, 180798962818355342254974645939953952663555258127/1098089120368744589929338127981933364500455771689, -1358578749748210325702715831615833/4932466664491732210699998486265973, -24/77, -252978/670907, -1005405/12293138, 286900772187/607354287439, -176756059604157/497666823719045, 42052912548535346/146038628714298557, 23648013720065968787/110736195295485540085, -113107083748290472947858/260972231688722318158841, 44551396465515067983100931/178748405524377976096092962, -146228983739058352187287783/7025130681170804017422184227, -1333003662041748212899326667483/7944768064883101505021120257245, 9710867067610478422260201726290504/22867797826744097850554918416888061, 47708924125632498371236000051631137/1601656736370582474231194100719020768, -3715944029261449562211685954072739940739/13824572882627745793422990089220830345842, 1988799988158335722992190336146421006134547/6869379206362342113715325052718759695635146, 139449395294183977818405722361023666646292925/752791759550742890429487561856806941638892882, 319711103884103349220578320022814413861403056333/1098089120368744589929338127981933364500455771689, -4079053816688261787097206121979228/14797399993475196632099995458797919, 149166906956638413/2119519357349589928] }
(hist.len, cnt): (1588, 34413)
[(0, 1), (0, 2), (0, 2), (0, 2), (0, 2), (1, 2), (0, 3), (0, 3), (2, 3), (0, 4), (1, 2), (0, 4), (1, 2), (2, 3), (0, 4), (1, 5), (1, 5), (0, 4), (1, 2), (1, 3), (2, 3), (1, 4), (2, 4), (3, 4), (0, 5), (2, 3), (0, 4), (1, 2), (0, 5), (0, 4), (0, 6), (1, 4), (4, 5), (1, 6), (2, 3), (2, 4), (3, 4), (1, 5), (2, 3), (3, 4), (0, 6), (3, 4), (3, 5), (0, 6), (3, 4), (2, 5), (0, 6), (1, 2), (1, 5), (3, 4), (0, 6), (3, 4), (0, 5), (2, 3), (1, 6), (4, 6), (0, 7), (2, 5), (4, 5), (5, 6), (0, 7), (1, 2), (2, 3), (0, 4), (1, 4), (2, 3), (0, 6), (1, 2), (2, 7), (1, 4), (2, 3), (0, 7), (1, 2), (1, 3), (2, 3), (1, 4), (0, 5), (1, 2), (3, 4), (3, 6), (4, 5), (0, 7), (2, 3), (3, 5), (4, 5), (0, 6), (1, 2), (0, 3), (1, 2), (2, 4), (0, 8), (1, 2), (3, 4), (0, 5), (2, 7), (3, 5), (4, 5), (0, 8), (3, 5), (0, 6), (4, 6), (5, 6), (0, 7), (4, 7), (0, 8), (2, 5), (3, 4), (4, 6), (2, 7), (1, 6), (2, 3), (2, 4), (6, 7), (0, 8), (1, 2), (2, 3), (0, 5), (1, 2), (3, 4), (0, 8), (2, 3), (3, 4), (3, 5), (4, 5), (0, 6), (0, 2), (0, 4), (2, 5), (3, 5), (0, 6), (2, 3), (0, 8), (1, 2), (5, 6), (0, 9), (2, 3), (3, 4), (1, 8), (2, 9), (4, 5), (4, 7), (5, 6), (2, 8), (4, 5), (4, 6), (4, 7), (5, 6), (7, 8), (0, 9), (2, 3), (3, 6), (6, 7), (0, 9), (2, 3), (4, 5), (0, 6), (2, 4), (5, 7), (6, 7), (7, 8), (4, 9), (3, 4), (4, 5), (2, 6), (7, 8), (0, 9), (2, 3), (1, 5), (2, 6), (7, 8), (2, 9), (2, 4), (1, 5), (2, 3), (3, 5), (4, 5), (1, 6), (3, 5), (4, 5), (3, 7), (5, 7), (0, 9), (1, 2), (2, 6), (3, 4), (5, 6), (1, 7), (2, 5), (6, 7), (7, 8), (0, 10), (3, 4), (5, 8), (0, 9), (2, 4), (5, 6), (4, 7), (0, 8), (3, 4), (4, 5), (5, 6), (2, 10), (4, 6), (2, 8), (3, 4), (3, 6), (7, 8), (4, 9), (0, 10), (1, 2), (3, 4), (3, 5), (3, 6), (4, 5), (5, 6), (7, 8), (0, 9), (1, 3), (2, 6), (4, 6), (8, 9), (0, 10), (2, 3), (2, 5), (3, 4), (5, 6), (4, 8), (5, 6), (7, 8), (0, 10), (1, 2), (1, 5), (2, 4), (3, 5), (4, 5), (2, 6), (4, 5), (5, 6), (2, 7), (2, 4), (2, 7), (3, 6), (5, 9), (1, 11), (0, 1), (3, 4), (2, 5), (4, 5), (3, 6), (5, 6), (4, 6), (5, 6), (2, 7), (4, 7), (5, 6), (0, 10), (6, 7), (2, 8), (1, 11), (0, 1), (3, 4), (2, 6), (3, 5), (3, 7), (4, 7), (5, 6), (5, 7), (6, 7), (8, 9), (1, 11), (3, 4), (3, 6), (1, 8), (3, 4), (1, 5), (5, 6), (1, 11), (2, 3), (3, 4), (4, 6), (5, 6), (2, 7), (3, 4), (5, 6), (5, 7), (8, 9), (0, 10), (1, 2), (2, 6), (1, 11), (0, 1), (3, 4), (3, 7), (4, 5), (6, 7), (3, 8), (5, 6), (3, 10), (6, 8), (5, 9), (6, 7), (6, 8), (7, 8), (7, 9), (3, 10), (6, 7), (4, 8), (5, 7), (6, 8), (4, 9), (1, 11), (4, 8), (5, 7), (7, 8), (2, 9), (0, 9), (6, 8), (5, 10), (7, 8), (7, 10), (8, 9), (9, 10), (1, 11), (0, 1), (2, 3), (4, 5), (4, 6), (0, 7), (1, 2), (6, 7), (5, 9), (6, 7), (0, 8), (5, 7), (6, 7), (9, 10), (1, 11), (0, 1), (2, 3), (1, 3), (2, 3), (1, 4), (2, 6), (1, 4), (2, 3), (5, 6), (1, 7), (4, 5), (6, 7), (8, 9), (6, 10), (7, 9), (7, 10), (9, 10), (1, 11), (2, 4), (3, 4), (1, 5), (3, 5), (4, 5), (7, 9), (3, 10), (5, 9), (6, 11), (4, 6), (5, 6), (5, 7), (6, 7), (4, 8), (10, 11), (2, 12), (6, 7), (4, 8), (4, 11), (3, 4), (6, 7), (8, 10), (9, 10), (2, 12), (0, 2), (0, 2), (2, 6), (4, 5), (7, 8), (0, 10), (8, 9), (4, 11), (3, 8), (5, 9), (6, 7), (8, 9), (3, 11), (2, 3), (5, 10), (6, 7), (8, 9), (7, 10), (8, 9), (9, 10), (2, 12), (1, 2), (2, 4), (3, 4), (2, 5), (3, 8), (6, 8), (2, 10), (3, 4), (5, 8), (9, 10), (8, 11), (5, 12), (1, 5), (2, 3), (1, 4), (0, 6), (2, 4), (5, 6), (6, 10), (8, 9), (2, 12), (0, 2), (2, 5), (3, 5), (6, 7), (7, 9), (6, 9), (3, 10), (6, 7), (4, 8), (6, 8), (8, 9), (9, 10), (2, 12), (1, 2), (2, 3), (3, 4), (4, 7), (5, 8), (7, 8), (2, 12), (3, 4), (3, 5), (4, 5), (3, 8), (4, 5), (4, 6), (8, 9), (9, 10), (3, 11), (5, 6), (4, 8), (5, 6), (4, 7), (5, 9), (3, 10), (5, 9), (6, 8), (6, 9), (7, 8), (6, 11), (3, 8), (4, 5), (6, 7), (6, 8), (7, 9), (8, 9), (7, 10), (3, 12), (1, 3), (3, 5), (1, 6), (2, 4), (3, 4), (2, 5), (7, 10), (7, 9), (2, 11), (0, 2), (1, 4), (2, 4), (3, 4), (2, 5), (3, 4), (0, 10), (1, 3), (4, 5), (7, 12), (4, 7), (5, 6), (5, 7), (8, 9), (8, 10), (3, 13), (0, 3), (3, 5), (5, 6), (4, 7), (5, 6), (7, 8), (7, 9), (0, 10), (9, 10), (5, 11), (2, 5), (3, 5), (4, 5), (0, 10), (1, 2), (2, 3), (2, 6), (6, 7), (7, 8), (8, 9), (4, 11), (5, 6), (8, 10), (1, 11), (0, 1), (3, 4), (6, 8), (7, 8), (9, 10), (12, 13), (5, 12), (3, 5), (4, 5), (6, 8), (7, 8), (7, 9), (2, 10), (3, 4), (3, 5), (5, 9), (7, 8), (7, 9), (8, 9), (7, 10), (1, 11), (0, 1), (2, 3), (2, 4), (5, 8), (5, 8), (2, 12), (0, 2), (2, 3), (2, 4), (3, 5), (5, 6), (3, 8), (4, 5), (7, 8), (9, 12), (4, 13), (1, 4), (3, 4), (5, 6), (6, 7), (1, 9), (3, 4), (8, 9), (9, 10), (0, 10), (3, 10), (4, 6), (5, 6), (7, 9), (8, 9), (3, 10), (1, 11), (2, 3), (3, 4), (4, 5), (4, 6), (7, 10), (8, 9), (8, 10), (3, 13), (0, 3), (2, 3), (3, 4), (2, 6), (3, 5), (4, 5), (6, 7), (3, 9), (6, 8), (7, 8), (2, 10), (3, 8), (5, 6), (6, 7), (9, 10), (4, 11), (2, 12), (0, 2), (2, 4), (4, 5), (6, 8), (7, 8), (8, 10), (6, 9), (8, 9), (7, 12), (8, 10), (8, 10), (4, 13), (2, 4), (5, 7), (6, 8), (7, 9), (2, 10), (7, 9), (10, 11), (11, 12), (5, 11), (8, 10), (9, 10), (6, 13), (4, 6), (5, 6), (7, 8), (4, 10), (5, 7), (6, 9), (3, 11), (6, 7), (7, 8), (8, 9), (7, 10), (10, 12), (3, 10), (4, 5), (5, 6), (4, 9), (5, 6), (7, 8), (5, 9), (6, 7), (6, 10), (11, 12), (7, 11), (2, 7), (3, 5), (10, 11), (8, 12), (9, 10), (3, 13), (0, 3), (2, 5), (3, 4), (7, 8), (3, 8), (4, 5), (5, 6), (7, 8), (7, 9), (8, 9), (3, 10), (6, 7), (5, 8), (6, 7), (4, 9), (5, 6), (5, 7), (7, 8), (8, 9), (3, 10), (5, 9), (7, 9), (8, 10), (5, 13), (2, 5), (4, 5), (4, 7), (5, 8), (7, 8), (4, 10), (4, 6), (8, 11), (4, 13), (1, 4), (2, 3), (1, 4), (4, 5), (5, 6), (5, 7), (7, 10), (7, 10), (9, 10), (11, 13), (4, 11), (5, 6), (5, 7), (7, 8), (9, 10), (5, 11), (4, 5), (6, 8), (7, 8), (9, 11), (4, 14), (0, 4), (5, 6), (4, 9), (6, 7), (5, 9), (2, 12), (1, 2), (2, 5), (3, 4), (1, 6), (2, 3), (0, 5), (1, 2), (3, 4), (4, 5), (1, 7), (2, 3), (7, 9), (8, 9), (4, 12), (1, 4), (2, 3), (3, 4), (5, 8), (6, 7), (5, 9), (6, 8), (7, 8), (6, 9), (7, 9), (8, 9), (9, 11), (6, 14), (1, 6), (0, 5), (1, 2), (3, 6), (0, 8), (3, 5), (6, 8), (9, 13), (6, 9), (4, 8), (1, 9), (3, 4), (5, 6), (6, 7), (2, 8), (3, 5), (2, 5), (3, 4), (4, 5), (4, 6), (5, 7), (6, 7), (5, 8), (6, 9), (7, 8), (2, 10), (3, 5), (4, 5), (4, 6), (11, 12), (10, 11), (8, 10), (12, 13), (4, 14), (0, 4), (2, 3), (3, 4), (5, 6), (2, 8), (3, 6), (5, 8), (0, 9), (7, 9), (3, 13), (1, 3), (6, 7), (6, 9), (4, 10), (5, 7), (5, 8), (7, 10), (8, 10), (7, 10), (8, 9), (9, 14), (2, 9), (1, 3), (2, 3), (4, 5), (5, 7), (4, 9), (7, 9), (7, 10), (9, 10), (4, 11), (5, 7), (6, 7), (8, 13), (4, 8), (5, 7), (6, 7), (4, 8), (1, 9), (11, 12), (5, 13), (0, 5), (3, 4), (1, 5), (3, 4), (4, 5), (4, 6), (0, 7), (4, 5), (1, 6), (2, 6), (3, 4), (2, 5), (3, 4), (3, 5), (5, 6), (2, 8), (1, 7), (8, 9), (7, 10), (10, 11), (10, 14), (4, 10), (6, 7), (2, 9), (3, 5), (2, 5), (3, 4), (4, 5), (6, 7), (9, 10), (11, 12), (10, 14), (3, 10), (0, 6), (3, 4), (2, 10), (1, 8), (4, 6), (4, 6), (6, 9), (2, 10), (3, 4), (3, 7), (4, 5), (7, 12), (3, 7), (4, 5), (5, 6), (9, 10), (6, 13), (1, 6), (3, 4), (4, 5), (0, 6), (1, 2), (2, 5), (4, 7), (8, 10), (5, 14), (0, 5), (2, 4), (4, 5), (0, 6), (1, 3), (2, 5), (3, 4), (6, 7), (6, 8), (0, 10), (1, 3), (9, 10), (10, 14), (1, 10), (2, 3), (2, 4), (4, 8), (8, 10), (1, 11), (3, 4), (7, 8), (2, 9), (6, 8), (7, 9), (3, 13), (0, 3), (2, 3), (7, 15), (2, 7), (6, 7), (5, 7), (6, 7), (7, 8), (2, 9), (5, 7), (6, 7), (6, 9), (7, 8), (5, 11), (6, 10), (7, 9), (8, 9), (8, 10), (8, 10), (8, 14), (3, 8), (6, 7), (8, 12), (7, 13), (6, 7), (4, 14), (0, 4), (2, 4), (3, 4), (5, 7), (6, 7), (2, 8), (4, 6), (5, 7), (6, 8), (8, 9), (7, 10), (8, 9), (9, 10), (4, 13), (1, 4), (3, 4), (5, 6), (4, 7), (6, 7), (5, 8), (2, 9), (5, 7), (6, 7), (3, 8), (4, 6), (4, 6), (7, 8), (4, 9), (6, 9), (7, 9), (8, 9), (2, 11), (0, 2), (3, 6), (5, 6), (5, 8), (4, 7), (5, 7), (7, 8), (4, 9), (5, 7), (6, 7), (6, 9), (7, 8), (6, 10), (7, 9), (8, 9), (10, 14), (3, 10), (4, 8), (5, 8), (6, 10), (7, 8), (10, 11), (6, 12), (3, 6), (12, 14), (10, 12), (3, 10), (8, 9), (8, 10), (9, 10), (4, 11), (1, 4), (2, 3), (3, 4), (7, 9), (10, 12), (9, 10), (5, 15), (0, 5), (2, 4), (10, 11), (9, 10), (7, 14), (1, 7), (4, 5), (2, 6), (3, 5), (4, 5), (6, 7), (6, 8), (8, 10), (7, 11), (7, 15), (0, 7), (2, 3), (2, 6), (3, 4), (5, 6), (4, 7), (6, 7), (1, 8), (3, 5), (4, 5), (5, 6), (6, 7), (8, 9), (2, 10), (6, 7), (5, 11), (1, 5), (3, 5), (2, 6), (0, 7), (1, 2), (1, 4), (2, 3), (3, 4), (3, 5), (5, 8), (11, 12), (3, 13), (0, 3), (1, 3), (2, 6), (5, 6), (2, 7), (3, 7), (5, 9), (7, 8), (2, 12), (1, 2), (2, 7), (3, 4), (4, 6), (5, 6), (6, 7), (11, 14), (5, 15), (0, 5), (2, 3), (3, 4), (3, 8), (6, 7), (6, 8), (7, 8), (4, 9), (8, 9), (3, 10), (4, 6), (8, 9), (9, 10), (8, 11), (3, 13), (0, 3), (1, 2), (2, 3), (1, 8), (3, 5), (1, 6), (3, 4), (7, 9), (8, 9), (3, 12), (0, 3), (4, 5), (6, 8), (8, 15), (4, 8), (5, 6), (5, 8), (2, 11), (5, 8), (5, 8), (8, 9), (4, 13), (0, 4), (5, 7), (6, 7), (6, 9), (12, 15), (5, 12), (2, 5), (3, 4), (9, 11), (10, 11), (7, 13), (8, 9), (9, 14), (0, 9), (2, 3), (2, 5), (3, 5), (2, 8), (3, 5), (4, 5), (5, 6), (6, 7), (7, 8), (0, 9), (1, 2), (4, 5), (3, 9), (5, 6), (4, 7), (5, 6), (6, 7), (0, 10), (1, 2), (2, 3), (1, 8), (2, 4), (6, 10), (2, 8), (4, 9), (5, 8), (5, 7), (4, 8), (5, 6), (6, 7), (8, 9), (9, 10), (2, 11), (3, 4), (3, 6), (4, 7), (5, 6), (6, 7), (5, 8), (6, 8), (7, 8), (3, 9), (4, 6), (5, 6), (5, 7), (6, 7), (6, 12), (7, 9), (8, 9), (13, 14), (6, 15), (2, 6), (2, 6), (3, 5), (3, 8), (4, 5), (5, 6), (7, 8), (0, 10), (1, 2), (3, 5), (4, 6), (5, 6), (9, 10), (1, 11), (2, 3), (5, 6), (6, 7), (7, 8), (3, 9), (7, 8), (10, 12), (8, 10), (5, 11), (6, 7), (5, 13), (2, 5), (3, 4), (3, 5), (4, 5), (6, 9), (7, 8), (7, 9), (8, 9), (3, 10), (9, 11), (8, 9), (4, 12), (5, 6), (6, 7), (7, 9), (8, 10), (9, 10), (8, 15), (1, 8), (3, 4), (3, 5), (3, 5), (6, 7), (9, 12), (2, 9), (3, 4), (3, 5), (5, 6), (6, 8), (10, 13), (11, 14), (4, 11), (3, 4), (5, 8), (6, 9), (7, 8), (0, 9), (1, 3), (3, 4), (1, 5), (6, 7), (7, 8), (8, 9), (9, 10), (8, 11), (1, 9), (2, 3), (3, 4), (2, 5), (3, 5), (4, 5), (3, 6), (2, 9), (4, 8), (6, 7), (4, 9), (5, 6), (8, 10), (12, 14), (5, 12), (13, 15), (12, 13), (11, 12), (4, 11), (5, 6), (8, 9), (9, 10), (8, 16), (0, 8), (1, 2), (0, 3), (2, 8), (3, 5), (4, 8), (7, 8), (4, 9), (5, 8), (7, 8), (4, 10), (7, 9), (3, 12), (1, 3), (0, 3), (1, 4), (5, 8), (6, 9), (7, 9), (8, 9), (10, 11), (8, 10), (9, 10), (2, 12), (1, 2), (3, 5), (4, 5), (2, 7), (8, 9), (8, 10), (2, 12), (0, 2), (3, 4), (5, 7), (6, 7), (6, 8), (7, 8), (7, 9), (7, 10), (11, 12), (12, 16), (8, 12), (7, 8), (5, 12), (4, 5), (11, 13), (6, 11), (3, 6), (4, 6), (5, 6), (7, 8), (8, 9), (9, 10), (7, 10), (8, 9), (8, 10), (9, 10), (6, 16), (0, 6), (1, 2), (4, 5), (2, 6), (2, 4), (4, 5), (1, 7), (3, 6), (4, 5), (8, 14), (7, 8), (9, 10), (9, 15), (6, 9), (7, 9), (8, 9), (8, 13), (1, 8), (10, 14), (4, 10), (5, 7), (6, 7), (2, 8), (5, 6), (11, 12), (12, 13), (3, 12), (5, 8), (13, 16), (12, 13), (5, 12), (4, 5), (7, 8), (2, 9), (7, 8), (14, 15), (11, 16), (2, 11), (1, 2), (4, 5), (0, 6), (1, 2), (2, 4), (3, 4), (5, 7), (6, 7), (1, 8), (4, 6), (4, 6), (1, 9), (3, 4), (8, 9), (6, 9), (7, 9), (2, 10), (4, 6), (7, 9), (2, 11), (5, 7), (6, 7), (6, 8), (11, 14), (4, 11), (3, 4), (5, 8), (5, 8), (4, 9), (6, 8), (6, 11), (7, 8), (8, 9), (9, 13), (4, 9), (6, 8), (7, 8), (6, 9), (6, 16), (0, 6), (2, 3), (3, 4), (6, 7), (2, 9), (4, 5), (7, 8), (1, 9), (7, 8), (8, 12), (2, 8), (5, 8), (6, 7), (7, 8), (3, 13), (0, 3), (2, 4), (4, 6), (6, 7), (2, 8), (3, 6), (4, 5), (5, 6), (5, 12), (3, 5), (4, 5), (7, 9), (8, 9), (8, 10), (9, 10), (14, 15), (13, 14), (6, 16), (0, 6), (1, 2), (1, 3), (2, 3), (7, 10), (9, 10), (5, 13), (3, 5), (3, 5), (4, 5), (6, 16), (0, 6), (3, 4), (5, 6), (4, 6), (3, 4), (4, 6), (3, 7), (1, 8), (5, 6), (9, 10), (9, 16), (7, 9), (5, 8), (4, 5), (7, 8), (5, 9), (7, 8), (8, 9), (11, 12), (10, 11), (13, 15), (10, 13), (7, 10), (11, 13), (7, 11), (8, 10), (11, 16), (1, 11), (0, 1), (2, 3), (4, 5), (6, 8), (7, 8), (5, 14), (1, 5), (3, 4), (4, 5), (8, 10), (8, 15), (0, 8), (1, 2), (2, 3), (7, 8), (9, 10), (9, 11), (1, 9), (2, 3), (4, 5), (5, 6), (6, 7), (6, 8), (8, 9), (6, 16), (0, 6), (2, 5), (4, 5), (4, 7), (5, 7), (6, 7), (10, 11), (1, 10), (2, 3), (3, 4), (3, 8), (5, 8), (7, 8), (8, 9), (9, 10), (4, 13), (1, 4), (3, 4), (5, 7), (8, 15), (1, 8), (2, 8), (3, 4), (3, 5), (3, 7), (4, 5), (4, 6), (10, 11), (2, 12), (3, 5), (4, 5), (4, 6), (5, 6), (5, 7), (6, 8), (7, 8), (11, 17), (2, 11), (4, 6), (5, 6), (5, 7), (3, 8), (4, 5), (5, 6), (4, 7), (4, 8), (3, 9), (4, 9), (5, 11), (4, 5), (6, 7), (6, 10), (7, 8), (7, 9), (9, 10), (7, 17), (0, 7), (2, 3), (7, 8), (7, 10), (5, 10), (6, 7), (6, 9), (7, 8), (7, 9), (8, 10), (10, 12), (5, 10), (6, 10), (11, 13), (3, 11), (4, 8), (6, 9), (7, 8), (10, 13), (2, 10), (3, 6), (4, 8), (6, 7), (5, 8), (7, 8), (7, 9), (6, 10), (8, 14), (2, 8), (3, 4), (2, 6), (1, 8), (5, 6), (0, 9), (3, 4), (5, 7), (6, 9), (5, 10), (9, 10), (7, 11), (9, 10), (8, 18), (0, 8), (1, 5), (2, 3), (3, 4), (6, 9), (8, 9), (8, 13), (9, 10), (4, 12), (1, 4), (2, 5), (7, 8)]
