results/deeplll10/ndim15seed4cnt1000dim15delta0.98999995.txt: 25.635 sec
b: [[-7, 2, -4, -7, -1, 3, -3, -3, 6, -5, -3, 6, 0, -3, 0],
 [-2, 5, 11, -2, -1, -7, 1, 4, -5, -5, 3, -2, -1, 2, 1],
 [-8, -3, 5, 5, 0, -4, 1, -6, 0, -5, 0, 9, -4, -1, 2],
 [2, -2, -10, -2, -1, -4, -3, 2, -4, 2, 1, -8, -7, -2, -2],
 [-3, 1, -10, -7, -2, 5, -11, -4, -8, 4, -1, 0, 2, -4, 1],
 [-11, 6, 1, -4, 2, 2, 2, 5, -4, 5, -2, 7, 1, 2, 1],
 [8, -4, 2, -2, -4, -6, 10, -2, 0, -3, -4, -7, 2, 3, 3],
 [-9, 4, 0, 12, 1, 0, 4, 3, 1, -2, -2, -1, -1, -1, -5],
 [-5, -1, -6, -2, -3, 3, 2, 7, -5, -4, -11, 2, -2, -1, -1],
 [11, 4, 0, -1, -8, -1, 3, -3, 9, 4, 0, -2, 0, 1, 5],
 [3, 2, -2, 1, 0, 5, -2, 8, -10, -4, 9, 0, 6, 2, 0],
 [-6, -10, 3, -1, 0, -1, -3, 2, 2, 10, 4, 2, -4, -3, -6],
 [-2, -2, -3, -12, 2, 11, 2, -5, -2, 9, 0, 2, 0, 3, -7],
 [2, -1, 12, 2, -5, 0, -5, -4, -7, -1, 0, 4, -5, 0, 0],
 [-2, -5, -5, 6, 4, -3, -6, -6, 8, -3, -4, -2, -2, -6, -1]], shape=[15, 15], strides=[15, 1], layout=Cc (0x5), const ndim=2
v_norms: [261, 70361/261, 17735939/70361, 3998269789/17735939, 970919561771/3998269789, 211437481597054/970919561771, 20048111747385736/105718740798527, 418384590034461094/2506013968423217, 941190955687193432571/6694153440551377504, 15725482372069970200721/104576772854132603619, 7391407573661408039312516/47176447116209910602163, 844988545407404757118337722/5543555680246056029484387, 124088075933060745780803709719/844988545407404757118337722, 251944079848947866164375/496352303732242983123214838876, 1/251944079848947866164375], shape=[15], strides=[1], layout=CFcf (0xf), const ndim=1
Mu { arr: [-73/261, 80/261, 22022/70361, -17/87, -18339/70361, -6147867/17735939, 121/261, -26924/70361, -6881405/17735939, 1895181386/3998269789, 89/261, 21113/70361, 28287/17735939, -858168230/3998269789, 330994238762/970919561771, -40/87, 7422/70361, -2189543/17735939, -85544821/3998269789, -456897984598/970919561771, -42061257435645/105718740798527, -16/261, 5096/70361, 7091910/17735939, -54966478/3998269789, -290014899370/970919561771, 95634621749031/211437481597054, -3857888242950711/10024055873692868, 94/261, -3056/70361, -2050852/17735939, 1121132968/3998269789, 14670629263/970919561771, 101774707213455/211437481597054, 7785041245867355/20048111747385736, 753401149189660089/1673538360137844376, -38/261, -15302/70361, -5558705/17735939, -1083510128/3998269789, -373889115176/970919561771, -45418060526321/105718740798527, 6810930561652219/20048111747385736, -512772828787433573/1673538360137844376, -130330553761873603021/313730318562397810857, -92/261, 11554/70361, -6800819/17735939, -406917384/3998269789, 451660669523/970919561771, 2819383869505/105718740798527, -6969212310964767/20048111747385736, 162712360504810833/1673538360137844376, 54607529379163164125/134455850812456204653, -13236652654112451274270/47176447116209910602163, -4/87, -14187/70361, 5114606/17735939, 916677584/3998269789, 45853784317/970919561771, 36152299889361/105718740798527, -8212046478235393/20048111747385736, -805009559893968377/1673538360137844376, -17049368247156859685/134455850812456204653, -13801979829858526026371/47176447116209910602163, -893866319869902494361607/1847851893415352009828129, 92/261, -32956/70361, -6872797/17735939, -688022217/3998269789, 357926910859/970919561771, 91099988156585/211437481597054, 929979076540391/5012027936846434, -390174019967915427/836769180068922188, -215352698632473088202/941190955687193432571, -22456905256716874205408/47176447116209910602163, -408112385159214933980174/1847851893415352009828129, 253482199945307499232153281/844988545407404757118337722, -59/261, 32233/70361, 8192211/17735939, -283439744/3998269789, 437247109198/970919561771, -73630735650793/211437481597054, -2307993935856523/20048111747385736, -398682799073040897/1673538360137844376, 52396985889726200651/134455850812456204653, 17554187625243864701687/47176447116209910602163, -2509007776217873312039209/7391407573661408039312516, 141704189687693871293294607/844988545407404757118337722, 58838097183698745201848882755/124088075933060745780803709719, 86/261, -31567/70361, 6930161/17735939, 1408630354/3998269789, -250218445760/970919561771, -96906863561511/211437481597054, -1400857131354025/5012027936846434, 254570117072477497/836769180068922188, -43294694425642139798/313730318562397810857, -2808846712850725867220/15725482372069970200721, -3501435610185031743060173/7391407573661408039312516, -141126686371423702263891701/844988545407404757118337722, -58740881917497504152022595551/124088075933060745780803709719, -48580793151154192514057/251944079848947866164375] }
(hist.len, cnt): (804, 14955)
[(0, 1), (0, 1), (0, 1), (0, 2), (0, 2), (0, 2), (0, 2), (1, 2), (0, 3), (0, 3), (1, 2), (0, 3), (0, 2), (1, 3), (0, 3), (1, 4), (0, 4), (1, 2), (0, 3), (0, 4), (0, 2), (1, 2), (0, 4), (2, 3), (0, 4), (0, 5), (1, 5), (0, 4), (3, 4), (1, 5), (1, 4), (2, 3), (2, 4), (0, 5), (3, 4), (0, 5), (3, 4), (0, 5), (1, 4), (3, 4), (0, 5), (2, 5), (4, 5), (0, 6), (1, 2), (3, 4), (0, 6), (1, 3), (1, 3), (0, 4), (0, 4), (1, 3), (0, 6), (1, 3), (2, 3), (0, 6), (0, 3), (3, 4), (0, 6), (3, 4), (1, 7), (3, 4), (1, 5), (0, 7), (2, 3), (5, 6), (4, 6), (5, 6), (0, 7), (0, 2), (3, 7), (1, 7), (5, 6), (0, 7), (0, 2), (2, 3), (0, 6), (1, 2), (1, 3), (0, 7), (3, 5), (4, 5), (0, 7), (2, 4), (2, 5), (2, 4), (5, 6), (0, 7), (2, 3), (1, 6), (1, 7), (2, 7), (5, 6), (5, 7), (6, 7), (0, 8), (6, 7), (0, 8), (2, 3), (0, 5), (2, 3), (1, 5), (0, 7), (2, 3), (3, 5), (1, 7), (2, 4), (4, 5), (4, 7), (6, 7), (1, 8), (3, 5), (0, 6), (4, 5), (0, 8), (1, 3), (1, 5), (2, 3), (5, 6), (0, 7), (1, 3), (2, 3), (1, 4), (0, 7), (2, 3), (2, 4), (2, 8), (1, 3), (1, 5), (5, 6), (6, 7), (1, 8), (1, 5), (4, 5), (3, 7), (1, 8), (2, 3), (5, 6), (1, 9), (4, 5), (1, 6), (2, 6), (5, 6), (0, 9), (2, 3), (2, 4), (2, 6), (5, 7), (2, 8), (5, 6), (0, 9), (3, 4), (6, 8), (7, 8), (0, 9), (0, 2), (5, 6), (0, 7), (1, 2), (2, 3), (3, 4), (5, 7), (1, 8), (2, 4), (2, 6), (3, 4), (4, 7), (5, 6), (5, 7), (0, 8), (1, 2), (1, 3), (2, 3), (1, 4), (3, 6), (4, 5), (7, 8), (3, 9), (0, 3), (1, 4), (2, 3), (5, 6), (6, 7), (7, 8), (0, 9), (1, 2), (3, 6), (4, 6), (5, 6), (3, 7), (4, 5), (4, 8), (5, 6), (3, 8), (4, 6), (0, 9), (2, 4), (3, 4), (3, 5), (4, 5), (5, 6), (0, 7), (1, 8), (4, 5), (0, 7), (1, 2), (3, 4), (5, 8), (0, 9), (1, 3), (2, 3), (3, 4), (2, 5), (0, 7), (1, 2), (3, 4), (6, 7), (3, 8), (6, 8), (7, 8), (1, 9), (1, 3), (4, 6), (5, 6), (0, 7), (5, 8), (6, 7), (1, 9), (5, 6), (3, 7), (3, 5), (6, 7), (0, 9), (3, 4), (7, 8), (0, 9), (1, 2), (1, 3), (1, 7), (7, 8), (2, 10), (5, 6), (5, 7), (6, 8), (3, 9), (5, 6), (7, 9), (8, 9), (5, 10), (3, 5), (1, 3), (4, 5), (3, 6), (4, 5), (4, 6), (5, 6), (3, 9), (4, 7), (6, 7), (0, 10), (2, 4), (4, 6), (5, 6), (6, 7), (2, 8), (4, 9), (0, 10), (2, 3), (2, 4), (3, 5), (2, 6), (4, 5), (5, 6), (6, 7), (8, 9), (0, 10), (2, 3), (1, 4), (2, 3), (5, 7), (6, 8), (0, 9), (2, 4), (5, 6), (0, 7), (1, 9), (3, 4), (1, 6), (4, 9), (5, 7), (5, 8), (0, 10), (1, 2), (2, 3), (3, 4), (4, 5), (0, 6), (6, 7), (2, 8), (3, 6), (0, 9), (2, 3), (1, 4), (2, 4), (5, 6), (2, 6), (3, 6), (1, 8), (6, 9), (0, 10), (1, 2), (5, 6), (4, 8), (5, 6), (6, 7), (7, 9), (0, 10), (2, 3), (4, 7), (5, 6), (5, 7), (3, 8), (6, 8), (7, 8), (0, 9), (1, 2), (6, 7), (0, 10), (2, 3), (4, 6), (5, 6), (5, 9), (8, 9), (0, 10), (3, 5), (4, 5), (4, 6), (7, 10), (9, 10), (1, 11), (2, 4), (2, 5), (2, 8), (4, 8), (6, 7), (1, 9), (4, 6), (5, 6), (6, 7), (2, 8), (3, 4), (5, 6), (5, 9), (6, 7), (1, 11), (2, 3), (2, 4), (4, 5), (2, 6), (0, 7), (3, 4), (2, 6), (3, 4), (5, 6), (6, 10), (7, 8), (0, 9), (4, 8), (5, 8), (7, 9), (0, 10), (3, 4), (4, 5), (2, 6), (6, 7), (3, 10), (2, 5), (3, 6), (4, 5), (6, 8), (2, 10), (8, 9), (1, 11), (5, 6), (4, 7), (5, 6), (7, 8), (1, 11), (2, 7), (2, 6), (4, 5), (7, 8), (2, 9), (3, 4), (2, 11), (6, 7), (0, 8), (7, 10), (7, 9), (1, 11), (0, 1), (1, 2), (1, 3), (3, 4), (4, 5), (6, 7), (1, 8), (4, 9), (5, 7), (6, 8), (7, 9), (8, 9), (3, 11), (2, 3), (2, 8), (4, 6), (5, 6), (6, 7), (1, 10), (2, 3), (3, 4), (3, 5), (5, 7), (5, 7), (2, 9), (3, 4), (4, 5), (7, 10), (8, 9), (1, 11), (0, 1), (2, 3), (1, 4), (1, 6), (4, 5), (3, 6), (4, 7), (4, 10), (5, 9), (8, 9), (1, 11), (1, 3), (1, 7), (4, 5), (5, 8), (0, 10), (1, 2), (4, 5), (3, 6), (7, 8), (0, 9), (5, 6), (2, 7), (6, 7), (3, 9), (2, 8), (4, 5), (6, 7), (7, 10), (7, 11), (8, 9), (2, 10), (5, 10), (6, 8), (7, 8), (6, 9), (2, 12), (0, 2), (2, 3), (4, 6), (5, 7), (7, 8), (9, 10), (3, 12), (0, 6), (3, 4), (4, 5), (3, 6), (4, 5), (4, 9), (3, 5), (4, 5), (1, 6), (5, 6), (10, 11), (9, 10), (2, 12), (0, 2), (1, 2), (2, 3), (2, 4), (1, 6), (5, 6), (5, 7), (6, 7), (2, 12), (1, 2), (3, 4), (3, 5), (5, 6), (7, 8), (7, 9), (2, 10), (1, 11), (0, 1), (2, 5), (6, 7), (2, 8), (7, 8), (4, 9), (2, 8), (3, 4), (7, 10), (4, 12), (7, 9), (1, 11), (0, 1), (1, 3), (4, 5), (8, 10), (9, 10), (4, 12), (3, 4), (5, 7), (3, 8), (9, 10), (10, 11), (2, 12), (0, 2), (1, 3), (0, 4), (3, 5), (4, 5), (3, 8), (7, 8), (7, 9), (6, 9), (7, 8), (7, 9), (1, 11), (4, 8), (5, 8), (6, 7), (6, 8), (2, 12), (0, 2), (2, 4), (1, 8), (6, 8), (7, 8), (3, 10), (5, 6), (8, 9), (2, 11), (4, 6), (1, 7), (2, 9), (3, 5), (4, 5), (8, 9), (2, 12), (0, 2), (1, 2), (0, 4), (5, 6), (5, 7), (7, 8), (3, 9), (0, 6), (1, 3), (2, 3), (3, 4), (3, 5), (1, 8), (0, 10), (2, 4), (3, 4), (1, 6), (5, 6), (7, 8), (8, 9), (2, 12), (0, 2), (2, 3), (2, 5), (3, 5), (2, 7), (3, 5), (4, 6), (8, 9), (4, 12), (1, 4), (2, 3), (3, 4), (0, 5), (3, 7), (5, 7), (9, 10), (5, 12), (3, 5), (1, 6), (4, 7), (4, 9), (7, 8), (9, 11), (7, 9), (8, 9), (3, 10), (5, 6), (4, 7), (5, 7), (2, 12), (0, 2), (1, 2), (3, 4), (3, 5), (5, 6), (6, 7), (7, 9), (8, 9), (2, 10), (3, 4), (7, 8), (4, 9), (7, 8), (6, 9), (7, 8), (8, 9), (4, 10), (5, 6), (10, 11), (2, 12), (1, 2), (2, 3), (3, 4), (4, 6), (5, 6), (2, 7), (5, 7), (4, 8), (5, 6), (1, 9), (3, 5), (4, 6), (7, 9), (8, 9), (3, 13), (0, 3), (3, 4), (4, 5), (5, 6), (3, 7), (4, 5), (4, 6), (6, 7), (2, 8), (2, 6), (4, 5), (8, 9), (2, 10), (3, 5), (6, 7), (8, 10), (6, 12), (1, 6), (2, 3), (4, 5), (6, 7), (1, 9), (7, 8), (6, 10), (7, 9), (11, 12), (10, 11), (3, 13), (1, 3), (1, 6), (4, 7), (6, 7), (2, 9), (2, 4), (5, 7), (6, 7), (3, 8), (6, 9), (7, 8), (9, 10), (2, 11), (0, 5), (1, 3), (3, 4), (4, 5), (3, 7), (4, 5), (4, 7), (5, 7), (9, 10), (3, 13), (0, 3), (1, 2), (0, 5), (1, 3), (4, 8), (5, 6), (2, 8), (5, 8), (1, 11), (0, 1), (2, 4), (2, 7), (5, 8), (1, 7), (2, 4), (3, 4), (5, 6), (1, 9), (7, 10), (2, 12), (1, 2), (2, 3), (4, 5), (5, 6), (5, 7), (2, 9), (5, 8), (6, 7), (6, 8), (5, 9), (6, 8), (7, 8), (9, 10), (5, 11), (9, 10), (8, 13), (4, 8), (6, 7), (5, 8), (6, 7), (7, 8), (3, 9), (9, 10), (9, 11), (6, 9), (3, 12), (9, 11), (10, 11), (4, 13), (0, 4), (3, 5), (1, 6), (3, 4), (4, 7), (3, 8), (4, 7), (5, 8), (1, 10), (2, 3), (3, 4), (4, 6), (4, 7), (5, 6), (3, 9), (4, 5), (5, 6), (6, 7), (7, 8), (7, 11), (11, 12), (10, 11), (8, 13), (4, 8), (1, 6), (3, 4), (2, 5), (3, 4), (4, 5), (6, 7), (0, 8), (1, 2), (4, 8), (5, 7), (5, 10), (2, 8), (4, 5), (3, 7), (4, 7), (5, 6), (5, 7), (7, 8), (8, 9), (7, 12), (2, 8), (0, 2), (4, 5), (3, 7), (4, 8), (6, 8), (7, 8), (7, 9), (1, 10), (2, 3), (5, 8), (9, 11), (8, 9)]
