results/deeplll10/ndim20seed0cnt1000dim20delta1.txt: 133.598 sec
b: [[0, -2, 1, -3, 4, -4, 3, -6, 6, 9, 2, -2, -5, -1, -1, 5, 7, 2, -7, 12],
 [7, 6, -2, -2, 10, 3, 3, 0, 11, -1, 7, 9, 7, -4, 0, 10, 5, 1, 1, -1],
 [4, -12, 8, 4, 2, -12, -1, 3, 2, 10, -4, -7, -4, -1, 4, -2, -9, 3, 1, 9],
 [9, -9, 14, 7, -8, 1, -6, 5, -1, -1, 3, -4, 0, -3, -2, 1, 1, -9, -2, -9],
 [0, 6, 1, -13, 0, -10, -2, 5, 5, -12, 0, -4, 1, 1, 4, -5, 0, 11, 1, 1],
 [3, 4, 5, 16, -1, 12, -1, -11, 0, -4, -1, -5, -6, 5, 4, 0, 1, -5, -2, -11],
 [-10, -6, -3, -4, -8, 1, -1, -6, -7, 14, 3, 13, -5, 6, 0, 2, -2, 3, 4, -2],
 [-4, -6, 0, 11, -1, -8, -4, -6, 4, 7, 12, 8, 3, -5, 6, -2, -3, -2, -3, -4],
 [-3, 2, -12, 0, 1, 3, 5, -13, 2, 4, 4, 4, -9, 0, -11, 13, -1, 8, 2, -8],
 [-2, -11, -1, 4, -3, 8, 1, 6, -8, 1, -6, 4, -10, -1, -3, 12, 3, 3, -11, -3],
 [-4, -7, -7, 5, -4, -7, 0, 9, -7, -1, -1, 4, 4, 3, 0, -6, 4, 18, 3, -3],
 [9, -4, -15, -13, -6, -3, -2, 4, 0, -1, 1, 5, 1, 3, -4, -2, 9, 10, -10, -7],
 [2, 0, 3, 12, -5, -15, 3, 3, -2, -5, 7, -2, 6, 1, 1, 4, 3, -7, 10, 3],
 [-4, 4, 0, 1, 2, 1, -5, -1, 4, 0, 8, 3, -3, 0, 9, 14, 11, -6, -13, -3],
 [-6, -6, -5, 0, -1, 3, 3, 0, -12, -4, 13, -3, -10, 5, 0, 4, -4, -1, -2, -1],
 [7, -12, -6, -5, 3, 7, 4, 8, -1, 11, -2, 3, 2, 4, 3, 1, -2, 12, -3, 11],
 [-4, 3, -4, 12, -16, 10, -5, -2, -11, 18, 1, 18, -9, 6, -4, -6, -9, 1, -5, 0],
 [-1, 4, -2, 3, 5, -1, 5, -8, 7, 5, 3, 14, 1, -5, -7, 11, -4, 2, 10, -4],
 [-51, 69, -90, -47, 38, 76, 55, -55, 0, 31, 25, 75, 13, 2, -50, 63, 75, -17, -7, 43],
 [38, -42, 57, 31, -18, -41, -26, 16, 8, 4, 6, -39, 2, -4, 25, -32, -32, -19, 5, -9]], shape=[20, 20], strides=[20, 1], layout=Cc (0x5), const ndim=2
v_norms: [514, 323023/514, 172634952/323023, 35169607475/57544984, 62364607498453/105508822425, 32583481905805062/62364607498453, 2597693189969846390/5430580317634177, 1722061298861534552443/3896539784954769585, 1592777400154422203802457/3444122597723069104886, 723645849609064727308284044/1592777400154422203802457, 136158150419138644645569750749/361822924804532363654142022, 219611659603365064340197205552961/544632601676554578582279002996, 73255666677172176530929691077190197/219611659603365064340197205552961, 8633747932591645129455551023394463086/73255666677172176530929691077190197, 1453569102110991527295353381175627940691/4316873966295822564727775511697231543, 175281323440244148032238519761201003158663/2907138204221983054590706762351255881382, 11235968884673095054053189212189377225465187/25040189062892021147462645680171571879809, 648565918494186079482821593292/11235968884673095054053189212189377225465187, 116144861681281155/4539961429459302556379751153044, 1/116144861681281155], shape=[20], strides=[1], layout=CFcf (0xf), const ndim=1
Mu { arr: [119/514, 107/257, -159106/323023, -169/514, -45681/323023, 19552251/57544984, -23/257, 15240/323023, 1696141/24662136, -13259525671/35169607475, -84/257, -18558/323023, -16026047/57544984, 16183260753/35169607475, -24696199639704/62364607498453, 51/514, -90879/323023, -37251175/172634952, -6850861989/35169607475, -29336480814673/62364607498453, -2015718222048840/5430580317634177, 24/257, 28212/323023, 52992055/172634952, 6203587181/35169607475, -19300987859333/62364607498453, 482787558081007/16291740952902531, 585885512060447987/1298846594984923195, 137/514, 92151/323023, -80669485/172634952, -7926769167/35169607475, -23840350157269/62364607498453, 5265801521950399/32583481905805062, 124998895688549190/259769318996984639, -236740564277283452020/1722061298861534552443, 55/514, -68225/323023, -16518931/86317476, 11742854094/35169607475, -21929581506542/62364607498453, -2661065795255258/16291740952902531, 136941854664050023/1298846594984923195, -653409691730808884963/1722061298861534552443, 462970371343862209164354/1592777400154422203802457, -157/514, -70753/323023, 11558563/86317476, -12913255942/35169607475, 10542258002381/62364607498453, -3190298649606225/10861160635268354, 687614126341623967/2597693189969846390, 353238056465888564694/1722061298861534552443, 235961595270941187069563/1592777400154422203802457, 85034260225097218085857216/180911462402266181827071011, 14/257, 48068/323023, -33529019/86317476, -1785820242/35169607475, 28241651903681/62364607498453, -4989440380996001/10861160635268354, 305516756212397716/1298846594984923195, -75539376739145294511/1722061298861534552443, 517178733982267405328395/1592777400154422203802457, 255547900591380125077850581/723645849609064727308284044, 61953727509231586434305641434/136158150419138644645569750749, -40/257, 12090/323023, 10384809/28772492, 7566184442/35169607475, 2008441383744/62364607498453, -1279730166421315/16291740952902531, -366504027523478853/2597693189969846390, 695782526587213575134/1722061298861534552443, 32084482716208403360678/1592777400154422203802457, -239405194001807168084781271/723645849609064727308284044, 48989265001360261000755824687/136158150419138644645569750749, -108848650945244316449085534672403/219611659603365064340197205552961, 107/257, 122052/323023, -11851603/28772492, 14141053754/35169607475, 1132796973003/62364607498453, 1880397865923089/10861160635268354, 229618150976646232/1298846594984923195, 576691709261735998548/1722061298861534552443, -306938387558848722409181/1592777400154422203802457, 356415172018489018535220621/723645849609064727308284044, -46270580510230358875488227322/136158150419138644645569750749, -3018894455872364251950616810385/73203886534455021446732401850987, 24046207524029433083539832267774994/73255666677172176530929691077190197, -39/514, -96103/323023, -50021957/172634952, 119141133/7033921495, -10141088701745/62364607498453, -487287183229755/10861160635268354, 542815323478398757/2597693189969846390, 130690669798674459699/1722061298861534552443, 510639075226399640574529/1592777400154422203802457, 192817054932153080533408049/723645849609064727308284044, -25388866684254272269400433091/136158150419138644645569750749, -11242247136334877015166427727497/73203886534455021446732401850987, 22842772578408332952998937445137747/73255666677172176530929691077190197, 521619110150175587421847629737743710/4316873966295822564727775511697231543, 215/514, -399/323023, 9187883/24662136, -11167717953/35169607475, -12089506796371/62364607498453, -1999785724385265/5430580317634177, 122987147215442351/1298846594984923195, -814715123495324691786/1722061298861534552443, -316980120178557007515376/1592777400154422203802457, 81891116619212736674236351/180911462402266181827071011, 55108485676299491002029229678/136158150419138644645569750749, 106488943983195603354382323390724/219611659603365064340197205552961, -19802453289657123967435202753032351/73255666677172176530929691077190197, -1566141849177565953981545167019989351/8633747932591645129455551023394463086, 595888016887336836565589339257685850272/1453569102110991527295353381175627940691, -52/257, -160842/323023, -8981719/28772492, 2848866/1406784299, -4468732739250/4797277499881, -2526970080912368/16291740952902531, 1016710149099045813/1298846594984923195, 226501928800263154057/1722061298861534552443, -238538243086379770993372/1592777400154422203802457, 117160736727256019508396365/723645849609064727308284044, 11001726296795188664386494076/136158150419138644645569750749, 59774630841604152381788020934737/219611659603365064340197205552961, -1170532519000294944821215807659827/6659606061561106957357244643380927, -4013205567398847861875169241999723707/8633747932591645129455551023394463086, -250993354334643834885475814003896437999/1453569102110991527295353381175627940691, 11036044123348883090651308529534442941937/25040189062892021147462645680171571879809, 53/514, 214199/323023, 3326759/43158738, -7229852964/35169607475, -27655840665223/62364607498453, -1138072234355603/32583481905805062, 227350253684773161/519538637993969278, 24030012584176624325/1722061298861534552443, 729443471736543859744403/1592777400154422203802457, -170847192978051266580652547/723645849609064727308284044, -14061791500829038536869417705/136158150419138644645569750749, -25077576591995662114405587029793/73203886534455021446732401850987, 1674965579274397701846264390318219/73255666677172176530929691077190197, -1756387116903691696168810320697746738/4316873966295822564727775511697231543, -478944028693782983508663082361376055064/1453569102110991527295353381175627940691, -55446778281390384954287039646125498955932/175281323440244148032238519761201003158663, 445665002664277881434258558539007277130139/11235968884673095054053189212189377225465187, 1789/514, 1300325/323023, -1142134423/172634952, -91995376717/35169607475, -195381421257319/62364607498453, -10376507179147799/5430580317634177, 66496292020087659/519538637993969278, -1857963699474411815160/1722061298861534552443, -64160769064125925299964/1592777400154422203802457, -101606702483478144414389753/180911462402266181827071011, -30343327820605914893631964601/136158150419138644645569750749, -49658761214538282982938863660544/73203886534455021446732401850987, 1715254108205696666771389477417341/6659606061561106957357244643380927, -2409051518298937993967316033391518693/8633747932591645129455551023394463086, 237185641702759225498003200037630908558/1453569102110991527295353381175627940691, -4223445256330854819956335546823796635253/175281323440244148032238519761201003158663, -97295799964639739692895089205249380583044/1605138412096156436293312744598482460780741, -296845788290432152359176203213/648565918494186079482821593292, -228/257, -574358/323023, 81783748/21579369, 79403412936/35169607475, 55902275551052/62364607498453, 8766777718325203/10861160635268354, -243074221471437651/1298846594984923195, 1858297563302362601886/1722061298861534552443, -920237649325777006487671/1592777400154422203802457, -630845317206634226738569315/723645849609064727308284044, -8573998086091314619568852250/136158150419138644645569750749, 31975818850598176766796712030183/73203886534455021446732401850987, 14685162502887956187199748769583386/73255666677172176530929691077190197, -594894145908330796574228342456065069/8633747932591645129455551023394463086, 410159663400889070189230074067767678572/1453569102110991527295353381175627940691, 26124413441045855275576113212230434889039/175281323440244148032238519761201003158663, -108627407475677927859890013913973514897766/1605138412096156436293312744598482460780741, 52118713708850264980897770025/324282959247093039741410796646, -44476832443865666/116144861681281155] }
(hist.len, cnt): (1495, 33886)
[(0, 1), (1, 2), (0, 2), (1, 3), (1, 4), (2, 3), (1, 4), (3, 4), (2, 5), (3, 5), (0, 5), (0, 4), (1, 3), (1, 4), (2, 3), (1, 5), (3, 4), (1, 5), (3, 4), (2, 5), (0, 6), (1, 2), (1, 5), (2, 4), (0, 6), (1, 2), (0, 3), (1, 3), (0, 4), (3, 4), (0, 5), (1, 2), (3, 4), (0, 5), (0, 6), (1, 2), (1, 5), (3, 4), (0, 5), (0, 7), (1, 6), (1, 4), (1, 5), (3, 4), (3, 5), (1, 7), (0, 7), (2, 5), (3, 4), (2, 5), (1, 6), (2, 3), (2, 5), (0, 6), (4, 7), (0, 8), (1, 4), (4, 5), (5, 6), (3, 8), (5, 6), (0, 7), (1, 2), (0, 8), (1, 2), (1, 6), (2, 3), (6, 7), (4, 7), (5, 7), (6, 7), (0, 8), (1, 2), (3, 4), (5, 7), (6, 7), (1, 8), (4, 6), (0, 7), (1, 3), (2, 3), (2, 4), (2, 5), (4, 5), (3, 6), (2, 7), (3, 6), (2, 7), (3, 4), (1, 8), (3, 4), (0, 5), (0, 9), (0, 5), (2, 4), (3, 4), (3, 5), (2, 8), (3, 5), (3, 6), (4, 7), (0, 9), (3, 4), (4, 5), (1, 7), (3, 5), (4, 5), (0, 7), (1, 3), (2, 3), (4, 5), (4, 7), (5, 6), (6, 7), (1, 9), (2, 3), (2, 4), (1, 5), (6, 7), (6, 8), (1, 9), (0, 3), (2, 3), (1, 4), (3, 4), (1, 6), (2, 3), (0, 7), (1, 2), (3, 4), (3, 5), (4, 5), (1, 6), (4, 5), (2, 6), (3, 5), (2, 6), (3, 5), (4, 5), (1, 9), (3, 5), (3, 5), (3, 6), (4, 6), (5, 6), (0, 8), (1, 2), (1, 3), (1, 3), (5, 7), (6, 7), (6, 8), (7, 8), (4, 10), (6, 7), (1, 8), (3, 4), (5, 7), (2, 9), (3, 4), (6, 7), (6, 8), (8, 9), (0, 10), (2, 4), (2, 4), (0, 6), (3, 4), (3, 8), (4, 6), (2, 10), (4, 6), (1, 8), (3, 4), (6, 8), (0, 9), (1, 2), (3, 5), (0, 7), (2, 3), (6, 7), (1, 9), (4, 6), (0, 10), (1, 3), (0, 4), (2, 3), (4, 5), (1, 6), (4, 5), (2, 8), (6, 7), (8, 9), (0, 10), (1, 2), (1, 3), (5, 6), (5, 8), (8, 9), (0, 10), (2, 3), (3, 4), (6, 9), (1, 10), (4, 6), (1, 7), (1, 3), (5, 6), (4, 7), (5, 7), (6, 7), (0, 10), (1, 3), (2, 3), (2, 6), (4, 5), (1, 6), (5, 7), (4, 6), (5, 6), (6, 7), (4, 10), (7, 8), (8, 9), (1, 11), (2, 4), (5, 6), (5, 7), (1, 8), (4, 5), (4, 6), (4, 7), (5, 6), (3, 10), (4, 5), (6, 7), (2, 11), (4, 6), (5, 6), (0, 7), (6, 7), (5, 8), (7, 8), (5, 9), (6, 7), (8, 9), (0, 10), (1, 2), (4, 6), (5, 6), (7, 8), (7, 9), (1, 11), (0, 1), (1, 2), (4, 8), (0, 9), (2, 4), (5, 6), (6, 7), (7, 9), (8, 9), (1, 11), (0, 1), (2, 3), (3, 4), (4, 5), (2, 8), (3, 4), (5, 6), (7, 9), (1, 10), (3, 4), (6, 7), (6, 9), (0, 10), (4, 6), (3, 7), (2, 9), (3, 4), (3, 5), (6, 7), (8, 9), (9, 10), (1, 11), (0, 1), (1, 2), (1, 4), (3, 4), (1, 5), (2, 3), (3, 4), (0, 6), (2, 3), (2, 4), (3, 4), (0, 7), (1, 2), (4, 8), (5, 6), (1, 8), (2, 3), (3, 5), (4, 5), (1, 9), (2, 3), (1, 5), (1, 7), (5, 6), (4, 7), (1, 8), (5, 6), (8, 9), (1, 11), (0, 1), (1, 2), (2, 4), (3, 4), (4, 5), (5, 6), (6, 8), (7, 8), (4, 9), (6, 7), (3, 9), (5, 6), (4, 6), (5, 6), (4, 7), (5, 6), (7, 8), (3, 10), (5, 7), (6, 7), (9, 10), (2, 11), (1, 2), (3, 4), (6, 8), (7, 8), (3, 9), (4, 5), (4, 6), (6, 7), (7, 8), (6, 9), (7, 8), (9, 10), (10, 11), (2, 12), (0, 2), (1, 3), (4, 5), (3, 6), (4, 5), (3, 7), (4, 5), (8, 9), (0, 10), (2, 3), (2, 5), (3, 6), (4, 5), (4, 6), (3, 8), (5, 7), (6, 7), (8, 9), (3, 10), (4, 5), (6, 7), (5, 8), (6, 8), (7, 8), (8, 9), (10, 11), (6, 12), (5, 6), (0, 7), (4, 6), (5, 6), (4, 7), (5, 6), (2, 8), (3, 4), (6, 7), (8, 9), (4, 10), (5, 6), (5, 7), (7, 8), (7, 9), (9, 11), (2, 12), (0, 2), (3, 4), (4, 6), (5, 6), (2, 8), (2, 4), (7, 8), (2, 9), (3, 4), (3, 5), (6, 7), (4, 9), (1, 11), (0, 1), (1, 2), (2, 4), (5, 8), (7, 8), (6, 9), (7, 8), (8, 9), (5, 10), (6, 7), (9, 10), (6, 11), (7, 8), (4, 12), (2, 4), (2, 7), (4, 5), (6, 9), (4, 9), (6, 7), (2, 11), (5, 8), (6, 10), (7, 8), (7, 9), (10, 11), (2, 12), (1, 2), (5, 7), (6, 8), (7, 8), (2, 11), (3, 4), (3, 5), (4, 5), (4, 6), (7, 9), (7, 9), (5, 10), (6, 7), (3, 11), (2, 3), (3, 5), (7, 9), (8, 9), (2, 12), (3, 5), (4, 6), (3, 9), (4, 5), (5, 6), (8, 12), (3, 8), (4, 5), (6, 7), (3, 8), (6, 8), (7, 9), (0, 10), (1, 2), (3, 4), (1, 5), (2, 3), (8, 10), (9, 10), (4, 11), (6, 7), (7, 8), (8, 9), (7, 10), (8, 9), (4, 11), (6, 7), (7, 9), (8, 9), (3, 13), (0, 3), (5, 6), (3, 7), (2, 8), (4, 5), (5, 6), (6, 7), (6, 9), (6, 10), (7, 8), (8, 9), (2, 11), (1, 2), (3, 4), (4, 6), (3, 6), (4, 5), (8, 9), (6, 10), (9, 10), (3, 13), (0, 3), (4, 7), (5, 6), (6, 7), (9, 12), (8, 9), (7, 9), (8, 9), (8, 11), (7, 8), (3, 13), (0, 3), (1, 4), (4, 5), (8, 9), (3, 11), (6, 7), (5, 13), (3, 5), (3, 7), (4, 6), (4, 8), (4, 10), (5, 8), (6, 7), (6, 8), (8, 9), (9, 11), (10, 11), (5, 12), (2, 5), (4, 7), (5, 7), (6, 7), (7, 8), (2, 9), (3, 9), (5, 7), (6, 7), (4, 8), (7, 11), (5, 7), (6, 7), (8, 9), (6, 10), (2, 12), (0, 2), (1, 3), (6, 7), (4, 13), (2, 4), (5, 6), (1, 8), (3, 5), (3, 5), (4, 12), (1, 4), (2, 3), (2, 4), (7, 9), (8, 9), (8, 11), (7, 12), (0, 7), (1, 3), (2, 3), (3, 13), (0, 3), (2, 3), (6, 7), (7, 8), (7, 9), (8, 11), (4, 8), (6, 7), (4, 8), (6, 7), (7, 9), (9, 10), (4, 11), (8, 9), (9, 11), (5, 9), (6, 9), (7, 8), (10, 11), (3, 13), (1, 3), (4, 9), (8, 9), (11, 12), (9, 11), (3, 13), (0, 3), (2, 6), (3, 4), (5, 6), (7, 9), (8, 9), (4, 10), (6, 7), (8, 10), (8, 13), (6, 8), (7, 8), (9, 10), (3, 11), (1, 3), (2, 3), (5, 8), (6, 7), (6, 8), (7, 8), (5, 9), (6, 8), (7, 8), (7, 9), (8, 9), (2, 12), (1, 2), (5, 7), (8, 10), (9, 10), (8, 12), (5, 8), (9, 10), (6, 13), (3, 6), (2, 9), (8, 12), (6, 8), (10, 13), (7, 10), (9, 10), (10, 11), (6, 14), (1, 6), (2, 4), (3, 4), (1, 5), (5, 9), (9, 10), (2, 12), (0, 2), (3, 10), (4, 9), (5, 9), (8, 9), (5, 10), (8, 9), (9, 11), (11, 12), (5, 14), (4, 5), (4, 6), (4, 10), (8, 10), (9, 10), (11, 12), (9, 13), (5, 9), (9, 10), (8, 11), (4, 14), (0, 4), (3, 6), (3, 11), (9, 12), (6, 9), (7, 8), (9, 13), (5, 9), (6, 9), (8, 9), (6, 10), (4, 14), (0, 4), (1, 3), (2, 4), (6, 8), (7, 8), (6, 9), (6, 11), (7, 8), (9, 12), (9, 12), (4, 13), (5, 7), (6, 14), (2, 6), (1, 3), (2, 3), (4, 7), (6, 8), (7, 8), (7, 9), (8, 9), (4, 11), (5, 6), (6, 8), (6, 8), (5, 9), (7, 8), (6, 10), (4, 12), (0, 4), (2, 3), (2, 4), (3, 4), (2, 7), (6, 7), (6, 11), (8, 11), (9, 10), (9, 11), (5, 14), (0, 5), (1, 2), (3, 4), (2, 5), (3, 4), (4, 5), (2, 6), (5, 6), (4, 7), (5, 6), (5, 7), (7, 8), (1, 9), (2, 7), (3, 6), (4, 5), (3, 6), (3, 7), (4, 5), (6, 7), (8, 9), (3, 10), (4, 5), (6, 8), (4, 8), (5, 6), (4, 10), (6, 7), (10, 12), (3, 13), (0, 3), (1, 2), (2, 3), (2, 4), (6, 8), (2, 8), (6, 8), (7, 8), (3, 9), (1, 5), (3, 4), (4, 5), (5, 6), (4, 7), (1, 7), (2, 5), (3, 4), (1, 10), (5, 6), (7, 8), (0, 9), (2, 4), (3, 4), (4, 5), (2, 12), (0, 2), (1, 2), (3, 4), (3, 7), (4, 5), (7, 14), (0, 7), (1, 2), (4, 7), (5, 6), (6, 7), (1, 11), (0, 1), (1, 4), (2, 4), (3, 4), (9, 10), (12, 13), (6, 14), (1, 6), (2, 3), (2, 4), (3, 5), (4, 6), (9, 10), (7, 13), (6, 7), (7, 8), (4, 9), (6, 7), (8, 9), (10, 14), (3, 10), (5, 6), (0, 10), (8, 9), (3, 9), (5, 9), (4, 10), (5, 6), (6, 7), (5, 9), (6, 9), (7, 8), (7, 9), (7, 9), (10, 12), (11, 17), (1, 11), (0, 1), (1, 2), (1, 3), (2, 3), (3, 4), (1, 8), (2, 3), (4, 9), (6, 9), (8, 9), (8, 10), (9, 10), (3, 11), (1, 3), (2, 4), (3, 5), (7, 8), (8, 9), (8, 10), (10, 15), (1, 10), (5, 6), (3, 9), (4, 5), (8, 9), (7, 10), (10, 13), (6, 10), (7, 12), (0, 7), (2, 4), (3, 4), (6, 7), (7, 13), (4, 7), (6, 7), (4, 14), (0, 4), (1, 2), (2, 7), (3, 6), (4, 7), (6, 7), (6, 8), (7, 8), (8, 9), (2, 11), (5, 6), (9, 14), (1, 9), (2, 3), (3, 4), (4, 5), (3, 9), (10, 11), (6, 15), (1, 6), (5, 6), (3, 7), (2, 9), (4, 7), (6, 7), (3, 11), (1, 3), (5, 7), (7, 8), (8, 9), (12, 13), (10, 14), (1, 10), (5, 7), (6, 7), (6, 9), (7, 8), (4, 9), (6, 10), (7, 8), (7, 10), (3, 13), (0, 3), (5, 9), (7, 8), (6, 9), (8, 9), (7, 9), (8, 9), (10, 12), (11, 12), (5, 15), (2, 5), (3, 10), (4, 6), (5, 6), (5, 8), (5, 11), (6, 7), (3, 10), (10, 14), (2, 10), (4, 5), (4, 6), (4, 7), (5, 8), (6, 7), (6, 8), (7, 8), (9, 10), (5, 15), (0, 5), (2, 4), (5, 8), (7, 8), (8, 9), (2, 10), (3, 4), (4, 5), (4, 6), (8, 9), (3, 10), (4, 5), (7, 10), (8, 10), (4, 11), (1, 4), (3, 4), (2, 6), (5, 6), (7, 11), (9, 10), (5, 15), (0, 5), (2, 3), (8, 11), (2, 12), (0, 2), (1, 2), (5, 6), (7, 8), (9, 10), (13, 14), (9, 15), (3, 9), (4, 5), (4, 7), (5, 7), (4, 8), (6, 9), (7, 8), (3, 10), (5, 6), (6, 7), (8, 12), (11, 13), (9, 11), (10, 11), (12, 13), (13, 14), (5, 13), (3, 5), (6, 8), (6, 8), (6, 9), (7, 9), (10, 11), (5, 15), (1, 5), (1, 5), (2, 4), (5, 6), (7, 9), (11, 13), (8, 11), (10, 12), (9, 10), (9, 15), (1, 9), (4, 5), (6, 7), (8, 9), (5, 10), (2, 12), (0, 2), (1, 2), (4, 5), (5, 6), (2, 7), (3, 7), (4, 5), (5, 8), (4, 13), (1, 4), (2, 5), (4, 5), (6, 8), (5, 14), (1, 5), (3, 4), (4, 6), (4, 9), (8, 9), (9, 11), (8, 9), (11, 14), (8, 15), (6, 8), (7, 8), (4, 9), (5, 9), (7, 9), (8, 9), (6, 10), (8, 10), (9, 10), (9, 11), (8, 9), (6, 13), (5, 6), (2, 9), (5, 6), (3, 9), (4, 5), (5, 7), (6, 7), (4, 9), (5, 7), (6, 7), (8, 9), (8, 10), (6, 11), (1, 6), (5, 9), (6, 7), (9, 10), (2, 12), (0, 2), (2, 3), (3, 4), (4, 5), (5, 6), (6, 7), (5, 8), (6, 7), (6, 8), (7, 8), (5, 15), (0, 5), (4, 7), (6, 10), (7, 10), (8, 11), (6, 8), (7, 8), (7, 9), (8, 10), (7, 12), (6, 15), (1, 6), (4, 6), (5, 6), (8, 9), (7, 13), (4, 7), (5, 7), (6, 10), (7, 10), (8, 9), (8, 10), (8, 13), (10, 15), (2, 10), (5, 8), (7, 8), (6, 9), (8, 9), (3, 10), (6, 7), (4, 11), (5, 8), (6, 8), (7, 8), (6, 9), (7, 10), (9, 10), (12, 14), (4, 12), (1, 4), (2, 4), (5, 7), (6, 7), (7, 9), (14, 17), (10, 14), (4, 10), (6, 8), (7, 8), (4, 9), (5, 7), (6, 7), (4, 10), (5, 8), (6, 8), (7, 8), (10, 13), (2, 10), (3, 9), (4, 5), (5, 6), (3, 7), (4, 6), (5, 6), (7, 8), (6, 8), (7, 8), (4, 14), (0, 4), (3, 4), (4, 5), (5, 6), (6, 8), (7, 8), (12, 16), (7, 12), (4, 7), (8, 9), (4, 10), (5, 7), (6, 7), (6, 9), (2, 12), (1, 2), (2, 3), (6, 7), (10, 11), (5, 15), (0, 5), (1, 2), (0, 4), (5, 8), (6, 7), (5, 8), (7, 8), (9, 10), (4, 11), (10, 11), (9, 16), (0, 9), (1, 2), (1, 3), (6, 7), (6, 8), (4, 14), (0, 4), (3, 4), (5, 6), (5, 7), (7, 16), (0, 7), (2, 3), (2, 6), (3, 5), (5, 8), (2, 11), (3, 4), (4, 5), (6, 7), (5, 8), (6, 7), (7, 8), (9, 11), (11, 12), (8, 11), (9, 11), (7, 12), (5, 7), (8, 9), (3, 13), (0, 3), (2, 5), (1, 6), (6, 7), (2, 8), (5, 9), (6, 7), (7, 8), (8, 9), (8, 10), (8, 12), (10, 11), (8, 13), (5, 8), (6, 7), (6, 8), (7, 11), (9, 10), (11, 12), (9, 11), (8, 9), (9, 10), (1, 11), (2, 5), (5, 6), (6, 9), (8, 9), (8, 15), (2, 8), (4, 7), (5, 7), (6, 7), (7, 8), (8, 9), (5, 11), (6, 10), (7, 8), (12, 14), (6, 12), (4, 6), (5, 6), (9, 10), (5, 15), (0, 5), (1, 3), (2, 4), (3, 4), (5, 7), (9, 10), (8, 10), (9, 10), (2, 12), (0, 2), (2, 3), (5, 6), (6, 7), (4, 8), (7, 8), (4, 13), (2, 4), (3, 4), (5, 7), (5, 7), (3, 8), (2, 10), (8, 9), (10, 12), (8, 10), (9, 10), (12, 13), (7, 12), (3, 7), (4, 6), (5, 6), (4, 14), (0, 4), (4, 8), (5, 7), (6, 7), (8, 9), (2, 10), (5, 6), (7, 9), (4, 9), (6, 7), (6, 8), (7, 8), (5, 12), (3, 5), (4, 5), (7, 8), (5, 12), (4, 5), (6, 9), (7, 8), (8, 9), (6, 10), (7, 8), (8, 9), (7, 10), (8, 10), (8, 10), (8, 12), (9, 10), (6, 12), (7, 8), (7, 10), (8, 10), (9, 10), (5, 14), (3, 5), (2, 5), (7, 8), (6, 9), (7, 9), (8, 9), (7, 10), (12, 13), (14, 15), (8, 18), (2, 8), (3, 5), (4, 6), (2, 9), (3, 4), (3, 5), (4, 5), (4, 6), (8, 12), (7, 8), (8, 9), (11, 12), (9, 14), (1, 9), (2, 5), (3, 4), (6, 10), (11, 13), (12, 13), (12, 14), (11, 15), (9, 11), (9, 12), (6, 15), (0, 6), (4, 5), (4, 6), (4, 7), (6, 7), (8, 16), (0, 8), (3, 4), (3, 5), (7, 8), (6, 9), (7, 8), (8, 9), (5, 10), (8, 9), (8, 10), (3, 13), (0, 3), (3, 4), (4, 5), (2, 6), (4, 5), (3, 8), (7, 10), (8, 9), (8, 13), (3, 8), (5, 6), (5, 8), (6, 7), (6, 8), (7, 8), (4, 10), (13, 14), (10, 15), (0, 10), (1, 2), (6, 7), (7, 8), (8, 9), (3, 10), (4, 7), (5, 6), (7, 9), (8, 9), (5, 10), (6, 15), (0, 6), (1, 5), (3, 5), (2, 6), (3, 4), (7, 8), (2, 8), (1, 2), (2, 5), (4, 5), (3, 6), (4, 7), (5, 8), (6, 7), (6, 10), (9, 10), (2, 12), (0, 2), (2, 3), (3, 7), (6, 7), (8, 10), (9, 10), (11, 15), (2, 11), (5, 6), (8, 9), (3, 10), (4, 5), (7, 9), (8, 9), (6, 11), (7, 8), (8, 9), (7, 12), (12, 17), (7, 12), (6, 7), (8, 9), (8, 10), (10, 11), (10, 12), (4, 10), (7, 8), (9, 10), (12, 13), (13, 14), (10, 17), (1, 10), (3, 7), (4, 6), (4, 7), (2, 9), (3, 5), (4, 5), (3, 8), (4, 6), (5, 6), (4, 8), (6, 7), (3, 10), (3, 6), (6, 8), (7, 8), (10, 11), (8, 10), (5, 15), (0, 5), (3, 5), (7, 8), (4, 10), (5, 6), (5, 7), (8, 9), (6, 10), (7, 9), (7, 10), (2, 12), (1, 2), (5, 10), (6, 7), (6, 9), (7, 8), (7, 10), (7, 10), (8, 10), (9, 10), (12, 14), (11, 12), (2, 11), (6, 7), (5, 8), (6, 7), (3, 9), (9, 10), (10, 11), (6, 12), (4, 6), (5, 8), (6, 7), (9, 10), (11, 12), (14, 16), (15, 18)]
