results/deeplll10/ndim20seed0cnt1000dim20delta0.98999995.txt: 99.931 sec
b: [[-27, -27, 23, -62, 54, 5, 3, 36, -17, -15, -37, -26, -4, -19, 6, -36, 4, 0, -20, 33],
 [2, -57, -48, -15, 40, -38, 20, -19, -18, 31, 19, -10, -5, -2, -43, 10, 25, 16, 21, -33],
 [-23, -15, -6, -6, 19, -55, 17, -16, 0, 27, -21, -9, 33, -25, -49, -68, 18, 24, 42, 26],
 [-44, 16, 8, -21, -17, 40, -13, 31, 4, -58, -53, -13, -16, -35, -10, 25, 3, 42, -45, -13],
 [69, 3, -3, 31, -27, 35, 35, 4, 10, -16, 26, 16, 66, -2, -17, -28, 13, -40, 21, 39],
 [-14, 58, -17, 30, 19, 40, 27, 2, -7, -48, 8, -56, 7, 16, 13, 1, 15, -3, -4, 54],
 [-47, -5, 53, -28, 47, -14, -3, -14, 15, 5, -88, 49, 3, -25, 20, 7, 35, -26, 8, -16],
 [-15, -66, -9, 38, 3, 1, -12, 3, -34, 53, 65, 5, -7, -37, -37, -42, -14, -17, -39, -2],
 [41, -7, -33, -13, -15, -11, 52, -34, -15, 50, -37, 45, 4, 52, -30, 23, 46, -10, 52, 33],
 [39, 25, 21, -7, 9, 15, -1, -40, 2, 25, -27, -22, -29, 81, 47, -4, 70, -18, -8, 4],
 [-35, 16, -6, -14, -9, -20, -29, 26, -16, -32, -3, 83, 13, 17, 55, 40, -15, -9, 33, -85],
 [47, 41, -1, 21, -19, 3, -1, 32, -3, 4, -14, 43, -38, -13, -67, 76, 0, -19, -10, -24],
 [37, -7, 29, 95, 35, 17, 12, 3, -6, 6, -10, 3, 9, 8, -13, 1, 35, 6, 28, -36],
 [-10, 51, 1, 21, -45, 33, 3, -53, 20, -41, -44, -74, 3, -13, -27, -37, -11, -15, -3, 9],
 [-27, -10, 62, 14, -27, -49, 20, -14, 1, -7, -10, 26, 7, 2, 43, 2, 39, -57, -2, 77],
 [46, 58, 3, 58, -9, 5, -10, 25, 12, 3, 33, 10, 39, 7, 5, -48, -53, -2, 36, 16],
 [-21, 22, -36, 29, -65, -4, 1, 5, -28, -31, 28, -35, 0, 13, -28, -27, 52, 37, -33, 20],
 [3, -80, 15, -2, 27, 4, -13, -13, -21, 58, 8, -24, -42, 3, 3, -20, -28, 2, -20, -18],
 [-14, -28, 27, -27, -19, -33, -14, 23, 10, -45, -19, 2, -6, -21, 21, 31, -43, 12, 14, -35],
 [17, 18, 15, 3, 24, 13, 8, -3, 23, -16, 9, -31, 53, -2, 21, -66, 4, -5, 18, 36]], shape=[20, 20], strides=[20, 1], layout=Cc (0x5), const ndim=2
v_norms: [15850, 124593152/7925, 413217751331/31148288, 10549574609278553/826435502662, 140366277871275820199/10549574609278553, 1817827965354699400913798/140366277871275820199, 50666042193763688012246069679/3635655930709398801827596, 668176107458205013784021729114585/50666042193763688012246069679, 1368193522441737702256736919792491305/133635221491641002756804345822917, 13560849561848625492446499870974864128322/1368193522441737702256736919792491305, 618659957281036688740332929296218631472246621/67804247809243127462232499354874320641610, 11274406830377538868859285466206130728606283384143/1237319914562073377480665858592437262944493242, 5102112771409065611943279706720579478480038558768597/663200401786914051109369733306242984035663728479, 551568093838351792892457419994781893950297840349388425327/86735917113954115403035755014249851134160655499066149, 4723688957938240004355938232366136365478070481732785904225433/551568093838351792892457419994781893950297840349388425327, 669812357112599793471490887797807141198264918354878322282461406/4723688957938240004355938232366136365478070481732785904225433, 12402148753576160448894853216181365068698576337735/669812357112599793471490887797807141198264918354878322282461406, 4543574262072911273109456187617242/4134049584525386816298284405393788356232858779245, 38714953893760385/4543574262072911273109456187617242, 1/116144861681281155], shape=[20], strides=[1], layout=CFcf (0xf), const ndim=1
Mu { arr: [43/7925, 4679/15850, 29138689/62296576, 2977/7925, -23126361/62296576, -117826777259/413217751331, -2339/7925, -6919749/31148288, 134579642658/413217751331, -4685303241089344/10549574609278553, 1571/15850, -11965807/31148288, -2393171930/413217751331, 489165639878589/10549574609278553, 41848639698428244361/140366277871275820199, 7749/15850, -9779807/124593152, 116349450627/826435502662, 3090133415705395/21099149218557106, -49087789788340807876/140366277871275820199, -740816058244417747025905/1817827965354699400913798, -21/1585, 26648365/62296576, 3832871521/59031107333, -2623871839605807/10549574609278553, 9066849480129502840/140366277871275820199, -237690155009593806376231/908913982677349700456899, -24243805026488494475083536878/50666042193763688012246069679, -4879/15850, 54258297/124593152, 218905589515/826435502662, -6759625039923221/21099149218557106, 37337535756460026547/140366277871275820199, -35583036475564648362327/1817827965354699400913798, 22433408819176370881547608855/50666042193763688012246069679, -61903967821061008126645013346353/133635221491641002756804345822917, -478/7925, -8657321/62296576, -95309291419/413217751331, -4966423879752483/10549574609278553, -25803203067578329678/140366277871275820199, 287792320049002854309461/908913982677349700456899, 6777525083378957250266877268/16888680731254562670748689893, -46275123590556046047452129469069/133635221491641002756804345822917, 594760692878645077127619998392176096/1368193522441737702256736919792491305, -4799/15850, -14328093/124593152, -330274804599/826435502662, 3163300427981349/21099149218557106, -57794614974924697741/140366277871275820199, -860867062969680491299589/1817827965354699400913798, 20840182003495048532689812349/50666042193763688012246069679, -188887004175213997386913980853726/668176107458205013784021729114585, -507982066684262397747729135313958876/1368193522441737702256736919792491305, -6698150717945580379967225035102566330147/13560849561848625492446499870974864128322, -7503/15850, -1403873/62296576, -149180381891/413217751331, 3672922505873798/10549574609278553, 2248484552875935028/12760570715570529109, -466187892012438858994479/1817827965354699400913798, 8035332172736782897625997806/50666042193763688012246069679, -31915607482243171718722984981859/668176107458205013784021729114585, 96113032404663155358904278184576386/273638704488347540451347383958498261, -4059345928948317348462620267031838685075/13560849561848625492446499870974864128322, -201431010459508795170622258897245372557928441/618659957281036688740332929296218631472246621, -552/1585, 7734605/62296576, 35431913479/413217751331, -779699639465849/10549574609278553, 3154292703872164100/12760570715570529109, 204196868643657355729373/1817827965354699400913798, 19941544073639933303733352876/50666042193763688012246069679, 160810748928709330361925713036276/668176107458205013784021729114585, -293397283741973370795600681255790771/1368193522441737702256736919792491305, 4776139138421780063264674894944063230793/13560849561848625492446499870974864128322, 4918583265206147441186281302802327708738209/618659957281036688740332929296218631472246621, 236916128602296003473313312474520046820489285221/663200401786914051109369733306242984035663728479, -201/3170, -28021005/62296576, 170142431033/413217751331, 4458544744091024/10549574609278553, 22316477850698465354/140366277871275820199, 857334249802564841243967/1817827965354699400913798, -1024018162687559025704354154/16888680731254562670748689893, -11699207484516739396317977478213/668176107458205013784021729114585, -120172501304883395589717332814420482/1368193522441737702256736919792491305, 2707165138545898386376697009672041327638/6780424780924312746223249935487432064161, -248154797120504094976100705361626649063515282/618659957281036688740332929296218631472246621, -1532965542031379299146640044713297193417058661629/11274406830377538868859285466206130728606283384143, -1400300041405240521759837846110631018724942701281132/5102112771409065611943279706720579478480038558768597, 2049/15850, -24987991/62296576, 136515385627/413217751331, -4937126682258328/10549574609278553, -12309086746431443478/140366277871275820199, -58304367624543188259093/1817827965354699400913798, 23733048490810486127676425206/50666042193763688012246069679, 23261935372326573254855250755890/133635221491641002756804345822917, 379045340895136090900973547046587986/1368193522441737702256736919792491305, -896136830404185007390018166933744509523/13560849561848625492446499870974864128322, -44906230681014083336135516084597895029171645/618659957281036688740332929296218631472246621, -2267415465599923707148780516376578602131300048389/11274406830377538868859285466206130728606283384143, -1421008226294460190066195749965816269951214386339665/5102112771409065611943279706720579478480038558768597, -220069112267232345205521006507767579419837784142008712367/551568093838351792892457419994781893950297840349388425327, -6591/15850, -55841437/124593152, 391628290569/826435502662, -9213636891384315/21099149218557106, 31134370786169850115/140366277871275820199, 97443840349294576424927/908913982677349700456899, -17507534347764059518523466035/50666042193763688012246069679, -29516959983989323103323577538562/668176107458205013784021729114585, -470788663701195425954475030332619183/1368193522441737702256736919792491305, -1592499269237306033313088736327144280813/6780424780924312746223249935487432064161, 84555312034733829767543390665405792540424312/618659957281036688740332929296218631472246621, 3567220667554990965473869981028540763423122203437/11274406830377538868859285466206130728606283384143, 1940557661660433105228521533009915261499972731478478/5102112771409065611943279706720579478480038558768597, 21177355507724342558286265266519791905115424103766470687/551568093838351792892457419994781893950297840349388425327, -1895539285229919156645367695737139653388757318030016329379581/4723688957938240004355938232366136365478070481732785904225433, -62/317, -2524825/62296576, 95350237077/413217751331, 4965919188736915/10549574609278553, 29350866746464210639/140366277871275820199, 874779097500078853765693/1817827965354699400913798, -24728704908346417695932143160/50666042193763688012246069679, 118996870844236818005059056188204/668176107458205013784021729114585, 365620479288940134424886890287146738/1368193522441737702256736919792491305, 6051505927871502978855183787482282488451/13560849561848625492446499870974864128322, 263256682689115978973568879822702887671606201/618659957281036688740332929296218631472246621, 327096464766398312857100400357555686100374363143/11274406830377538868859285466206130728606283384143, -1519549872595294645677404268453245970505392790578374/5102112771409065611943279706720579478480038558768597, -117449029482427636399877083223198030173662017474564920739/551568093838351792892457419994781893950297840349388425327, 1970163696006434783073756432628147825919024780158304277739883/4723688957938240004355938232366136365478070481732785904225433, 224898652277585688836620316393206983700110880925877261622113259/669812357112599793471490887797807141198264918354878322282461406, 3877/15850, 53247789/124593152, -208833553497/826435502662, -6760202679782669/21099149218557106, -47185607793824484019/140366277871275820199, -529800330641042795492061/1817827965354699400913798, -16895532292626017008439969/59677317071570892829500671, 268103945277491459738727172330791/668176107458205013784021729114585, 136986552268970113316027709201928071/1368193522441737702256736919792491305, 3540773640882880086093973109116332222387/13560849561848625492446499870974864128322, -186897378213877340525757853231049052724242821/618659957281036688740332929296218631472246621, -2601818238506339585413981123968968753395559802182/11274406830377538868859285466206130728606283384143, 2092113215571063357650483497161294798779034893169288/5102112771409065611943279706720579478480038558768597, 8171749104569880478488417463842125101541291360547104237/26265147325635799661545591428322947330966563826161353587, -292851090485806179509392137525794806904940536777478664832655/4723688957938240004355938232366136365478070481732785904225433, -37740114284245885925442900485079080690982412021047787849546729/669812357112599793471490887797807141198264918354878322282461406, 2018205025135310409427142898724187310812160162881/4134049584525386816298284405393788356232858779245, 1003/7925, -11632983/124593152, -24630206515/118062214666, 6592255459482469/21099149218557106, -3261114707468411685/12760570715570529109, -388457387864790377067451/908913982677349700456899, -2789325516542496494747007659/50666042193763688012246069679, -29825923793794253487232815919114/95453729636886430540574532730655, -118946567084136953886691687385891702/273638704488347540451347383958498261, -2559004245226344620280597592671339093150/6780424780924312746223249935487432064161, -7186048381215673722615049993136245808817962/618659957281036688740332929296218631472246621, -1585947763494465928384035017180052593977353374161/11274406830377538868859285466206130728606283384143, 784424101698735152348929113640927905483721264313388/5102112771409065611943279706720579478480038558768597, 91134143838170250746197515180305534466403218908149942378/551568093838351792892457419994781893950297840349388425327, 2122786752724328070797525901067339443307172963507390500481417/4723688957938240004355938232366136365478070481732785904225433, -117226721057148154252428538469948919491301949944118573487884505/669812357112599793471490887797807141198264918354878322282461406, -1846452859621857845402162993027247694907704609873/4134049584525386816298284405393788356232858779245, 455870251467580523999722159111819/4543574262072911273109456187617242, 797/3170, -8199645/31148288, 201698024722/413217751331, -4002348165873209/10549574609278553, 4409649829167000171/12760570715570529109, 255563661146227939978770/908913982677349700456899, -2321544892772557147145811848/50666042193763688012246069679, -59942642848258427350914466792642/668176107458205013784021729114585, -555635690868455050808821370710199117/1368193522441737702256736919792491305, 1479113155467172976420547575153753760773/6780424780924312746223249935487432064161, 8309408910863468463848209616603891461651242/618659957281036688740332929296218631472246621, -127738827733491273088381385788439456608753269342/663200401786914051109369733306242984035663728479, 229353701582751517801825590580762416731935274536117/5102112771409065611943279706720579478480038558768597, -28294337099562547686862734276552534186402808862006921021/551568093838351792892457419994781893950297840349388425327, -1012145625754189778913216361547211018851636952590381532939346/4723688957938240004355938232366136365478070481732785904225433, -9503257361697293239225181939817523878156117431126905558852443/669812357112599793471490887797807141198264918354878322282461406, -2469871494008719957234455331908199529652836435279/12402148753576160448894853216181365068698576337735, -296869149869482732619949758812223/2271787131036455636554728093808621, -15147954699388746/38714953893760385] }
(hist.len, cnt): (956, 20608)
[(0, 1), (1, 2), (0, 2), (1, 3), (1, 4), (2, 3), (1, 4), (3, 4), (2, 5), (3, 5), (0, 5), (0, 4), (1, 3), (1, 4), (2, 3), (1, 5), (3, 4), (1, 5), (3, 4), (2, 5), (0, 6), (1, 2), (1, 5), (2, 4), (0, 6), (1, 2), (0, 3), (1, 3), (0, 4), (3, 4), (0, 5), (1, 2), (3, 4), (0, 5), (0, 6), (1, 2), (1, 5), (3, 4), (0, 5), (0, 7), (1, 6), (1, 4), (1, 5), (3, 4), (3, 5), (1, 7), (0, 7), (2, 5), (3, 4), (2, 5), (1, 6), (2, 3), (2, 5), (0, 6), (4, 7), (0, 8), (1, 4), (4, 5), (5, 6), (3, 8), (5, 6), (0, 7), (1, 2), (0, 8), (1, 2), (1, 6), (6, 7), (4, 7), (5, 7), (0, 8), (1, 2), (3, 7), (1, 8), (4, 5), (0, 8), (1, 3), (2, 3), (2, 4), (2, 5), (4, 5), (3, 6), (2, 7), (3, 6), (2, 7), (3, 4), (1, 8), (3, 4), (0, 5), (0, 9), (0, 5), (2, 4), (3, 4), (3, 5), (2, 8), (3, 5), (3, 6), (4, 7), (0, 9), (3, 4), (4, 5), (1, 7), (3, 5), (4, 5), (0, 7), (1, 3), (2, 3), (4, 5), (4, 7), (5, 6), (6, 7), (1, 9), (2, 3), (2, 4), (2, 5), (6, 7), (6, 8), (0, 9), (1, 4), (3, 4), (1, 6), (2, 3), (0, 7), (1, 2), (3, 4), (3, 5), (4, 5), (1, 6), (4, 5), (2, 6), (4, 5), (5, 6), (1, 9), (4, 6), (5, 6), (0, 8), (1, 2), (1, 3), (1, 3), (5, 7), (6, 8), (4, 10), (6, 7), (1, 8), (3, 4), (5, 7), (2, 9), (6, 7), (6, 8), (8, 9), (0, 10), (3, 4), (2, 5), (2, 5), (0, 6), (3, 8), (4, 5), (4, 6), (2, 10), (4, 6), (1, 8), (3, 4), (6, 8), (0, 9), (1, 2), (3, 5), (0, 7), (2, 3), (6, 7), (1, 9), (4, 6), (0, 10), (1, 3), (0, 4), (2, 3), (4, 5), (1, 6), (4, 5), (2, 8), (8, 9), (0, 10), (1, 2), (1, 3), (5, 6), (5, 7), (8, 9), (0, 10), (2, 3), (3, 4), (6, 9), (1, 10), (4, 6), (1, 7), (1, 3), (5, 6), (4, 7), (5, 7), (6, 7), (0, 10), (1, 3), (2, 3), (2, 6), (1, 6), (5, 6), (5, 7), (4, 6), (5, 6), (6, 7), (4, 10), (7, 8), (1, 11), (2, 4), (5, 7), (6, 7), (1, 8), (4, 7), (5, 7), (6, 7), (5, 9), (6, 7), (2, 11), (0, 7), (6, 7), (6, 8), (7, 8), (5, 9), (8, 9), (0, 10), (1, 2), (4, 6), (5, 6), (7, 8), (7, 9), (1, 11), (0, 1), (1, 2), (5, 8), (0, 9), (2, 4), (6, 7), (7, 9), (8, 9), (1, 11), (0, 1), (2, 3), (3, 4), (4, 5), (2, 8), (3, 4), (5, 6), (7, 9), (1, 10), (3, 4), (6, 7), (6, 9), (0, 10), (4, 6), (4, 7), (5, 9), (2, 7), (4, 5), (2, 6), (3, 4), (3, 5), (3, 6), (8, 9), (9, 10), (1, 11), (0, 1), (1, 2), (2, 4), (3, 4), (1, 5), (3, 4), (0, 6), (2, 3), (2, 4), (3, 4), (0, 7), (4, 8), (5, 6), (1, 8), (3, 5), (4, 5), (1, 9), (2, 3), (1, 5), (2, 7), (5, 6), (4, 7), (1, 8), (2, 3), (5, 6), (8, 9), (1, 11), (0, 1), (1, 2), (2, 4), (3, 4), (4, 5), (5, 6), (6, 8), (7, 8), (4, 9), (6, 7), (3, 9), (5, 6), (4, 6), (5, 6), (4, 7), (5, 6), (7, 8), (7, 10), (9, 10), (2, 11), (3, 4), (3, 9), (4, 5), (6, 8), (7, 8), (9, 10), (10, 11), (2, 12), (0, 2), (1, 2), (4, 5), (5, 6), (3, 7), (4, 5), (4, 7), (5, 7), (4, 7), (5, 6), (0, 10), (2, 3), (2, 5), (3, 6), (4, 5), (5, 6), (3, 7), (5, 6), (5, 7), (6, 7), (5, 9), (6, 7), (6, 8), (9, 10), (7, 11), (8, 9), (10, 11), (2, 12), (0, 2), (2, 4), (3, 4), (5, 9), (7, 8), (7, 9), (2, 10), (3, 4), (5, 6), (6, 7), (6, 9), (8, 9), (1, 11), (0, 1), (5, 6), (7, 8), (2, 12), (5, 7), (6, 7), (6, 8), (1, 11), (0, 1), (1, 2), (2, 4), (5, 6), (7, 8), (5, 10), (7, 8), (8, 9), (8, 11), (6, 8), (4, 12), (2, 4), (2, 7), (4, 5), (6, 9), (4, 9), (6, 7), (2, 11), (5, 8), (6, 10), (7, 8), (7, 9), (10, 11), (2, 12), (1, 2), (5, 7), (6, 8), (7, 8), (2, 11), (3, 4), (7, 9), (7, 9), (6, 10), (5, 8), (6, 7), (3, 11), (2, 3), (4, 6), (5, 6), (4, 8), (6, 8), (3, 9), (6, 7), (8, 9), (2, 12), (3, 5), (4, 6), (3, 9), (4, 5), (5, 6), (8, 12), (3, 8), (4, 5), (6, 7), (3, 8), (6, 8), (7, 9), (0, 10), (1, 2), (3, 4), (1, 5), (2, 3), (8, 10), (9, 10), (5, 11), (6, 7), (7, 10), (8, 9), (8, 10), (4, 11), (7, 8), (3, 13), (0, 3), (5, 6), (6, 7), (3, 8), (4, 7), (3, 9), (4, 5), (2, 10), (4, 7), (5, 6), (6, 7), (5, 8), (6, 9), (7, 8), (2, 11), (3, 4), (4, 6), (3, 6), (4, 5), (6, 9), (3, 13), (0, 3), (2, 3), (4, 7), (5, 6), (6, 7), (9, 12), (8, 9), (7, 9), (8, 9), (8, 11), (7, 8), (3, 13), (0, 3), (1, 4), (4, 5), (8, 9), (3, 11), (6, 7), (5, 13), (3, 5), (3, 7), (4, 8), (4, 10), (5, 7), (6, 7), (7, 8), (8, 9), (9, 11), (10, 11), (5, 12), (2, 5), (4, 7), (5, 7), (6, 7), (7, 8), (2, 9), (3, 9), (5, 7), (6, 7), (4, 8), (7, 11), (5, 7), (6, 7), (8, 9), (6, 10), (2, 12), (0, 2), (1, 3), (6, 7), (4, 13), (2, 4), (5, 6), (1, 8), (3, 5), (3, 5), (4, 12), (3, 4), (7, 9), (8, 9), (8, 11), (7, 12), (0, 7), (1, 5), (2, 4), (2, 5), (3, 4), (3, 13), (0, 3), (2, 3), (6, 7), (7, 9), (8, 9), (8, 11), (4, 8), (6, 7), (4, 8), (6, 7), (9, 10), (4, 11), (5, 9), (8, 9), (3, 13), (1, 3), (5, 7), (11, 12), (9, 11), (3, 13), (0, 3), (3, 5), (4, 5), (2, 6), (3, 6), (7, 9), (8, 9), (4, 10), (6, 7), (8, 10), (8, 13), (6, 8), (7, 8), (9, 10), (3, 11), (1, 3), (2, 3), (5, 8), (6, 7), (6, 8), (7, 8), (5, 9), (6, 8), (7, 8), (7, 9), (8, 9), (2, 12), (1, 2), (5, 7), (8, 12), (5, 8), (9, 11), (6, 13), (3, 6), (2, 9), (8, 11), (9, 10), (9, 12), (6, 9), (11, 13), (10, 11), (6, 14), (1, 6), (2, 4), (3, 4), (1, 5), (5, 8), (1, 9), (3, 4), (3, 8), (4, 8), (5, 6), (7, 8), (8, 9), (1, 11), (8, 10), (3, 13), (0, 3), (6, 7), (10, 11), (5, 12), (3, 5), (7, 8), (9, 10), (6, 14), (3, 6), (4, 5), (5, 6), (8, 9), (7, 10), (9, 10), (6, 12), (10, 13), (7, 10), (8, 10), (9, 10), (4, 14), (0, 4), (4, 6), (5, 8), (6, 7), (9, 11), (6, 9), (3, 12), (4, 14), (0, 4), (1, 3), (2, 4), (4, 8), (7, 8), (9, 13), (7, 9), (10, 12), (6, 14), (2, 6), (1, 3), (2, 3), (4, 6), (7, 9), (10, 12), (4, 10), (6, 9), (8, 9), (7, 10), (8, 9), (4, 10), (7, 10), (11, 14), (2, 11), (1, 2), (0, 3), (6, 7), (6, 8), (5, 9), (6, 9), (7, 9), (5, 10), (6, 9), (8, 10), (9, 11), (7, 14), (6, 7), (8, 10), (5, 12), (1, 5), (2, 7), (3, 4), (2, 8), (7, 8), (8, 9), (7, 10), (8, 9), (3, 13), (0, 3), (1, 4), (2, 3), (3, 4), (2, 5), (4, 6), (5, 6), (3, 7), (4, 6), (1, 9), (7, 8), (2, 11), (3, 4), (4, 6), (5, 6), (6, 8), (7, 8), (8, 9), (9, 10), (4, 13), (2, 4), (1, 4), (0, 7), (5, 6), (3, 7), (5, 7), (6, 7), (2, 8), (3, 4), (4, 5), (6, 8), (7, 8), (7, 14), (0, 7), (1, 2), (4, 7), (5, 6), (6, 7), (1, 11), (0, 1), (1, 4), (2, 4), (3, 4), (11, 12), (13, 14), (7, 13), (3, 7), (6, 7), (2, 12), (1, 2), (2, 3), (2, 5), (4, 5), (3, 6), (4, 8), (7, 8), (4, 9), (6, 7), (8, 9), (11, 12), (12, 14), (6, 12), (3, 6), (5, 6), (0, 10), (8, 9), (3, 9), (5, 9), (4, 10), (5, 6), (10, 11), (5, 12), (7, 8), (9, 15), (0, 9), (6, 7), (5, 8), (3, 9), (6, 7), (5, 8), (3, 10), (6, 8), (4, 8), (6, 7), (8, 9), (11, 13), (2, 11), (0, 6), (2, 4), (3, 4), (4, 5), (5, 6), (2, 7), (6, 7), (6, 8), (7, 8), (7, 9), (8, 10), (7, 15), (0, 7), (2, 3), (3, 6), (5, 8), (6, 8), (5, 8), (6, 7), (7, 8), (9, 10), (3, 11), (0, 3), (2, 3), (3, 5), (6, 8), (7, 8), (8, 13), (3, 8), (0, 9), (1, 3), (7, 10), (0, 9), (2, 7), (6, 7), (5, 8), (3, 11), (1, 3), (2, 3), (6, 7), (7, 8), (8, 9), (9, 11), (12, 13), (5, 15), (0, 5), (1, 4), (3, 4), (2, 5), (3, 5), (4, 5), (3, 7), (4, 7), (6, 7), (6, 8), (3, 8), (4, 5), (6, 9), (7, 8), (1, 11), (0, 1), (3, 7), (7, 9), (8, 9), (3, 10), (5, 7), (6, 7), (5, 9), (8, 9), (10, 11), (3, 12), (0, 3), (5, 6), (6, 7), (7, 8), (9, 10), (3, 13), (0, 3), (2, 6), (4, 7), (8, 9), (2, 10), (5, 8), (7, 8), (7, 10), (8, 9), (9, 10), (11, 13), (6, 11), (8, 9), (8, 10), (9, 10), (10, 11), (12, 15), (4, 12), (2, 4), (0, 4), (2, 3), (5, 9), (7, 9), (8, 9), (13, 15), (6, 13), (5, 6), (6, 7), (4, 11), (5, 6), (5, 8), (6, 7), (9, 12), (12, 15), (6, 12), (1, 6), (2, 5), (8, 9), (2, 12), (0, 2), (3, 4), (5, 7), (6, 7), (5, 13), (2, 5), (2, 5), (1, 6), (2, 4), (4, 5), (6, 7), (4, 14), (0, 4), (2, 4), (3, 4), (1, 5), (5, 6), (6, 7), (11, 12), (8, 11), (6, 8), (7, 8), (3, 13), (1, 3), (2, 3), (2, 9), (7, 10), (11, 14), (4, 11), (3, 4), (4, 6), (6, 9), (3, 12), (4, 6), (8, 10), (9, 10), (12, 15), (5, 12), (2, 8), (5, 6), (7, 8), (3, 11), (2, 3), (3, 8), (5, 9), (6, 9), (8, 9), (4, 10), (5, 8), (6, 7), (5, 12), (1, 6), (2, 3), (3, 4), (4, 5), (5, 6), (2, 8), (6, 8), (7, 11), (8, 9), (8, 10), (6, 14), (1, 6), (2, 5), (3, 6), (4, 6), (7, 9), (8, 10), (9, 10)]
