results/deeplll10/ndim20seed3cnt1000dim20delta0.98999995.txt: 111.766 sec
b: [[2, 2, 2, -6, -1, -5, 1, 1, -4, 5, 2, 1, 1, -3, -6, -1, -3, -2, 4, -1],
 [-5, 7, 0, -7, -1, -4, -5, 3, 2, 2, -3, 4, 1, 0, 1, 0, -1, -2, 0, 2],
 [1, -2, 5, 3, -8, -3, 2, -1, -3, -4, 5, -2, -1, -1, 5, -2, -2, 3, 1, -3],
 [-5, 5, 4, 3, 7, 0, 0, 1, 0, 1, -4, 1, 2, 1, 2, 5, 4, -6, 2, 2],
 [3, 1, 4, 8, 2, -1, 3, 2, 4, 4, 5, -3, 0, 0, -4, -1, -5, -3, 5, 4],
 [-2, 0, 5, 2, 2, -4, 3, -3, -6, -1, -4, -4, 0, 8, 6, 1, -1, 2, -4, -5],
 [-6, -1, 3, -1, -1, -1, -1, 5, -8, 0, -5, 4, -2, 3, 6, 1, -5, 4, 1, -4],
 [5, 0, -1, 1, -4, -3, 1, -10, -4, -1, -1, -3, 3, 3, -1, 1, -3, 6, -4, 4],
 [1, 5, 0, -7, 1, -7, -1, -1, 7, -5, 1, 0, -4, 3, 2, -1, -2, 6, -1, -5],
 [4, -7, -4, -2, 2, 3, 0, -2, 4, 3, -1, -4, 0, -5, 1, 0, 0, -5, -9, -3],
 [3, 0, -1, 1, -2, -3, -5, 1, 3, 6, 0, 0, -2, -1, 1, 2, 6, -3, -6, 6],
 [1, 0, 1, -6, -1, 3, -1, -3, -5, -6, 1, 3, -1, -6, 5, -2, -1, -8, 0, -1],
 [-2, -3, -1, -1, -11, 5, -2, -3, -3, 4, 6, 1, -2, 0, -8, 4, 2, 4, 2, 1],
 [5, 2, 1, 4, -1, -4, -3, 2, 0, -4, -3, 4, -1, 0, -1, -2, 6, 0, 5, -9],
 [-3, 5, 9, 2, -4, -4, -1, 8, -2, 3, -5, 5, 1, -5, -1, -2, 0, -1, -1, -5],
 [-5, -2, -2, -2, 7, -3, 4, -1, 4, 5, 3, 0, 2, 2, -1, -4, -2, -3, 3, 0],
 [-2, 3, 2, -1, 3, 2, -1, -1, 2, 4, -6, -2, 2, 3, -3, 0, -6, -5, -3, 3],
 [-1, -2, 2, 0, -7, -3, 3, -3, -2, 2, 7, -3, 4, -3, -2, -1, 0, -1, 4, -2],
 [-4, -2, 3, 3, 1, -3, 5, 1, 2, 6, 4, -6, 1, 5, 0, -3, 5, -1, -4, 0],
 [0, -2, -6, 3, 0, 3, -1, -2, 4, 0, 1, -3, 3, 4, -1, -3, 5, -2, 0, 4]], shape=[20, 20], strides=[20, 1], layout=Cc (0x5), const ndim=2
v_norms: [199, 39157/199, 7704851/39157, 1339557333/7704851, 86376440605/446519111, 3504629387939/19933024755, 7058133720871824/45560182043207, 344560014061337883/2352711240290608, 48194414256266881483/344560014061337883, 17470289300750955528368/144583242768800644449, 2045553622236414320457743/17470289300750955528368, 210843163014042789582154662/2045553622236414320457743, 13623497771936562722624691884/105421581507021394791077331, 468061146132529848201585559460/3405874442984140680656172971, 18920366481364063086003114475067/234030573066264924100792779730, 1064153521723487309448176995830101/18920366481364063086003114475067, 12502905147556925646954032435949011/2128307043446974618896353991660202, 137385474698175165496965208787/100023241180455405175632259487592088, 63840271239847893/137385474698175165496965208787, 1/63840271239847893], shape=[20], strides=[1], layout=CFcf (0xf), const ndim=1
Mu { arr: [65/199, -5/199, -14799/39157, -30/199, 15681/39157, -2857383/7704851, 49/199, -16518/39157, -592828/7704851, 166971478/446519111, -54/199, -4251/39157, 2880770/7704851, 590944016/1339557333, -2738691187/6644341585, 1/199, 12472/39157, 3473692/7704851, 230772116/1339557333, -1010185428/2467898303, 1575825224015/3504629387939, -6/199, -13341/39157, 1664645/7704851, -449127068/1339557333, -1577767147/12339491515, 1708639270261/3504629387939, -1099643575070537/2352711240290608, 6/199, 16923/39157, 2634908/7704851, -190556195/446519111, -234846941/12339491515, 1353748836153/3504629387939, -2675134074572633/7058133720871824, -40220167983381677/114853338020445961, -42/199, -11001/39157, -3091380/7704851, -558384352/1339557333, -14713943939/86376440605, -69609049834/3504629387939, -50938840847147/138394778840624, -139996992633416783/344560014061337883, -21190055700684159324/48194414256266881483, -20/199, 11051/39157, -1508112/7704851, -104302469/1339557333, 14489219382/86376440605, -531237759548/3504629387939, -1517729349486175/3529066860435912, 30824878458541918/344560014061337883, -22311918860634837569/48194414256266881483, 4859780058387739628657/17470289300750955528368, 26/199, 3882/39157, 1998023/7704851, 100399961/1339557333, -42472727436/86376440605, -1631723803681/3504629387939, -30528969810206/441133357554489, -36439747913281424/344560014061337883, -7849342880634314687/48194414256266881483, 7343094016740978179135/17470289300750955528368, -965103026079122187263103/2045553622236414320457743, 55/199, -11933/39157, 1124542/7704851, -601319162/1339557333, -564837216/6644341585, -1627973167178/3504629387939, 46397274374555/415184336521872, 142724418251622389/344560014061337883, -15446508342731047373/48194414256266881483, -8727356780584152035531/17470289300750955528368, 549081639064985426630987/2045553622236414320457743, -50564643324730009643409874/105421581507021394791077331, 8/199, -2510/39157, 1504961/7704851, 235079399/1339557333, -19531854194/86376440605, -639017295979/3504629387939, -1470246053093/207592168260936, -128473456976403350/344560014061337883, 21052385338506675670/48194414256266881483, -1645764086739017455663/4367572325187738882092, 630776679341481972503756/2045553622236414320457743, -1435471650131542144904339/35140527169007131597025777, -1415569723958227820403343209/3405874442984140680656172971, 86/199, 17096/39157, 3118051/7704851, 197994292/446519111, -168193217/12339491515, -163556501619/3504629387939, 2899137790567387/7058133720871824, -96670079904364651/344560014061337883, -10062933765478140272/48194414256266881483, 2262005496248801135311/17470289300750955528368, 425481561211031255788257/2045553622236414320457743, -92215914580886911564360745/210843163014042789582154662, -1920572114200682974161407003/6811748885968281361312345942, 116075835263475198373606065237/234030573066264924100792779730, 50/199, 1725/39157, -2759300/7704851, 51193739/446519111, 25661183243/86376440605, 832215446478/3504629387939, -406627347963337/7058133720871824, -46904909840612093/114853338020445961, 341322483473213213/48194414256266881483, -796347728477719124145/17470289300750955528368, -776916850119548642658079/2045553622236414320457743, -25289387635412436839086853/210843163014042789582154662, -298344406124804990781593449/3405874442984140680656172971, -45936107792805662639481345472/117015286533132462050396389865, -9306759565085378052164504931929/18920366481364063086003114475067, 19/199, 13093/39157, -3510677/7704851, 202380319/1339557333, 25163874919/86376440605, 1643710393879/3504629387939, -63263450645547/2352711240290608, 56987182358233201/344560014061337883, -16199342969381410314/48194414256266881483, 73027353956995207969/256916019128690522476, -810530169346900172652612/2045553622236414320457743, 23873338908517691268576893/210843163014042789582154662, 2777310345069458520563587351/13623497771936562722624691884, 22733034436646914624901114917/234030573066264924100792779730, 5410827159230390020683492288502/18920366481364063086003114475067, -373330651570713397268719186550377/2128307043446974618896353991660202, 95/199, -15528/39157, 3794165/7704851, 24409963/446519111, 4730026708/86376440605, -832151828577/3504629387939, -680956070778669/2352711240290608, 10073248287009319/344560014061337883, -13571941868224593423/48194414256266881483, -2044470376161828636961/17470289300750955528368, -468169937866035377916623/2045553622236414320457743, -44500637078872878305819999/105421581507021394791077331, 2263366009340734544290036813/13623497771936562722624691884, -41094181252204876262356789101/468061146132529848201585559460, -6180898875339840379628835485498/18920366481364063086003114475067, 255455483538148668953904093993645/1064153521723487309448176995830101, -3748733851540393628151514042788019/25005810295113851293908064871898022, -20/199, -8252/39157, 110631/7704851, 122350252/446519111, 2859974467/12339491515, 1544395517994/3504629387939, -936380097620567/2352711240290608, -165228441619549451/344560014061337883, -23481335752308299658/48194414256266881483, -2450367580822283048627/8735144650375477764184, 573440084046232659883798/2045553622236414320457743, -52692846192820116984374840/105421581507021394791077331, 167346754638711515827044685/3405874442984140680656172971, -210188689959482387594665793149/468061146132529848201585559460, 1059795747985735503830000333433/18920366481364063086003114475067, 916980112234347869970465179638405/2128307043446974618896353991660202, -1508600778380490831651075479512535/25005810295113851293908064871898022, 14247744265426475154301564465/137385474698175165496965208787, -84/199, -3694/39157, -2745931/7704851, -248375222/1339557333, 18535736834/86376440605, -443675262731/3504629387939, -2801753914045753/7058133720871824, 4475909262205721/344560014061337883, -18424928020508165185/48194414256266881483, -980659096797805767181/2183786162593869441046, -140743986394901288103464/2045553622236414320457743, -1804394772349968633599786/35140527169007131597025777, -686500043979570438405417609/6811748885968281361312345942, -927371506352198804275090784/117015286533132462050396389865, -8544720721120155738386348793418/18920366481364063086003114475067, 120619740959803460855961714328189/1064153521723487309448176995830101, 516743235492902686287484838207276/1786129306793846520993433205135573, -56492252437100666523522049172/137385474698175165496965208787, 19516285217143928/63840271239847893] }
(hist.len, cnt): (1337, 31095)
[(0, 1), (1, 2), (1, 3), (0, 3), (1, 2), (1, 3), (0, 3), (0, 4), (1, 2), (3, 4), (0, 5), (0, 4), (3, 4), (0, 5), (1, 3), (0, 5), (2, 3), (3, 5), (0, 6), (1, 5), (3, 4), (1, 5), (3, 4), (0, 6), (2, 3), (4, 5), (0, 6), (2, 3), (2, 4), (1, 6), (1, 3), (2, 4), (3, 4), (0, 7), (2, 4), (3, 4), (2, 5), (0, 6), (3, 4), (2, 5), (3, 5), (2, 6), (4, 5), (1, 7), (4, 6), (5, 6), (2, 8), (4, 6), (0, 8), (2, 4), (2, 5), (1, 6), (2, 5), (1, 8), (1, 8), (2, 7), (2, 4), (5, 8), (5, 7), (1, 8), (0, 3), (1, 3), (4, 5), (7, 8), (0, 9), (0, 2), (3, 4), (3, 5), (6, 7), (0, 8), (4, 5), (4, 6), (0, 8), (1, 2), (3, 6), (1, 5), (2, 4), (1, 4), (2, 3), (3, 4), (1, 5), (2, 5), (3, 4), (1, 6), (2, 5), (3, 5), (4, 5), (5, 6), (5, 7), (2, 8), (1, 3), (2, 3), (4, 6), (5, 6), (4, 7), (5, 6), (2, 8), (3, 4), (1, 7), (0, 9), (1, 2), (3, 4), (1, 6), (2, 3), (4, 5), (4, 6), (0, 9), (5, 6), (1, 7), (4, 5), (1, 8), (3, 4), (1, 6), (1, 9), (1, 5), (1, 8), (0, 9), (1, 2), (5, 6), (3, 7), (5, 6), (0, 9), (2, 4), (5, 6), (1, 7), (2, 3), (0, 8), (1, 2), (0, 3), (1, 5), (3, 7), (1, 6), (6, 7), (0, 9), (2, 5), (3, 4), (1, 6), (2, 6), (1, 7), (2, 3), (8, 9), (0, 10), (1, 5), (2, 3), (8, 9), (0, 10), (2, 4), (6, 7), (3, 9), (7, 8), (7, 9), (0, 10), (2, 3), (4, 5), (3, 6), (5, 7), (5, 8), (6, 7), (7, 8), (0, 10), (1, 3), (0, 5), (2, 6), (3, 5), (4, 5), (0, 9), (2, 5), (4, 5), (0, 8), (4, 6), (5, 6), (2, 9), (4, 5), (4, 6), (7, 9), (8, 9), (4, 10), (2, 7), (3, 4), (5, 7), (6, 7), (5, 8), (6, 7), (0, 9), (1, 2), (4, 8), (7, 8), (0, 9), (3, 4), (4, 6), (5, 6), (3, 7), (7, 8), (2, 9), (2, 5), (4, 5), (8, 9), (1, 11), (0, 1), (0, 3), (3, 6), (4, 5), (3, 6), (4, 8), (5, 8), (1, 11), (0, 1), (6, 7), (3, 8), (6, 7), (9, 10), (1, 11), (0, 1), (5, 8), (6, 7), (3, 11), (2, 3), (3, 4), (4, 5), (3, 7), (4, 6), (2, 8), (3, 4), (3, 5), (4, 7), (5, 6), (1, 10), (4, 8), (5, 6), (7, 9), (8, 9), (1, 11), (0, 1), (2, 4), (0, 5), (3, 4), (0, 6), (1, 2), (3, 6), (5, 6), (5, 8), (7, 8), (3, 9), (5, 6), (6, 7), (8, 9), (4, 10), (8, 9), (1, 11), (0, 1), (2, 3), (4, 6), (5, 6), (3, 8), (8, 10), (6, 11), (5, 7), (6, 7), (8, 10), (9, 11), (4, 9), (2, 8), (5, 9), (4, 10), (5, 6), (9, 10), (1, 11), (0, 1), (5, 6), (5, 7), (2, 8), (3, 7), (5, 8), (2, 9), (1, 5), (2, 3), (3, 4), (2, 5), (4, 5), (5, 6), (6, 7), (7, 8), (7, 9), (2, 12), (1, 2), (4, 5), (3, 5), (4, 5), (6, 7), (3, 8), (4, 6), (5, 6), (3, 8), (6, 8), (0, 9), (4, 5), (7, 9), (6, 8), (7, 8), (1, 11), (0, 1), (5, 7), (6, 8), (7, 8), (6, 9), (2, 10), (1, 4), (2, 3), (3, 4), (1, 5), (3, 5), (7, 8), (0, 9), (4, 6), (5, 6), (4, 7), (3, 11), (2, 3), (5, 6), (5, 7), (2, 12), (1, 2), (4, 6), (7, 8), (6, 9), (7, 9), (8, 9), (3, 10), (6, 8), (8, 9), (2, 12), (0, 2), (4, 5), (4, 7), (5, 6), (4, 7), (6, 7), (0, 9), (1, 3), (5, 6), (5, 7), (6, 7), (3, 10), (7, 8), (6, 8), (7, 8), (5, 10), (8, 9), (8, 10), (4, 12), (7, 9), (8, 11), (5, 8), (6, 7), (9, 10), (5, 12), (0, 5), (1, 2), (0, 5), (3, 4), (5, 6), (6, 7), (7, 8), (5, 9), (6, 7), (5, 10), (6, 8), (7, 8), (8, 9), (9, 10), (2, 12), (0, 2), (1, 2), (1, 3), (0, 4), (3, 4), (7, 8), (1, 9), (6, 7), (1, 11), (2, 3), (5, 6), (4, 7), (6, 10), (3, 8), (5, 6), (5, 7), (6, 7), (6, 8), (7, 8), (4, 9), (6, 7), (3, 10), (2, 12), (0, 2), (1, 2), (2, 3), (4, 5), (5, 6), (6, 7), (7, 8), (8, 9), (1, 10), (4, 5), (4, 6), (7, 8), (10, 11), (2, 12), (1, 2), (2, 5), (2, 7), (5, 7), (8, 10), (8, 12), (8, 10), (9, 10), (9, 13), (5, 9), (7, 8), (3, 9), (3, 11), (11, 12), (5, 11), (4, 5), (5, 6), (6, 7), (7, 8), (8, 9), (9, 10), (10, 11), (11, 13), (8, 11), (5, 8), (6, 8), (2, 9), (3, 5), (6, 10), (8, 9), (4, 11), (7, 8), (5, 10), (8, 9), (6, 10), (7, 8), (9, 10), (7, 11), (3, 13), (0, 3), (4, 5), (4, 8), (7, 8), (4, 9), (5, 7), (6, 7), (6, 8), (7, 8), (0, 10), (6, 7), (5, 8), (6, 7), (6, 8), (9, 10), (1, 11), (0, 1), (2, 3), (4, 5), (5, 7), (7, 8), (8, 9), (4, 11), (5, 6), (10, 11), (5, 10), (9, 10), (2, 12), (1, 2), (6, 7), (3, 8), (4, 6), (5, 6), (6, 9), (7, 8), (6, 11), (4, 6), (4, 6), (5, 7), (3, 13), (0, 3), (1, 2), (1, 6), (2, 3), (5, 6), (6, 9), (7, 8), (7, 10), (2, 9), (3, 4), (4, 7), (6, 7), (3, 8), (6, 7), (7, 9), (0, 10), (8, 11), (7, 8), (2, 12), (0, 2), (6, 7), (3, 12), (5, 6), (5, 10), (6, 7), (8, 9), (8, 10), (3, 13), (2, 3), (6, 8), (7, 8), (5, 9), (7, 11), (5, 9), (7, 8), (5, 10), (3, 13), (0, 3), (6, 7), (8, 10), (9, 10), (5, 11), (3, 5), (4, 5), (9, 10), (3, 13), (2, 3), (4, 5), (1, 6), (2, 3), (5, 6), (4, 10), (4, 6), (6, 7), (1, 11), (2, 3), (3, 4), (4, 6), (7, 8), (6, 11), (5, 6), (7, 8), (9, 10), (5, 12), (3, 5), (6, 8), (6, 9), (7, 8), (1, 10), (2, 5), (3, 4), (4, 5), (2, 10), (7, 10), (8, 9), (9, 10), (8, 14), (3, 8), (4, 7), (5, 6), (6, 8), (3, 10), (7, 11), (5, 7), (6, 7), (8, 10), (9, 10), (12, 13), (5, 15), (1, 5), (2, 3), (3, 5), (7, 9), (3, 10), (3, 5), (4, 5), (9, 10), (6, 11), (7, 8), (9, 12), (8, 9), (7, 14), (6, 7), (7, 11), (8, 10), (11, 13), (8, 11), (7, 8), (8, 18), (0, 8), (1, 4), (4, 5), (1, 6), (3, 4), (4, 5), (1, 8), (2, 3), (5, 6), (3, 11), (1, 3), (6, 10), (8, 10), (9, 10), (7, 11), (10, 11), (5, 14), (1, 5), (2, 5), (3, 6), (4, 5), (5, 6), (9, 11), (8, 9), (8, 13), (3, 8), (1, 8), (2, 4), (3, 4), (9, 10), (11, 14), (7, 11), (6, 7), (7, 9), (1, 11), (2, 3), (3, 4), (3, 5), (6, 7), (7, 8), (3, 13), (1, 3), (7, 8), (5, 9), (7, 9), (7, 10), (11, 13), (9, 11), (4, 14), (2, 4), (4, 6), (5, 6), (5, 8), (8, 9), (4, 11), (5, 6), (0, 8), (3, 5), (4, 5), (0, 10), (2, 3), (1, 6), (3, 5), (4, 5), (2, 6), (3, 4), (5, 6), (7, 14), (1, 7), (5, 7), (6, 7), (7, 8), (8, 9), (8, 10), (10, 11), (7, 14), (4, 7), (6, 7), (9, 10), (10, 13), (1, 10), (5, 6), (2, 7), (5, 7), (5, 8), (8, 9), (11, 14), (3, 11), (2, 5), (2, 7), (6, 7), (5, 8), (5, 9), (12, 13), (4, 14), (0, 4), (3, 4), (2, 5), (4, 5), (1, 6), (5, 7), (6, 7), (7, 9), (8, 9), (2, 8), (7, 8), (1, 10), (3, 5), (4, 5), (4, 6), (6, 7), (7, 8), (7, 9), (8, 10), (10, 11), (11, 12), (3, 13), (1, 3), (3, 4), (6, 7), (7, 8), (7, 9), (11, 13), (5, 11), (6, 7), (6, 8), (4, 13), (2, 4), (3, 4), (5, 6), (11, 12), (8, 11), (5, 14), (2, 10), (5, 9), (6, 9), (3, 11), (6, 9), (8, 10), (9, 10), (11, 13), (4, 14), (0, 4), (1, 4), (2, 3), (0, 7), (1, 4), (2, 4), (1, 5), (6, 7), (8, 10), (9, 10), (3, 11), (1, 3), (2, 3), (5, 6), (8, 9), (10, 12), (8, 10), (7, 10), (8, 9), (4, 14), (0, 4), (0, 2), (4, 5), (5, 6), (6, 7), (5, 8), (8, 9), (9, 11), (8, 9), (3, 12), (4, 11), (8, 15), (4, 8), (4, 7), (6, 7), (3, 8), (7, 9), (10, 11), (4, 10), (6, 8), (7, 8), (7, 11), (6, 7), (6, 14), (2, 6), (3, 4), (3, 6), (5, 15), (0, 5), (1, 7), (5, 6), (6, 7), (8, 10), (8, 10), (11, 12), (8, 11), (9, 10), (8, 14), (4, 8), (5, 6), (5, 7), (7, 9), (1, 11), (12, 14), (5, 15), (1, 5), (3, 6), (4, 5), (6, 7), (8, 9), (7, 13), (5, 7), (6, 14), (0, 6), (1, 2), (7, 8), (8, 9), (7, 10), (10, 13), (4, 10), (5, 6), (7, 8), (8, 9), (0, 10), (2, 5), (6, 11), (5, 6), (8, 10), (9, 10), (7, 15), (0, 7), (1, 2), (2, 3), (2, 4), (3, 4), (3, 5), (4, 6), (5, 6), (2, 7), (4, 7), (5, 7), (7, 8), (6, 9), (8, 10), (5, 15), (0, 5), (3, 6), (4, 6), (6, 7), (7, 10), (2, 9), (7, 8), (7, 11), (3, 8), (4, 8), (5, 6), (5, 7), (6, 7), (8, 10), (11, 14), (3, 11), (5, 8), (6, 9), (7, 9), (8, 9), (5, 15), (1, 5), (2, 4), (3, 4), (4, 5), (6, 7), (2, 8), (6, 8), (7, 8), (8, 9), (4, 10), (2, 8), (9, 12), (7, 9), (8, 9), (6, 15), (3, 6), (2, 6), (5, 6), (3, 7), (5, 6), (5, 9), (7, 8), (5, 11), (4, 5), (4, 7), (8, 11), (9, 10), (9, 12), (3, 9), (0, 3), (4, 7), (5, 7), (6, 8), (7, 8), (7, 9), (8, 10), (9, 10), (3, 11), (2, 3), (5, 8), (7, 8), (6, 10), (7, 9), (8, 9), (7, 10), (5, 15), (0, 5), (2, 4), (3, 4), (5, 6), (7, 8), (3, 10), (9, 10), (4, 12), (6, 7), (9, 10), (7, 14), (2, 7), (6, 7), (8, 10), (10, 11), (8, 10), (4, 13), (9, 13), (5, 15), (1, 5), (6, 7), (0, 8), (3, 6), (6, 9), (2, 7), (4, 7), (5, 6), (6, 7), (9, 10), (8, 11), (7, 8), (8, 12), (3, 8), (4, 7), (5, 6), (5, 8), (6, 13), (7, 10), (3, 12), (1, 3), (4, 5), (15, 16), (13, 15), (4, 13), (2, 4), (0, 4), (1, 2), (1, 3), (4, 5), (8, 9), (9, 10), (7, 12), (8, 9), (9, 10), (10, 11), (12, 13), (4, 12), (0, 4), (7, 12), (5, 7), (9, 10), (6, 16), (0, 6), (1, 4), (2, 4), (3, 4), (5, 7), (6, 7), (5, 15), (1, 5), (7, 8), (2, 9), (5, 6), (2, 10), (3, 4), (4, 5), (5, 6), (6, 7), (4, 8), (5, 7), (8, 9), (11, 12), (7, 16), (1, 7), (2, 8), (6, 8), (7, 8), (5, 10), (12, 14), (11, 12), (12, 15), (11, 12), (10, 11), (8, 10), (8, 12), (6, 8), (7, 8), (14, 15), (8, 16), (4, 8), (1, 7), (4, 5), (7, 8), (8, 10), (9, 10), (8, 11), (7, 8), (11, 12), (10, 11), (12, 17), (2, 12), (3, 4), (3, 5), (5, 6), (7, 9), (6, 10), (4, 13), (1, 4), (5, 6), (6, 7), (8, 9), (9, 10), (12, 14), (5, 12), (3, 5), (4, 8), (5, 8), (7, 8), (6, 9), (7, 8), (2, 10), (6, 7), (3, 9), (8, 9), (4, 10), (5, 6), (6, 7), (11, 13), (8, 15), (7, 8), (0, 8), (6, 8), (5, 8), (6, 7), (7, 8), (8, 9), (9, 10), (10, 17), (0, 10), (2, 3), (4, 6), (5, 8), (7, 8), (0, 9), (2, 3), (3, 4), (1, 10), (2, 9), (3, 13), (0, 3), (1, 3), (2, 3), (3, 6), (4, 6), (5, 6), (6, 7), (7, 8), (7, 9), (9, 10), (12, 16), (3, 12), (1, 3), (0, 3), (4, 7), (5, 9), (6, 7), (2, 12), (0, 2), (5, 6), (13, 14), (8, 16), (1, 8), (3, 5), (6, 7), (3, 8), (7, 8), (5, 9), (8, 10), (11, 16), (1, 11), (0, 1), (2, 3), (5, 6), (6, 7), (7, 16), (0, 7), (2, 3), (3, 4), (6, 8), (10, 13), (7, 10), (6, 10), (7, 8), (10, 16), (7, 10), (0, 10), (1, 3), (2, 8), (3, 6), (9, 16), (0, 9), (3, 4), (1, 6), (2, 6), (3, 4), (4, 5), (5, 6), (3, 7), (5, 7), (7, 8), (6, 9), (6, 14), (0, 6), (1, 3), (2, 3), (1, 6), (4, 7), (9, 10), (9, 12), (11, 12), (13, 16), (5, 13), (8, 10), (9, 10), (9, 11), (10, 11), (2, 12), (0, 2), (2, 5), (3, 5), (4, 5), (3, 6), (4, 7), (6, 8), (8, 9), (8, 10), (5, 9), (1, 5), (2, 4), (3, 4), (2, 5), (5, 9), (7, 8), (7, 9), (8, 9), (10, 12), (6, 10), (8, 9), (11, 12), (4, 13), (0, 4), (5, 8), (6, 7), (8, 9), (0, 10), (1, 7), (2, 3), (5, 7), (6, 7), (4, 8), (3, 9), (10, 11), (9, 15), (0, 9), (4, 5), (3, 6), (4, 9), (5, 6), (7, 8), (7, 9), (9, 10), (3, 11), (0, 3), (2, 3), (1, 4), (2, 3), (4, 5), (5, 6), (2, 7), (3, 6), (4, 5), (3, 8), (8, 9), (2, 10), (4, 5), (7, 9), (8, 9), (12, 14), (10, 12), (3, 10), (8, 9), (6, 10), (7, 9), (8, 9), (13, 14), (6, 16), (0, 6), (2, 3), (2, 5), (5, 6), (6, 10), (7, 11), (8, 9), (8, 10), (9, 10), (3, 12), (1, 3), (2, 3), (3, 6), (8, 9), (6, 10), (11, 12), (13, 14), (5, 15), (0, 5), (2, 4), (3, 4), (3, 8), (6, 7), (7, 8), (6, 8), (7, 8), (11, 16), (10, 11), (9, 10), (16, 17), (13, 18), (4, 13), (3, 4), (6, 7), (5, 9), (8, 9), (6, 10), (7, 9), (8, 9), (7, 13), (2, 7), (4, 5), (8, 10), (10, 12), (7, 10), (8, 16), (1, 8), (2, 4), (3, 4), (1, 6), (2, 7), (6, 7), (4, 8), (6, 8), (2, 12), (0, 2), (11, 12), (11, 13), (7, 11), (15, 17), (12, 15), (10, 12), (5, 10), (7, 9), (8, 10), (5, 13), (6, 7), (6, 9), (7, 8), (7, 10), (6, 12), (4, 6), (7, 9), (8, 9), (8, 10), (13, 16), (10, 13), (7, 10), (4, 10), (7, 8), (6, 9), (7, 9), (8, 9), (7, 10), (9, 13), (4, 10), (1, 4), (2, 4), (3, 4), (5, 6), (7, 10), (8, 10), (11, 17), (1, 11), (2, 4), (3, 4), (2, 5), (4, 5), (4, 10), (6, 8), (7, 11), (6, 8), (7, 8), (3, 9), (4, 8), (5, 6), (7, 8), (8, 9), (13, 14), (10, 16), (0, 10), (4, 6), (5, 7), (7, 9), (5, 10), (7, 9), (11, 15), (7, 11), (8, 9), (8, 10), (10, 11)]
