results/deeplll10/ndim20seed2cnt1000dim20delta0.98999995.txt: 131.034 sec
b: [[15, 3, 5, -7, -2, 0, 3, 12, 15, 2, 5, 18, 20, -8, 1, 14, 1, -8, 2, -12],
 [-9, -2, 11, 6, 14, -5, -14, 6, -8, -2, 3, -11, -16, 14, -6, 6, 1, -2, 22, -6],
 [11, -1, -10, -31, 5, -5, 7, 1, 17, 8, 7, 3, 5, 6, -3, 8, 0, 11, -15, 10],
 [12, 7, -1, -5, 11, -20, -6, 3, -6, 0, 1, 1, -17, 12, 18, -4, 5, 12, -1, 20],
 [-2, 7, -6, -3, 2, -8, 1, 1, 18, 10, 8, -1, 1, 7, -32, 15, -3, -4, 14, 11],
 [-12, -5, 6, 8, -12, -4, 8, -26, -1, -10, 17, -7, 3, -7, -15, 1, 8, 8, 0, 17],
 [5, -7, -8, 2, 5, -11, -17, -11, -13, 8, 7, -18, -11, 7, 5, 20, 16, 16, -7, 11],
 [14, -1, -4, 5, -9, 10, 8, -10, -11, -27, 6, -8, -1, 5, -4, 10, 5, 7, -2, -14],
 [-5, -16, 1, -21, -7, -7, -7, 5, -7, 24, -19, -13, -1, 5, -8, -3, -12, 8, 6, 6],
 [-8, 20, -19, -8, -22, 13, 0, -10, -17, 1, -15, -3, 10, 5, -17, -10, -9, -1, 8, -1],
 [-26, 8, 4, 3, -2, -2, -12, 16, -3, -7, -17, 18, 15, 1, -6, 3, -23, 1, 16, -5],
 [18, -4, 15, -1, -9, 4, 9, 7, 7, -6, 9, -13, 16, -4, -24, -7, -8, -3, -12, 1],
 [11, -22, -7, -2, -8, 13, 1, -16, -12, -2, -19, 4, -19, -8, -12, -19, 0, 0, -7, -2],
 [-3, -2, -3, -8, -16, 17, 17, -17, -29, -6, -4, 5, -16, -8, -2, 2, -17, 1, -6, -2],
 [8, 5, -8, 1, 7, -3, 13, -9, 0, -1, 15, 3, -10, -31, 10, 1, 0, -4, 5, 0],
 [18, -3, -7, 1, -14, 1, 2, 0, -2, -5, -21, 13, 8, 3, 18, 14, 7, 2, -7, -8],
 [22, -13, -10, -37, -8, 10, 18, -6, 37, 6, 3, -10, 15, 13, -46, -3, 2, 3, -21, 6],
 [-24, -22, 8, 21, -6, 11, -8, -17, -8, 6, -12, -3, -12, -2, -3, -20, 13, -10, 12, -8],
 [-4, 13, 6, -4, -12, 7, 19, -10, -6, -16, 7, 16, 4, -4, 5, 7, -5, -5, 7, -4],
 [4, 4, -9, -21, -5, -4, 1, -2, -7, 29, -11, -9, -3, -1, 15, -10, 1, 0, -4, 10]], shape=[20, 20], strides=[20, 1], layout=Cc (0x5), const ndim=2
v_norms: [1917, 366122/213, 2957595655/1647549, 4556183319596/2957595655, 1555761191128941/1139045829899, 763493694869304779/518587063709647, 2106597905217112100747/1526987389738609558, 6016168563073591753877979/4213195810434224201494, 7402666834026520622585566876/6016168563073591753877979, 25190738165644799438229004597721/22208000502079561867756700628, 32378727821673376071134279325580131/25190738165644799438229004597721, 32725610327025435352794802172145812620/32378727821673376071134279325580131, 8094500891368853228839980805675079115029/8181402581756358838198700543036453155, 8817288362082530391030192835906605421176747/8094500891368853228839980805675079115029, 14402965696486299562328473433164013598870933395/17634576724165060782060385671813210842353494, 3139778475098025446871569308712794344050188581949/57611862785945198249313893732656054395483733580, 893462006440030820594617187889261611681504718299/3139778475098025446871569308712794344050188581949, 141679858585880198466843979577889911/893462006440030820594617187889261611681504718299, 6358558072048769784/141679858585880198466843979577889911, 1/6358558072048769784], shape=[20], strides=[1], layout=CFcf (0xf), const ndim=1
Mu { arr: [-218/639, 635/1917, -217057/549183, -647/1917, 50887/549183, 1382732189/2957595655, 124/639, 62719/183061, 1399650666/2957595655, -928965308673/2278091659798, -706/1917, -137020/549183, -4502038/84502733, -350348238100/1139045829899, 250580697825632/518587063709647, -910/1917, 3295/18006, 1345643164/2957595655, 1425191715771/4556183319596, -44953847428339/1037174127419294, 272089610596541907/763493694869304779, -70/1917, -38903/1098366, -512182007/2957595655, -738346654543/4556183319596, -281906088861039/1037174127419294, 321039085146495640/763493694869304779, 442419758377824618002/2106597905217112100747, -550/1917, 74995/1098366, 1269554863/2957595655, -1182329524933/4556183319596, -209950967412563/3111522382257882, -322896703270598898/763493694869304779, 218041459676228429076/2106597905217112100747, -940228864514332213608359/2005389521024530584625993, -527/1917, -376237/1098366, -655962088/2957595655, -549498322628/1139045829899, 550568516419201/1555761191128941, -320664334353340092/763493694869304779, -127498551012958874474/2106597905217112100747, 2251694706301871420110658/6016168563073591753877979, 3425449490792089178859837383/7402666834026520622585566876, 362/1917, 199208/549183, -1147487993/2957595655, -48251963763/239799122084, 513330339819073/3111522382257882, -303088060550726978/763493694869304779, -899944622746057894061/2106597905217112100747, -1625322065086631231260574/6016168563073591753877979, 330010587429498875098945999/1057523833432360088940795268, 12256719050028113911518755919523/25190738165644799438229004597721, 583/1917, -244165/1098366, 111805118/2957595655, -957602339499/2278091659798, 82620658079578/518587063709647, 177185089520435951/763493694869304779, -464166314698321619444/2106597905217112100747, 1642665482416478420144962/6016168563073591753877979, 2253829290428647383411915231/7402666834026520622585566876, -10774002347984671047812282826671/25190738165644799438229004597721, -8391329586874889991124157342698927/32378727821673376071134279325580131, -886/1917, -232042/549183, -81803636/422513665, -540121307859/2278091659798, -119486200333818/518587063709647, -151062842810968295/763493694869304779, -20045948179309590653/2106597905217112100747, 484872636810066611987137/2005389521024530584625993, 215551345796310530251261431/528761916716180044470397634, -9054799598897641921538336651514/25190738165644799438229004597721, -3533344104609883207284983265474658/10792909273891125357044759775193377, -2492882425148387362900864183163329188/8181402581756358838198700543036453155, -751/1917, -478745/1098366, -145758163/591519131, -1340499774695/4556183319596, -275697508499681/1037174127419294, 40942474866150406/763493694869304779, -240097488310737783875/2106597905217112100747, 887763787370683030938864/2005389521024530584625993, 677560614915839327715571401/1850666708506630155646391719, 5046255278622082596256220093028/25190738165644799438229004597721, 137585676091624337101907420844845/32378727821673376071134279325580131, -474386168573360664915007849438496477/1168771797393765548314100077576636165, 1944674324946295379599150797966527832497/8094500891368853228839980805675079115029, 82/639, -85003/366122, -405652314/2957595655, 251480791526/1139045829899, 126665217492044/1555761191128941, 199029294265956457/763493694869304779, -19110713439111803689/2106597905217112100747, 5337829828506712165641/2005389521024530584625993, -5388391633281717107073637/15551821079887648366776401, -4256571762175051000359016754730/25190738165644799438229004597721, -10927656800923992924915593150338990/32378727821673376071134279325580131, -3508469192833957349074789199459290997/8181402581756358838198700543036453155, -29570188071327705767527528574074777554/8094500891368853228839980805675079115029, 4038874835925608544213368362056390762668068/8817288362082530391030192835906605421176747, 85/213, -125247/366122, -536784984/2957595655, 1638505286949/4556183319596, -997561383184057/3111522382257882, -139157806158787370/763493694869304779, 899917555645572944764/2106597905217112100747, 2222482055781860055740731/6016168563073591753877979, 2289378474270965020406535467/7402666834026520622585566876, -193211153051419994906282822669/25190738165644799438229004597721, 6105739549007939943743669459207227/32378727821673376071134279325580131, -13633939680386906075915921651288218771/32725610327025435352794802172145812620, 165750285332700277920846614514688726642/8094500891368853228839980805675079115029, -1607858219537641146480032466660925856097959/8817288362082530391030192835906605421176747, -6198073782760783964725597035291273525639250249/14402965696486299562328473433164013598870933395, 872/1917, -733259/1098366, 3513588184/2957595655, -2365196383217/2278091659798, 639563585014627/1555761191128941, -3524451833376196/763493694869304779, -466203878081470827421/2106597905217112100747, 2506498321599603979476341/6016168563073591753877979, 501745062299051416220812946/1850666708506630155646391719, -9749563622018283240907589984770/25190738165644799438229004597721, -15854484526123772849332327228111700/32378727821673376071134279325580131, 7281233008206815349406826545415607391/16362805163512717676397401086072906310, 2882684959424125023093776526860076776686/8094500891368853228839980805675079115029, -4369246680861972902839342764792924234845359/8817288362082530391030192835906605421176747, -982569866100640383039374733132001444478220811/2880593139297259912465694686632802719774186679, 1274389894623239767343177639918168487284472270710/3139778475098025446871569308712794344050188581949, -1265/1917, 236069/1098366, -315378247/422513665, -1971891741561/4556183319596, -141888374986747/1037174127419294, 60219167009914164/763493694869304779, -21951749671650237471/2106597905217112100747, -935040557993611279859200/2005389521024530584625993, 167961778646432203706723259/3701333417013260311292783438, -3923321202879847893139841747706/25190738165644799438229004597721, -10119585715235189776897682049875338/32378727821673376071134279325580131, -7689816840567288777147815179480700917/16362805163512717676397401086072906310, 3282276875165475760594949188220255869533/8094500891368853228839980805675079115029, -1133789660092694013288810193174565900140111/2939096120694176797010064278635535140392249, -467676384449858691934428727568891849521498044/1309360517862390869302588493924001236260993945, -1037844733673891248828367457999346672333177103506/3139778475098025446871569308712794344050188581949, 317977161021091999843232121142128522866272803967/893462006440030820594617187889261611681504718299, 511/1917, -193405/1098366, -905974879/2957595655, -202311033531/4556183319596, 52108265462713/3111522382257882, 292114478137329836/763493694869304779, -910398529105709741457/2106597905217112100747, 2246478587016577102447352/6016168563073591753877979, -846218621206605193444451/26724429003705850623052588, 10342446539244890718218873501093/25190738165644799438229004597721, 310498155109523600232687279822641/3597636424630375119014919925064459, -1888058947959574100703324011604682503/4675087189575062193256400310306544660, -1456622550415027118950991691768482057873/8094500891368853228839980805675079115029, 4258666028295945939431859704582234209385030/8817288362082530391030192835906605421176747, -1547434151348799365753507200941612297682763267/14402965696486299562328473433164013598870933395, 1528383269044683375758545742416754296660624266787/3139778475098025446871569308712794344050188581949, 87979468716549697640763282340336975018682718963/893462006440030820594617187889261611681504718299, -49288609130139290773786672740263233/141679858585880198466843979577889911, -15/71, -1191/3001, 1101447537/2957595655, 1174063424913/4556183319596, -428717108057077/3111522382257882, -358190392086581796/763493694869304779, 383624876932963707645/2106597905217112100747, -906297335608721342635110/2005389521024530584625993, 767129286508740429189646616/1850666708506630155646391719, 7905930917653257352393777580442/25190738165644799438229004597721, -16030252281508643458174287995487853/32378727821673376071134279325580131, -1262777101977572503371170142613113719/8181402581756358838198700543036453155, -2006742181443965515374286157072983701383/8094500891368853228839980805675079115029, 1020899321790955627055942010734981976265430/8817288362082530391030192835906605421176747, 1138432641119483819244018026170421418158352523/14402965696486299562328473433164013598870933395, 1064790907318905973487895336607093688780097697372/3139778475098025446871569308712794344050188581949, 221883269413641785218666981351275236099110453774/893462006440030820594617187889261611681504718299, -44262621758440218868131249484034561/141679858585880198466843979577889911, 1037652189903218387/6358558072048769784] }
(hist.len, cnt): (1323, 29217)
[(0, 1), (0, 2), (0, 2), (0, 2), (0, 2), (1, 2), (0, 3), (0, 3), (2, 3), (0, 4), (1, 2), (0, 4), (1, 2), (2, 3), (0, 4), (1, 5), (1, 5), (0, 4), (1, 2), (1, 4), (0, 5), (2, 3), (0, 4), (1, 2), (0, 5), (0, 4), (0, 6), (1, 4), (4, 5), (1, 6), (2, 3), (2, 4), (3, 4), (1, 5), (2, 3), (3, 4), (0, 6), (3, 4), (3, 5), (0, 6), (3, 4), (2, 5), (0, 6), (1, 2), (1, 5), (3, 4), (0, 6), (3, 4), (0, 5), (2, 3), (1, 6), (4, 6), (0, 7), (2, 5), (4, 5), (5, 6), (0, 7), (1, 2), (2, 3), (0, 4), (1, 4), (2, 3), (0, 6), (1, 2), (2, 7), (3, 4), (0, 7), (1, 2), (0, 3), (0, 5), (1, 2), (3, 4), (3, 6), (4, 5), (0, 7), (2, 3), (3, 5), (4, 5), (0, 6), (1, 2), (0, 3), (1, 2), (0, 8), (1, 2), (0, 4), (2, 7), (3, 5), (4, 5), (0, 8), (3, 5), (0, 6), (4, 6), (0, 7), (4, 6), (0, 8), (2, 5), (3, 4), (4, 6), (2, 7), (1, 6), (2, 3), (2, 4), (6, 7), (0, 8), (1, 2), (0, 5), (1, 2), (0, 8), (2, 3), (3, 4), (3, 5), (4, 5), (0, 6), (0, 2), (0, 4), (2, 5), (3, 5), (0, 6), (2, 3), (0, 8), (1, 2), (5, 6), (0, 9), (2, 3), (3, 4), (1, 8), (2, 9), (4, 5), (4, 7), (5, 6), (2, 8), (4, 6), (5, 6), (4, 7), (5, 6), (7, 8), (0, 9), (2, 3), (3, 6), (6, 7), (0, 9), (2, 3), (4, 5), (0, 6), (2, 4), (5, 7), (6, 7), (7, 8), (4, 9), (3, 4), (4, 5), (2, 6), (7, 8), (0, 9), (2, 3), (1, 5), (2, 6), (7, 8), (2, 9), (2, 4), (1, 5), (1, 6), (3, 4), (3, 6), (4, 5), (4, 6), (5, 6), (3, 7), (5, 7), (0, 9), (1, 2), (2, 6), (3, 4), (5, 6), (1, 7), (2, 5), (6, 7), (7, 8), (0, 10), (5, 8), (0, 9), (2, 5), (5, 6), (4, 7), (0, 8), (3, 4), (4, 5), (5, 6), (2, 10), (4, 6), (2, 8), (3, 4), (3, 6), (7, 8), (4, 9), (0, 10), (1, 2), (3, 4), (3, 5), (3, 6), (4, 5), (5, 6), (7, 8), (0, 9), (1, 3), (2, 6), (4, 6), (8, 9), (0, 10), (2, 3), (2, 5), (3, 4), (5, 6), (4, 8), (5, 6), (7, 8), (0, 10), (1, 2), (1, 5), (2, 4), (3, 5), (4, 5), (2, 6), (4, 5), (5, 6), (2, 7), (2, 7), (3, 5), (3, 6), (5, 9), (1, 11), (0, 1), (2, 5), (3, 6), (5, 6), (4, 6), (5, 6), (2, 7), (5, 7), (0, 10), (5, 6), (2, 8), (1, 11), (0, 1), (3, 4), (2, 6), (3, 5), (3, 7), (4, 7), (5, 6), (5, 7), (8, 9), (1, 11), (3, 4), (3, 6), (1, 8), (3, 4), (1, 5), (5, 6), (1, 11), (2, 7), (4, 5), (3, 8), (0, 10), (1, 2), (4, 5), (3, 6), (5, 7), (7, 8), (8, 9), (9, 10), (1, 11), (0, 1), (3, 7), (6, 7), (4, 8), (3, 10), (4, 5), (6, 8), (5, 9), (6, 8), (7, 9), (3, 10), (6, 7), (4, 8), (5, 7), (6, 8), (5, 9), (1, 11), (5, 6), (4, 8), (5, 7), (2, 9), (0, 8), (6, 8), (5, 10), (7, 10), (9, 10), (1, 11), (0, 1), (2, 3), (4, 6), (5, 6), (0, 7), (1, 2), (0, 9), (5, 7), (6, 8), (9, 10), (1, 11), (0, 1), (2, 3), (1, 3), (2, 3), (1, 4), (2, 6), (1, 4), (2, 3), (5, 6), (1, 7), (4, 5), (8, 9), (6, 10), (7, 8), (8, 9), (7, 10), (8, 9), (9, 10), (1, 11), (2, 4), (3, 4), (1, 5), (3, 5), (4, 5), (7, 9), (3, 10), (5, 9), (7, 11), (4, 7), (5, 6), (6, 7), (4, 8), (6, 7), (7, 8), (2, 12), (0, 2), (4, 7), (5, 6), (5, 7), (3, 8), (5, 6), (6, 7), (3, 11), (7, 8), (6, 10), (8, 9), (9, 10), (2, 12), (0, 2), (0, 3), (4, 5), (7, 8), (0, 10), (9, 10), (4, 11), (3, 8), (5, 9), (6, 7), (8, 9), (3, 11), (5, 10), (8, 10), (9, 10), (2, 12), (1, 2), (3, 4), (2, 5), (3, 4), (4, 5), (7, 8), (3, 9), (7, 8), (9, 10), (7, 11), (2, 7), (3, 4), (5, 7), (8, 11), (5, 12), (1, 5), (2, 3), (1, 4), (0, 6), (2, 4), (5, 6), (6, 10), (8, 9), (1, 11), (0, 1), (2, 5), (3, 5), (6, 7), (7, 9), (6, 9), (2, 12), (1, 2), (2, 3), (3, 6), (5, 6), (7, 8), (8, 9), (9, 10), (3, 11), (5, 6), (2, 12), (3, 4), (5, 8), (8, 9), (9, 10), (3, 11), (5, 6), (5, 8), (5, 9), (3, 10), (5, 9), (6, 9), (8, 9), (6, 11), (4, 8), (6, 7), (6, 8), (7, 9), (8, 9), (8, 10), (3, 12), (1, 3), (2, 3), (3, 6), (8, 9), (7, 10), (2, 11), (0, 2), (3, 4), (3, 5), (8, 9), (0, 10), (2, 4), (3, 4), (3, 5), (9, 10), (7, 12), (4, 7), (5, 6), (8, 9), (8, 10), (3, 13), (0, 3), (2, 3), (3, 5), (5, 6), (4, 7), (5, 6), (7, 8), (7, 9), (0, 10), (9, 10), (5, 11), (2, 5), (3, 5), (4, 5), (0, 10), (1, 2), (2, 3), (3, 6), (6, 7), (8, 9), (4, 11), (5, 6), (9, 10), (1, 11), (0, 1), (6, 8), (7, 8), (9, 10), (12, 13), (5, 12), (3, 5), (4, 5), (6, 8), (7, 8), (7, 9), (2, 10), (3, 4), (3, 5), (5, 9), (7, 8), (7, 9), (8, 9), (7, 10), (1, 11), (0, 1), (2, 3), (2, 4), (6, 8), (5, 8), (6, 7), (2, 12), (0, 2), (2, 3), (3, 4), (4, 5), (5, 6), (4, 8), (7, 8), (9, 12), (5, 13), (2, 5), (3, 4), (3, 5), (5, 6), (6, 7), (1, 9), (2, 3), (3, 4), (8, 9), (9, 10), (0, 10), (3, 10), (4, 6), (5, 6), (7, 9), (8, 9), (3, 10), (2, 11), (1, 2), (2, 3), (3, 4), (4, 6), (5, 6), (7, 10), (8, 9), (3, 13), (0, 3), (2, 3), (3, 4), (2, 6), (3, 5), (4, 5), (6, 7), (5, 11), (6, 8), (7, 8), (2, 10), (4, 6), (5, 8), (7, 8), (9, 10), (10, 11), (6, 10), (8, 9), (2, 12), (0, 2), (2, 6), (5, 6), (4, 7), (6, 9), (7, 9), (8, 9), (8, 10), (6, 9), (8, 9), (7, 12), (8, 10), (3, 13), (2, 3), (6, 8), (7, 8), (3, 9), (6, 8), (9, 10), (10, 11), (9, 10), (11, 12), (5, 11), (6, 13), (4, 6), (6, 7), (3, 9), (6, 7), (7, 9), (8, 10), (9, 10), (9, 12), (3, 9), (4, 5), (5, 6), (4, 9), (5, 6), (7, 8), (5, 9), (6, 10), (7, 8), (11, 12), (7, 11), (2, 7), (3, 5), (10, 11), (8, 12), (9, 10), (3, 13), (0, 3), (2, 5), (3, 4), (7, 8), (3, 8), (4, 5), (5, 6), (7, 8), (7, 9), (8, 9), (3, 10), (6, 7), (5, 8), (6, 7), (4, 9), (5, 6), (5, 7), (4, 10), (5, 8), (7, 9), (8, 9), (6, 10), (7, 8), (9, 10), (5, 13), (2, 5), (6, 8), (7, 8), (4, 9), (5, 8), (4, 10), (4, 6), (8, 11), (9, 10), (4, 13), (2, 4), (1, 4), (2, 3), (3, 4), (4, 5), (5, 6), (5, 7), (7, 10), (7, 10), (11, 13), (8, 11), (4, 8), (7, 8), (8, 9), (5, 10), (6, 8), (7, 8), (8, 10), (9, 10), (4, 14), (0, 4), (5, 6), (4, 9), (6, 7), (8, 9), (2, 12), (1, 2), (0, 2), (1, 2), (3, 8), (6, 7), (4, 8), (5, 6), (4, 9), (3, 7), (4, 5), (1, 8), (2, 3), (7, 9), (4, 12), (1, 4), (2, 3), (3, 4), (5, 7), (6, 7), (5, 9), (6, 9), (9, 11), (6, 14), (1, 6), (0, 5), (1, 2), (3, 6), (0, 8), (3, 5), (6, 8), (9, 13), (6, 9), (4, 8), (1, 9), (3, 4), (5, 6), (7, 9), (8, 9), (2, 10), (4, 5), (4, 6), (6, 7), (11, 12), (9, 11), (4, 14), (0, 4), (2, 3), (3, 5), (5, 6), (6, 7), (7, 8), (2, 9), (3, 6), (5, 8), (0, 10), (7, 9), (10, 11), (3, 13), (1, 3), (3, 4), (6, 9), (7, 10), (9, 10), (11, 12), (12, 13), (8, 14), (4, 8), (3, 6), (4, 5), (8, 10), (4, 11), (3, 4), (6, 7), (5, 8), (6, 7), (7, 8), (9, 10), (10, 13), (3, 10), (4, 5), (6, 7), (5, 10), (7, 8), (8, 9), (9, 10), (7, 14), (0, 7), (2, 3), (2, 4), (4, 5), (0, 6), (4, 5), (1, 6), (5, 7), (1, 7), (3, 6), (7, 9), (10, 14), (4, 10), (5, 9), (6, 8), (9, 10), (11, 15), (2, 11), (1, 2), (3, 4), (2, 5), (8, 10), (7, 10), (8, 9), (7, 12), (2, 7), (3, 4), (4, 5), (3, 6), (4, 5), (3, 7), (4, 5), (6, 9), (7, 9), (4, 11), (5, 6), (7, 9), (8, 10), (10, 11), (0, 10), (1, 3), (2, 4), (3, 4), (6, 9), (13, 14), (7, 13), (0, 7), (1, 2), (0, 4), (3, 4), (2, 5), (3, 6), (4, 5), (6, 7), (5, 8), (7, 8), (7, 9), (8, 13), (0, 8), (4, 7), (4, 6), (2, 9), (5, 6), (0, 10), (2, 3), (5, 7), (6, 7), (8, 14), (3, 8), (1, 7), (3, 6), (6, 7), (4, 8), (5, 7), (6, 7), (3, 12), (0, 3), (1, 3), (2, 3), (3, 4), (0, 7), (6, 7), (7, 9), (5, 13), (2, 5), (3, 4), (1, 5), (2, 6), (7, 8), (7, 9), (8, 9), (4, 10), (5, 8), (4, 9), (6, 8), (6, 10), (4, 12), (1, 4), (6, 8), (8, 9), (2, 10), (6, 9), (7, 11), (8, 10), (4, 14), (0, 4), (3, 6), (4, 5), (5, 6), (4, 7), (5, 6), (5, 7), (9, 10), (3, 13), (1, 3), (4, 5), (5, 7), (2, 8), (5, 6), (5, 7), (6, 7), (9, 12), (9, 13), (4, 9), (8, 9), (10, 12), (7, 10), (8, 9), (8, 10), (9, 10), (11, 14), (4, 11), (5, 6), (6, 7), (5, 8), (4, 9), (6, 7), (8, 9), (8, 10), (6, 13), (5, 6), (7, 8), (7, 10), (2, 12), (0, 2), (1, 2), (3, 7), (4, 5), (3, 10), (4, 8), (6, 8), (5, 8), (6, 7), (7, 8), (5, 9), (6, 7), (8, 10), (8, 13), (6, 8), (3, 8), (4, 8), (4, 7), (5, 7), (6, 7), (6, 8), (5, 15), (0, 5), (1, 6), (2, 3), (5, 8), (2, 10), (3, 7), (4, 10), (1, 11), (2, 4), (3, 4), (3, 5), (2, 4), (3, 4), (5, 6), (6, 7), (1, 8), (8, 9), (9, 15), (2, 9), (4, 5), (4, 6), (3, 8), (6, 9), (3, 10), (8, 9), (8, 10), (7, 12), (5, 7), (2, 7), (3, 4), (5, 6), (6, 7), (4, 14), (0, 4), (2, 3), (2, 8), (5, 7), (5, 9), (7, 8), (9, 10), (5, 15), (0, 5), (4, 5), (5, 9), (7, 10), (7, 11), (9, 14), (2, 9), (1, 7), (6, 7), (5, 7), (6, 7), (5, 8), (6, 7), (8, 9), (5, 15), (0, 5), (3, 4), (3, 5), (0, 6), (2, 5), (2, 6), (5, 7), (6, 7), (9, 10), (8, 13), (9, 10), (11, 12), (12, 15), (5, 12), (4, 5), (4, 8), (3, 11), (4, 7), (5, 7), (2, 12), (0, 2), (1, 2), (7, 8), (11, 13), (9, 11), (5, 9), (8, 11), (10, 11), (9, 10), (5, 15), (0, 5), (1, 5), (4, 5), (4, 7), (2, 8), (6, 7), (6, 11), (7, 8), (7, 10), (7, 13), (4, 7), (0, 7), (1, 3), (3, 4), (3, 5), (5, 6), (6, 7), (6, 8), (10, 15), (5, 10), (4, 10), (2, 4), (3, 4), (0, 6), (2, 3), (3, 4), (1, 5), (3, 4), (8, 9), (7, 9), (2, 10), (5, 7), (3, 8), (4, 8), (5, 7), (6, 7), (7, 8), (4, 10), (7, 10), (10, 14), (1, 10), (2, 3), (2, 6), (4, 5), (7, 8), (1, 10), (2, 3), (3, 11), (2, 3), (7, 8), (9, 10), (6, 16), (0, 6), (3, 6), (4, 5), (4, 6), (4, 7), (5, 7), (6, 7), (4, 8), (5, 6), (4, 7), (3, 8), (6, 9), (3, 8), (5, 7), (4, 7), (5, 6), (6, 8), (7, 8), (1, 11), (0, 1), (2, 4), (3, 4), (5, 7), (6, 7), (5, 9), (8, 9), (3, 11), (6, 8), (7, 8), (7, 10), (9, 10), (8, 13), (6, 8), (7, 8), (13, 16), (10, 17), (2, 10), (4, 5), (6, 8), (10, 13), (2, 10), (3, 4), (5, 6), (6, 7), (9, 14), (1, 9), (4, 6), (5, 7), (3, 7), (4, 6), (4, 7), (2, 12), (0, 2), (1, 2), (3, 4), (1, 8), (2, 4), (3, 6), (5, 8), (7, 8), (4, 9), (5, 6), (5, 7), (6, 7), (8, 10), (9, 10), (11, 16), (3, 11), (6, 7), (3, 10), (4, 5), (6, 7), (6, 11), (11, 12), (7, 17), (0, 7), (3, 5), (4, 5), (1, 9), (2, 3), (3, 4), (2, 5), (3, 4), (5, 6), (6, 7), (8, 9), (8, 10), (9, 10), (11, 14), (5, 11), (6, 7), (7, 9), (9, 10), (1, 11), (3, 5), (4, 5), (3, 6), (5, 7), (6, 7), (6, 10), (9, 10), (13, 15), (3, 13), (2, 3), (3, 4), (4, 5), (0, 9), (2, 3), (3, 4), (4, 5), (6, 12), (4, 6), (5, 6), (7, 8), (9, 10), (4, 13), (1, 4), (2, 4), (6, 16), (0, 6), (3, 4), (7, 8), (2, 11), (0, 2), (1, 3), (4, 5), (10, 11), (12, 13), (9, 15), (4, 9), (6, 7), (12, 16), (10, 12), (7, 10), (8, 10), (9, 10), (10, 12), (7, 10), (9, 10), (11, 13), (6, 16), (0, 6), (3, 5), (4, 5), (10, 11), (8, 10), (9, 10), (6, 12), (7, 14), (6, 7), (4, 9), (5, 6), (4, 11), (8, 9), (14, 16), (10, 14), (6, 10), (7, 9), (3, 10), (4, 5), (4, 6), (5, 6), (5, 7), (6, 7), (4, 8), (5, 6), (6, 7), (9, 10), (1, 11), (3, 4), (12, 14), (10, 12), (9, 10), (3, 13), (1, 3), (6, 8), (7, 8), (9, 10), (4, 11), (8, 11), (10, 11), (15, 16), (12, 15), (5, 12), (3, 5), (4, 7), (6, 7), (9, 10), (3, 13), (2, 3), (4, 6), (7, 9), (8, 9), (4, 11), (5, 7), (6, 7), (7, 8), (8, 9), (5, 15), (0, 5), (4, 5), (10, 12), (5, 12), (9, 16), (2, 9), (4, 8), (5, 8), (6, 7), (3, 9), (4, 6), (5, 8), (3, 13), (0, 3), (3, 4), (3, 7), (5, 6), (6, 7), (6, 8), (7, 8), (4, 9), (5, 8), (6, 9), (8, 9), (8, 10), (10, 13), (12, 15), (4, 12), (3, 4), (5, 7), (7, 8), (8, 10), (5, 12), (9, 16), (1, 9), (3, 4), (4, 5), (5, 6), (7, 8), (9, 10), (7, 12), (2, 7), (4, 7), (5, 6), (6, 8), (7, 8), (10, 11), (13, 14), (10, 15), (3, 10), (4, 7), (5, 8), (6, 7), (1, 8), (1, 4), (2, 4), (3, 4), (4, 5), (0, 9), (3, 4), (6, 9), (11, 13), (15, 16)]
