results/deeplll10/ndim20seed3cnt1000dim20delta1.txt: 107.831 sec
b: [[-1, 0, 6, 4, 14, 2, 2, 6, 1, -1, -9, 1, -3, 5, -4, 2, -2, -5, 12, -7],
 [-3, 4, -5, -11, -9, 7, -13, -4, 12, 1, -1, 2, -4, -4, -1, 6, 0, -6, -9, 6],
 [8, -5, 5, -8, 4, -3, 7, 1, -4, 6, 0, -19, 1, 4, -5, 1, -7, -6, -1, 0],
 [-3, -7, 0, -6, -7, 10, 4, -3, -1, 1, -3, -10, -3, 10, -2, -8, -9, 8, -18, 5],
 [-1, -7, 2, -6, -5, -10, 10, -1, -1, 4, 12, 5, 0, -16, -2, 0, -8, 15, 1, -7],
 [-1, 4, 5, -5, 0, -1, 2, 7, -4, -9, -3, 1, 1, -6, 9, -2, -21, 4, 5, 3],
 [12, 3, 2, 2, -6, 0, 1, 5, -11, -5, -16, -8, 7, -1, 1, -4, -3, 9, -17, 0],
 [-1, 1, -1, 7, 6, 0, 5, 8, 7, 13, 22, 2, -9, -6, -3, 8, 3, 1, -3, -2],
 [-9, -7, 7, -2, 4, 5, 7, -9, -20, 7, -8, 4, 1, 5, 0, -2, 2, -3, -8, 8],
 [-1, 11, -6, -2, 5, -4, 1, 9, 0, -14, 7, 1, 2, -2, 13, 1, 0, 3, 4, -19],
 [3, -2, -1, 2, 12, 1, 5, -9, -2, 1, 4, 3, -2, 0, 6, -6, -2, -6, -5, 26],
 [-13, 3, 1, -13, 2, 4, 7, 9, -6, 7, -11, 2, 11, -9, -6, -5, -7, 3, -12, -5],
 [-5, 13, 13, -18, -5, -2, -2, -3, -8, -9, -2, 5, -3, -10, -3, 16, -2, 0, 9, -8],
 [1, 5, -5, -17, -17, 1, -12, 12, 3, -6, -12, -1, 1, 4, -9, -8, -4, 10, 5, 5],
 [6, 3, -15, 10, -6, 11, -6, -4, 6, 0, 9, 3, 9, -7, -5, -6, 2, -12, 0, 3],
 [-6, -2, 0, -3, 5, 6, -4, -5, -8, -2, -15, 22, -4, -3, -1, -3, -18, 2, 4, -6],
 [-7, 8, 2, 10, -4, 6, -7, -4, 9, 1, -9, 6, -1, 9, -6, 2, 11, 4, -10, 0],
 [3, -1, 3, -12, -9, 0, -7, 6, 5, 0, -4, 2, -3, -9, -12, 4, -5, 1, 14, 2],
 [-2, -7, 0, -10, 0, -1, -6, -1, 4, 7, 1, 8, -6, -8, -6, 5, -1, -7, 13, 6],
 [-17, 6, 3, -7, 2, 6, 2, 13, -3, 4, -2, 4, 0, -3, 6, 2, -10, 2, -9, -3]], shape=[20, 20], strides=[20, 1], layout=Cc (0x5), const ndim=2
v_norms: [653, 455945/653, 1407162/1861, 126224123222/172377345, 50728355476154/63112061611, 18261992554687196/25364177738077, 445945995653255830/652214019810257, 31582861545970125099539/49945951513164652960, 23250802307257798011578542/31582861545970125099539, 6613835610379926968984325764/11625401153628899005789271, 1484507590807567909685674105443/3306917805189963484492162882, 739561742641095721962424033938821/1484507590807567909685674105443, 250667123321452568508025468317539845/739561742641095721962424033938821, 97458257689293120330476952726436790299/250667123321452568508025468317539845, 80824884004568336116321127671240055465307/194916515378586240660953905452873580598, 8905239672301544009569809354734036651279869/80824884004568336116321127671240055465307, 1772868439320552356436730519843436289562665/8905239672301544009569809354734036651279869, 1964414791003156428344089209359/1772868439320552356436730519843436289562665, 63840271239847893/7857659164012625713376356837436, 1/63840271239847893], shape=[20], strides=[1], layout=CFcf (0xf), const ndim=1
Mu { arr: [-323/653, 102/653, -2361/13027, -316/653, 16778/455945, 2292860/4925067, -265/653, -43892/91189, -75017/4925067, -12282742390/63112061611, 76/653, -10240/91189, 168818/4925067, 14582610905/126224123222, 17227152760531/50728355476154, -195/653, -142651/455945, 429602/1641689, 27714619323/63112061611, -6616949106497/25364177738077, 426556329034915/1304428039620514, -45/653, -25636/455945, -378905/9850134, -21098189027/63112061611, 18918344088201/50728355476154, -17536298965273775/36523985109374392, -674051625614222091/1783783982613023320, -5/653, -24484/91189, 214519/1641689, 58518866865/126224123222, -10394018793803/50728355476154, -77132880586061/652214019810257, -12131392904167669/222972997826627915, -8996151893291916639272/31582861545970125099539, 127/653, -20136/91189, -1770247/4925067, -18473770550/63112061611, 2918079212917/25364177738077, 6964510415949509/18261992554687196, 57741791398279753/891891991306511660, 5446613114283932745726/31582861545970125099539, -5584634049510907647964657/11625401153628899005789271, -149/653, -36373/455945, 927247/9850134, 9620092553/126224123222, -9256404353657/25364177738077, 7447620239931561/36523985109374392, -50272408348549323/104928469565471960, 4749362392683951629539/31582861545970125099539, 11346199265260261010430133/23250802307257798011578542, -802897040739748937538588287/1653458902594981742246081441, -15/653, 5561/91189, 814580/4925067, 24904443595/63112061611, 10967241355420/25364177738077, 108551453830701/652214019810257, 5998634631203587/13116058695683995, -1805270797797564532568/31582861545970125099539, 11120823769036181571405369/23250802307257798011578542, 1158501920363630192166380473/3306917805189963484492162882, -205733827342896947567617946917/1484507590807567909685674105443, 110/653, 164824/455945, -97423/3283378, -29270720067/63112061611, 24973219269695/50728355476154, 14973441081529955/36523985109374392, 405760760648240391/1783783982613023320, -11222800443527286754239/31582861545970125099539, 4128442608842698201651809/11625401153628899005789271, 811011589839889277274743667/1653458902594981742246081441, -675673553655760084375929095326/1484507590807567909685674105443, -267893033826930557000606809497412/739561742641095721962424033938821, -151/653, 214386/455945, 287753/9850134, 19010058212/63112061611, 4355265836477/50728355476154, 15003814043632789/36523985109374392, 650319096525982097/1783783982613023320, -15128444448489201347993/31582861545970125099539, -11140710960467253388094773/23250802307257798011578542, -382838942178967402336513287/1653458902594981742246081441, -18156493803597518209096741763/38064297200194048966299336037, 274078907976500824232333120342832/739561742641095721962424033938821, 103122474990852591482839034594474191/250667123321452568508025468317539845, -245/653, 119377/455945, -2300537/9850134, -17502580721/63112061611, -17964455529539/50728355476154, -5365967569703733/36523985109374392, -15076746277854257/104928469565471960, 4143369278432028218121/31582861545970125099539, -6099150666944735853344635/23250802307257798011578542, -1715070546677724891639937843/6613835610379926968984325764, 100959032587692870799937618569/1484507590807567909685674105443, 591437522932560905656545070379681/1479123485282191443924848067877642, -83514821097861911150209395589465293/250667123321452568508025468317539845, -35428418551341933196324629760942917217/97458257689293120330476952726436790299, 300/653, 19380/91189, -4780469/9850134, 51636718505/126224123222, 22965271224541/50728355476154, 2004697673571687/4565498138671799, 65902264287999743/445945995653255830, -13220079942852294531748/31582861545970125099539, 5578527888500823611191775/11625401153628899005789271, -214143377792247448072000209/6613835610379926968984325764, 86690446130118682340470597870/1484507590807567909685674105443, -168784002460703813593145353163551/1479123485282191443924848067877642, -21299122891683250073958193583927627/50133424664290513701605093663507969, 10569546977116291938652886873217034075/97458257689293120330476952726436790299, 37583129337183877408471438957283659103528/80824884004568336116321127671240055465307, -14/653, 191378/455945, -4763929/9850134, 25054195181/63112061611, -17520685260569/50728355476154, -16802859128496199/36523985109374392, 489030817727422781/1783783982613023320, 2594837843600166357131/31582861545970125099539, -386194499294505502873485/11625401153628899005789271, -842854601677816877209701007/6613835610379926968984325764, -519118563137833561978437178/2928022861553388382023025849, 50630727138818233688417779022757/1479123485282191443924848067877642, 88643383408485302303177169747583506/250667123321452568508025468317539845, -29720627706362340423987881547357953106/97458257689293120330476952726436790299, -25812175803619486099143207988014927146527/80824884004568336116321127671240055465307, 4385128171181614297190987859695801236264504/8905239672301544009569809354734036651279869, 85/653, 212907/455945, 578495/4925067, -18635048951/63112061611, 12045050273457/25364177738077, 1636365071283073/9130996277343598, 28528229478580208/222972997826627915, -9190805782034793908056/31582861545970125099539, -1837507514144013291389409/11625401153628899005789271, -1452298775413371747077075809/3306917805189963484492162882, -547108194662157835529601584714/1484507590807567909685674105443, 26582105341166202018817779668575/739561742641095721962424033938821, 77014881786657480456966491629444786/250667123321452568508025468317539845, 46390814177753975041077840421396703034/97458257689293120330476952726436790299, 5645917106483302166184849809828233179496/26941628001522778705440375890413351821769, -3312686259520685321772055385297586487066986/8905239672301544009569809354734036651279869, -177710280074682132747207595767948045768488/1772868439320552356436730519843436289562665, 101/653, 219381/455945, 144761/9850134, -52688877851/126224123222, 9320926569452/25364177738077, -2709187731792523/36523985109374392, -560615017230048959/1783783982613023320, -7487089346007939122809/31582861545970125099539, 5686416579930537147631019/23250802307257798011578542, -2549388395915870165319474497/6613835610379926968984325764, -33003896820539284160709260963/1484507590807567909685674105443, -36173146239478238887686897599851/1479123485282191443924848067877642, -34856319879875786788160950046124309/250667123321452568508025468317539845, 5797102573958341276201964245577220542/13922608241327588618639564675205255757, 3077527248123115652365539531844283484832/26941628001522778705440375890413351821769, -4774777500352936030989599826744105819982599/17810479344603088019139618709468073302559738, -39828269322129823439775223398494587577701/118191229288036823762448701322895752637511, 250118254419138219062892550545/1964414791003156428344089209359, 32/653, 95226/455945, -906271/9850134, 23831756957/63112061611, 8486407412087/25364177738077, 3674802894039077/9130996277343598, 2195610797492361/445945995653255830, 12649641651717245696524/31582861545970125099539, 9032510592368573221387327/23250802307257798011578542, 1540105457565737614085372627/3306917805189963484492162882, -489121455334963541816293505449/1484507590807567909685674105443, 357103992693984719880597673077434/739561742641095721962424033938821, -3489337753556125089773252956053390/50133424664290513701605093663507969, 355632199072993603531611883617627960/13922608241327588618639564675205255757, -7427881839513516216107982107366515289029/26941628001522778705440375890413351821769, -448453492837367585613632478331448594620371/8905239672301544009569809354734036651279869, -692705880211567492862616218806879945131554/1772868439320552356436730519843436289562665, 85693739456940898650819710942/1964414791003156428344089209359, 17848367580816148/63840271239847893] }
(hist.len, cnt): (1250, 27005)
[(0, 1), (1, 2), (1, 3), (0, 3), (1, 2), (1, 3), (0, 3), (0, 4), (1, 2), (3, 4), (0, 5), (0, 4), (3, 4), (0, 5), (1, 3), (0, 5), (2, 3), (3, 5), (0, 6), (1, 5), (3, 4), (1, 5), (3, 4), (0, 6), (2, 3), (3, 5), (0, 6), (2, 3), (2, 5), (1, 6), (1, 3), (2, 4), (3, 4), (0, 7), (2, 4), (3, 4), (2, 5), (0, 6), (3, 4), (2, 5), (3, 5), (2, 6), (4, 5), (1, 7), (4, 6), (5, 6), (2, 8), (4, 6), (0, 8), (2, 4), (2, 5), (1, 6), (2, 5), (1, 8), (5, 7), (6, 7), (1, 8), (5, 6), (1, 7), (2, 3), (1, 4), (2, 4), (5, 6), (5, 7), (1, 8), (0, 3), (1, 3), (4, 5), (7, 8), (0, 9), (0, 2), (3, 4), (3, 5), (6, 7), (0, 8), (4, 5), (4, 6), (0, 8), (1, 2), (4, 5), (1, 6), (2, 4), (3, 4), (1, 5), (2, 6), (3, 4), (3, 6), (4, 6), (5, 7), (2, 8), (1, 3), (2, 3), (4, 6), (5, 6), (4, 7), (5, 6), (2, 8), (3, 4), (1, 7), (2, 3), (0, 9), (1, 2), (3, 4), (1, 6), (2, 3), (4, 5), (4, 6), (0, 9), (5, 6), (1, 7), (4, 5), (1, 8), (3, 4), (1, 6), (1, 9), (1, 5), (1, 8), (0, 9), (1, 2), (5, 6), (3, 7), (5, 6), (0, 9), (2, 4), (5, 6), (0, 7), (1, 2), (0, 8), (2, 3), (0, 4), (1, 5), (3, 7), (1, 6), (6, 7), (0, 9), (2, 5), (3, 4), (1, 6), (2, 6), (1, 7), (2, 3), (8, 9), (0, 10), (3, 4), (1, 5), (2, 3), (8, 9), (0, 10), (2, 4), (4, 6), (6, 7), (3, 9), (7, 8), (7, 9), (0, 10), (2, 3), (4, 5), (4, 6), (3, 7), (5, 8), (6, 7), (7, 8), (0, 10), (1, 3), (0, 5), (2, 6), (3, 5), (4, 5), (5, 6), (0, 9), (2, 5), (4, 5), (6, 7), (0, 8), (4, 6), (5, 6), (7, 8), (2, 9), (4, 5), (4, 6), (7, 9), (8, 9), (4, 10), (2, 7), (3, 4), (5, 7), (6, 7), (5, 8), (6, 7), (0, 9), (1, 2), (2, 3), (4, 8), (7, 8), (0, 9), (4, 6), (5, 6), (3, 7), (7, 8), (2, 9), (2, 5), (4, 5), (8, 9), (1, 11), (0, 1), (0, 3), (3, 6), (4, 5), (3, 6), (4, 8), (5, 8), (1, 11), (0, 1), (5, 7), (3, 8), (9, 10), (1, 11), (0, 1), (5, 8), (6, 7), (3, 11), (2, 3), (3, 4), (4, 5), (3, 7), (4, 6), (2, 8), (3, 4), (3, 5), (4, 7), (5, 6), (1, 10), (4, 8), (5, 6), (7, 9), (8, 9), (1, 11), (0, 1), (2, 4), (0, 5), (3, 4), (0, 6), (1, 2), (3, 6), (5, 6), (5, 8), (7, 8), (3, 9), (5, 6), (6, 7), (8, 9), (4, 10), (8, 9), (1, 11), (0, 1), (2, 3), (4, 6), (5, 6), (3, 8), (8, 10), (6, 11), (5, 7), (6, 7), (8, 10), (9, 11), (4, 9), (2, 8), (4, 9), (3, 10), (4, 5), (9, 10), (1, 11), (0, 1), (4, 6), (5, 6), (5, 7), (2, 8), (3, 6), (4, 5), (4, 6), (3, 7), (4, 5), (4, 7), (6, 7), (7, 8), (2, 9), (1, 5), (2, 3), (3, 4), (2, 5), (4, 5), (6, 7), (5, 8), (6, 7), (7, 8), (7, 9), (2, 12), (1, 2), (4, 5), (3, 5), (4, 5), (6, 7), (3, 8), (4, 5), (4, 6), (5, 6), (3, 8), (6, 8), (0, 9), (4, 5), (7, 9), (6, 8), (7, 8), (1, 11), (0, 1), (5, 7), (6, 8), (7, 8), (6, 9), (2, 10), (1, 4), (2, 3), (3, 4), (1, 5), (3, 5), (7, 8), (0, 9), (4, 6), (5, 6), (4, 7), (3, 11), (2, 3), (5, 6), (4, 7), (2, 12), (1, 2), (4, 5), (7, 8), (6, 9), (7, 9), (8, 9), (3, 10), (6, 8), (8, 9), (2, 12), (0, 2), (2, 3), (4, 5), (4, 6), (4, 7), (5, 6), (0, 9), (1, 4), (5, 6), (5, 7), (6, 7), (3, 10), (7, 8), (6, 8), (7, 8), (5, 10), (6, 7), (8, 9), (7, 10), (8, 9), (9, 10), (10, 11), (7, 12), (6, 7), (6, 8), (7, 8), (5, 9), (6, 7), (7, 9), (4, 11), (6, 7), (5, 9), (8, 11), (7, 8), (9, 10), (6, 12), (5, 6), (4, 8), (6, 7), (2, 11), (0, 2), (1, 5), (2, 3), (4, 5), (2, 6), (3, 6), (4, 5), (4, 6), (5, 6), (3, 7), (3, 8), (3, 12), (1, 3), (2, 3), (0, 6), (1, 2), (3, 5), (5, 6), (2, 6), (5, 6), (2, 8), (5, 6), (5, 7), (5, 7), (6, 7), (4, 9), (5, 7), (6, 7), (7, 8), (6, 9), (7, 8), (7, 10), (3, 11), (8, 9), (7, 10), (8, 9), (9, 10), (4, 11), (5, 6), (5, 10), (6, 7), (7, 8), (7, 10), (8, 9), (8, 10), (2, 12), (0, 2), (2, 4), (1, 6), (4, 5), (4, 6), (1, 7), (3, 4), (4, 6), (3, 7), (6, 7), (0, 10), (3, 4), (1, 4), (2, 4), (6, 10), (9, 10), (6, 11), (7, 9), (8, 9), (3, 10), (4, 5), (1, 11), (2, 12), (1, 2), (2, 5), (2, 7), (5, 7), (8, 10), (9, 10), (8, 12), (8, 13), (5, 8), (7, 8), (3, 9), (5, 7), (6, 7), (4, 11), (7, 10), (4, 14), (1, 4), (2, 3), (5, 6), (4, 8), (6, 7), (5, 8), (6, 8), (7, 8), (6, 9), (0, 10), (2, 4), (2, 11), (0, 2), (1, 2), (2, 4), (1, 5), (2, 4), (5, 8), (7, 8), (7, 12), (1, 7), (3, 4), (4, 5), (5, 6), (6, 7), (7, 9), (9, 10), (3, 12), (0, 3), (1, 2), (4, 9), (4, 9), (7, 9), (0, 10), (4, 6), (5, 6), (8, 9), (7, 10), (8, 9), (4, 13), (1, 4), (2, 5), (3, 4), (0, 7), (7, 10), (9, 10), (3, 13), (0, 3), (4, 5), (5, 6), (1, 9), (5, 7), (6, 7), (5, 8), (6, 8), (4, 9), (5, 6), (5, 11), (6, 7), (8, 9), (8, 10), (4, 11), (3, 4), (5, 6), (6, 7), (9, 10), (5, 13), (1, 5), (4, 5), (4, 6), (5, 6), (5, 7), (9, 10), (8, 11), (6, 13), (1, 6), (2, 3), (4, 6), (5, 6), (2, 7), (3, 4), (4, 6), (5, 8), (9, 10), (9, 11), (11, 12), (4, 14), (0, 4), (3, 4), (1, 7), (6, 8), (3, 10), (5, 6), (6, 8), (7, 8), (5, 9), (3, 10), (4, 5), (6, 9), (7, 8), (7, 9), (8, 9), (5, 12), (7, 8), (6, 9), (7, 9), (8, 9), (3, 13), (0, 3), (4, 6), (5, 6), (2, 7), (5, 6), (6, 7), (8, 9), (1, 10), (2, 3), (3, 4), (0, 8), (3, 5), (4, 5), (6, 8), (7, 8), (3, 9), (8, 9), (7, 10), (8, 9), (9, 10), (6, 12), (7, 8), (8, 10), (9, 10), (3, 13), (0, 3), (4, 5), (1, 7), (2, 4), (3, 9), (2, 4), (3, 4), (5, 6), (9, 10), (2, 11), (0, 2), (3, 4), (8, 9), (5, 13), (1, 5), (2, 3), (3, 4), (6, 7), (1, 9), (3, 4), (5, 11), (8, 9), (11, 12), (7, 11), (5, 14), (0, 5), (1, 7), (3, 4), (2, 6), (3, 4), (4, 6), (2, 8), (4, 11), (2, 5), (3, 5), (4, 5), (5, 6), (6, 7), (7, 8), (8, 9), (9, 10), (6, 12), (2, 6), (3, 5), (5, 6), (1, 10), (3, 4), (5, 6), (3, 7), (4, 5), (6, 7), (8, 12), (6, 8), (7, 8), (10, 11), (6, 14), (1, 6), (3, 4), (2, 5), (4, 5), (0, 6), (2, 4), (6, 7), (7, 8), (11, 12), (10, 11), (7, 14), (3, 7), (4, 5), (6, 7), (8, 9), (8, 11), (0, 8), (6, 7), (9, 10), (3, 10), (0, 3), (4, 5), (11, 13), (1, 11), (2, 3), (5, 8), (7, 8), (5, 9), (4, 6), (5, 6), (7, 10), (5, 10), (6, 8), (7, 8), (6, 11), (7, 9), (8, 9), (7, 11), (8, 9), (4, 14), (0, 4), (5, 6), (2, 7), (3, 4), (5, 6), (3, 7), (4, 7), (6, 7), (2, 8), (5, 9), (8, 9), (6, 10), (7, 9), (4, 11), (1, 4), (2, 3), (3, 4), (3, 5), (5, 6), (1, 9), (5, 7), (5, 10), (6, 7), (6, 8), (2, 12), (0, 2), (1, 6), (2, 3), (1, 9), (3, 4), (7, 9), (3, 12), (6, 8), (7, 8), (6, 9), (6, 8), (9, 10), (7, 14), (2, 7), (6, 7), (6, 8), (7, 9), (8, 9), (8, 10), (5, 15), (0, 5), (1, 2), (1, 8), (4, 5), (6, 7), (4, 9), (5, 6), (10, 12), (8, 14), (4, 8), (5, 7), (8, 10), (3, 13), (0, 3), (2, 3), (3, 4), (4, 5), (4, 6), (7, 8), (3, 11), (2, 4), (3, 4), (5, 6), (5, 7), (6, 8), (12, 13), (11, 12), (12, 15), (2, 12), (0, 2), (0, 3), (0, 4), (1, 3), (2, 3), (0, 8), (5, 9), (7, 8), (8, 9), (9, 10), (11, 13), (8, 11), (11, 15), (5, 11), (6, 7), (7, 8), (7, 10), (8, 9), (2, 11), (6, 8), (6, 9), (5, 12), (6, 8), (1, 10), (3, 4), (8, 10), (12, 14), (8, 15), (1, 8), (4, 7), (1, 6), (4, 5), (6, 8), (7, 8), (9, 11), (6, 15), (0, 6), (7, 8), (2, 9), (3, 4), (4, 5), (4, 7), (6, 9), (2, 10), (3, 8), (4, 5), (7, 9), (9, 10), (10, 11), (13, 14), (7, 15), (1, 7), (3, 4), (3, 6), (3, 7), (4, 5), (4, 6), (6, 7), (0, 8), (1, 6), (4, 6), (5, 6), (8, 9), (1, 10), (2, 3), (7, 8), (8, 9), (9, 10), (11, 13), (7, 11), (5, 7), (5, 7), (7, 9), (7, 14), (1, 7), (2, 3), (2, 4), (3, 6), (4, 5), (2, 6), (3, 4), (4, 5), (3, 6), (4, 6), (5, 6), (2, 8), (3, 4), (5, 7), (6, 7), (6, 8), (6, 10), (7, 8), (10, 11), (12, 14), (7, 12), (5, 7), (4, 6), (3, 4), (2, 3), (1, 2), (3, 6), (4, 5), (4, 6), (5, 6), (3, 7), (3, 5), (5, 9), (6, 7), (8, 9), (1, 10), (2, 3), (6, 8), (7, 8), (7, 9), (8, 9), (4, 14), (0, 4), (1, 4), (2, 7), (4, 5), (6, 8), (7, 8), (9, 15), (1, 9), (3, 6), (3, 7), (4, 5), (4, 7), (0, 8), (2, 4), (6, 7), (0, 9), (1, 2), (3, 7), (4, 5), (5, 6), (6, 7), (3, 8), (7, 8), (10, 11), (7, 10), (8, 9), (8, 10), (9, 10), (4, 14), (0, 4), (2, 3), (6, 7), (4, 8), (5, 6), (6, 7), (5, 8), (6, 7), (5, 9), (6, 8), (7, 8), (2, 12), (0, 2), (2, 4), (1, 7), (2, 7), (10, 12), (8, 10), (6, 9), (7, 9), (8, 9), (7, 13), (2, 7), (3, 4), (4, 5), (5, 6), (5, 7), (7, 8), (2, 9), (4, 5), (6, 7), (1, 10), (6, 7), (11, 12), (14, 15), (9, 14), (2, 9), (3, 4), (4, 5), (3, 6), (4, 6), (4, 7), (4, 8), (6, 7), (6, 8), (12, 15), (6, 12), (7, 8), (10, 11), (2, 12), (0, 2), (2, 4), (13, 14), (14, 18), (7, 14), (0, 7), (2, 3), (2, 4), (3, 4), (5, 7), (7, 10), (8, 10), (5, 12), (6, 7), (6, 8), (7, 9), (6, 10), (9, 10), (5, 15), (0, 5), (9, 10), (8, 11), (7, 10), (8, 9), (12, 16), (5, 12), (1, 9), (2, 3), (2, 4), (3, 4), (5, 6), (8, 9), (9, 11), (7, 9), (13, 15), (9, 13), (7, 9), (8, 9), (9, 10), (14, 17), (5, 14), (1, 5), (2, 3), (4, 5), (1, 6), (2, 3), (5, 6), (7, 8), (5, 13), (1, 5), (6, 7), (6, 8), (6, 8), (6, 10), (8, 10), (9, 10), (11, 16), (3, 11), (3, 5), (0, 8), (7, 8), (3, 10), (12, 13), (6, 12), (4, 6), (5, 6), (6, 7), (7, 8), (7, 9), (9, 10), (10, 11), (4, 14), (0, 4), (2, 3), (3, 4), (7, 8), (7, 9), (8, 9), (7, 11), (8, 9), (8, 10), (9, 10), (6, 13), (2, 6), (3, 4), (4, 5), (5, 6), (7, 11), (6, 16), (0, 6), (2, 3), (3, 4), (3, 5), (5, 6), (6, 7), (7, 8), (0, 9), (4, 6), (4, 7), (5, 7), (6, 7), (10, 13), (9, 10), (8, 11), (8, 16), (3, 8), (6, 7), (7, 8), (3, 8), (4, 5), (7, 8), (6, 9), (1, 10), (7, 8), (7, 9), (8, 10), (11, 13), (15, 16), (12, 15), (3, 12), (2, 3), (4, 6), (5, 7), (7, 9), (8, 9), (4, 10), (6, 8), (9, 12), (10, 11), (6, 16), (0, 6), (1, 3), (2, 4), (4, 5), (3, 6), (4, 6), (5, 7), (6, 7), (2, 8), (7, 9), (8, 9), (0, 10), (6, 8), (7, 8), (2, 11), (6, 7), (8, 9), (10, 12), (8, 10), (9, 10), (5, 13), (4, 5), (7, 8), (9, 10), (6, 16), (1, 6), (3, 5), (4, 5), (5, 6), (5, 8), (5, 8), (8, 13), (10, 11), (2, 12), (3, 4), (4, 5), (3, 6), (11, 16), (3, 11), (2, 3), (6, 7), (8, 9), (4, 11), (4, 6), (6, 7), (7, 8), (7, 9), (9, 10), (10, 11), (9, 10), (8, 14), (3, 8), (3, 6), (5, 6), (6, 7), (0, 8), (1, 3), (2, 3), (2, 4), (3, 4), (2, 9), (3, 5), (4, 5), (8, 9), (5, 13), (0, 5), (1, 4), (2, 3), (2, 4), (1, 5), (3, 4), (4, 5), (2, 6), (3, 4), (4, 7), (8, 9), (13, 16), (8, 13), (1, 8), (2, 3), (2, 4), (3, 4), (6, 8), (4, 9), (5, 6), (7, 8), (10, 14), (7, 10), (1, 9), (4, 7), (3, 9), (4, 5), (5, 7), (6, 8), (7, 8), (5, 9), (6, 8), (7, 8), (6, 9), (8, 9), (7, 10), (8, 9), (8, 13), (0, 8), (2, 3), (1, 4), (2, 3), (2, 4), (3, 4), (2, 5), (2, 7), (3, 6), (4, 5), (4, 6), (5, 7), (6, 16), (0, 6), (6, 7), (5, 8), (4, 9), (5, 8), (6, 7), (6, 8), (5, 9), (6, 8), (7, 8), (8, 9), (2, 12), (1, 2), (5, 7), (6, 7), (3, 8), (4, 6), (7, 9), (5, 10), (10, 11), (8, 10), (7, 13), (1, 7), (4, 7), (5, 8), (6, 7), (3, 9), (4, 5), (4, 6), (8, 9), (2, 12), (3, 7), (4, 5), (6, 7), (9, 10), (10, 13)]
