results/deeplll10/ndim15seed4cnt1000dim15delta1.txt: 30.549 sec
b: [[-1, 0, 0, 0, -2, 0, 1, 1, -2, 0, 0, -1, 0, 0, -1],
 [1, -1, -1, 0, -1, -1, 0, 0, 0, -2, 0, 0, 2, 1, 0],
 [1, 1, 1, 1, 0, -1, 0, 0, 2, -2, 0, 0, -1, 1, -1],
 [-1, 0, 1, 0, -1, 0, 0, 1, 0, 2, -1, 2, 1, 1, 0],
 [-1, 1, -1, 0, -1, 1, 0, -1, 2, 1, 1, 2, 0, 0, 0],
 [0, 1, 0, 0, 2, -1, -2, 2, 1, 0, 0, -1, -2, -1, 0],
 [-1, 1, 0, 0, 1, 0, 2, 3, 1, 0, 0, 0, -1, 0, 0],
 [1, 1, -1, 1, -1, 1, 2, 0, 0, -1, -1, -1, 2, 0, 1],
 [-1, 1, 0, -1, -1, 2, -1, 0, -1, 0, -2, 2, 0, 0, 0],
 [-2, 1, 1, -2, -1, 1, 1, -2, 0, -1, 0, -1, 0, -1, -1],
 [-1, -1, 0, -1, 2, 1, 0, 1, 0, -1, -1, -1, 1, 0, -2],
 [0, 2, -1, -1, 0, 1, 0, 1, -2, 0, 2, 0, 0, 0, 1],
 [1, -1, 0, 0, 0, 2, 1, 1, 0, -1, 2, -1, 2, -1, 0],
 [1, -2, -1, -2, 0, -2, 0, -1, 0, 1, 0, -1, 0, 0, 1],
 [1, -2, -2, 0, 1, 1, -1, 1, 1, 1, 1, 0, 0, -1, 0]], shape=[15, 15], strides=[15, 1], layout=Cc (0x5), const ndim=2
v_norms: [13, 181/13, 2531/181, 34849/2531, 430429/34849, 4633550/430429, 26985068/2316775, 63425684/6746267, 178306006/15856421, 28836187339/2852896096, 253996733801/28836187339, 2105260134070/253996733801, 16684057568899/2105260134070, 63418913973119/16684057568899, 1/126837827946238], shape=[15], strides=[1], layout=CFcf (0xf), const ndim=1
Mu { arr: [1/13, -4/13, 43/181, 2/13, -28/181, -520/2531, -4/13, -35/181, -107/2531, 12851/34849, -5/13, -86/181, 911/2531, -10681/34849, -175942/430429, 2/13, -67/181, 876/2531, 4782/34849, -30435/430429, 1033142/2316775, 3/13, 88/181, -124/2531, -3936/34849, 61911/430429, -889632/2316775, 3164543/6746267, 2/13, -41/181, -658/2531, 16344/34849, 86096/430429, -18583/463355, -6338235/26985068, 16091433/63425684, 5/13, -44/181, 243/2531, -10167/34849, 188953/430429, -2230991/4633550, -2874607/26985068, -1828891/15856421, 278333103/713224024, 1/13, 12/181, -165/2531, -5564/34849, -165243/430429, 26503/185342, 8765025/26985068, -8345317/31712842, 277534673/713224024, 12891376261/28836187339, 4/13, -30/181, -764/2531, -9718/34849, 105313/430429, 1299781/4633550, 2763031/13492534, 7855795/63425684, 148842273/713224024, -6317512739/28836187339, -106869200442/253996733801, 2/13, 63/181, -640/2531, -13375/34849, 47106/430429, -370729/2316775, 6138167/13492534, 3611723/31712842, -15993735/89153003, 738980920/28836187339, 99361085965/253996733801, 891313991351/2105260134070, -2/13, 54/181, -1195/2531, -8621/34849, -98804/430429, 32533/926710, -1025880/6746267, -26191783/63425684, -299311947/713224024, 5850891185/28836187339, -108572409805/253996733801, -170568449151/421052026814, -5264966842315/16684057568899, -5/13, 5/181, -1200/2531, -8943/34849, 54316/430429, 447657/926710, 3434295/26985068, -11331979/63425684, -80518201/356612012, -13132368066/28836187339, 125145340379/253996733801, -501023446133/2105260134070, 7539308217673/16684057568899, 31253775402709/63418913973119] }
(hist.len, cnt): (1163, 22497)
[(0, 1), (0, 1), (0, 1), (0, 2), (0, 2), (0, 2), (0, 2), (1, 2), (0, 3), (0, 3), (1, 2), (0, 3), (0, 2), (1, 3), (0, 3), (1, 4), (0, 4), (1, 2), (0, 3), (0, 4), (0, 2), (1, 2), (0, 4), (2, 3), (0, 4), (0, 5), (1, 5), (0, 4), (3, 4), (1, 5), (1, 4), (2, 3), (2, 4), (0, 5), (3, 4), (0, 5), (3, 4), (0, 5), (1, 4), (3, 4), (0, 5), (3, 4), (2, 5), (0, 6), (1, 2), (3, 4), (0, 6), (1, 3), (1, 3), (0, 4), (1, 2), (0, 4), (1, 2), (0, 6), (1, 3), (2, 3), (0, 6), (0, 3), (3, 4), (0, 6), (3, 4), (1, 7), (3, 4), (1, 5), (0, 7), (2, 3), (4, 6), (4, 6), (0, 7), (0, 2), (3, 7), (1, 7), (5, 6), (0, 7), (0, 2), (2, 3), (0, 6), (1, 2), (1, 3), (0, 7), (3, 5), (4, 5), (0, 7), (2, 4), (2, 5), (2, 4), (5, 6), (0, 7), (2, 3), (1, 6), (1, 7), (4, 5), (2, 7), (5, 6), (5, 7), (6, 7), (0, 8), (6, 7), (0, 8), (2, 3), (0, 5), (2, 3), (1, 5), (0, 7), (2, 3), (3, 5), (1, 7), (2, 4), (4, 5), (4, 7), (6, 7), (1, 8), (3, 5), (0, 6), (4, 5), (0, 8), (1, 3), (1, 5), (2, 3), (5, 6), (0, 7), (1, 3), (2, 3), (1, 4), (0, 7), (2, 3), (2, 4), (2, 8), (1, 3), (1, 5), (5, 6), (6, 7), (1, 8), (1, 5), (4, 5), (3, 7), (1, 8), (2, 3), (5, 6), (1, 9), (4, 5), (1, 6), (2, 6), (5, 6), (3, 7), (0, 9), (2, 3), (2, 5), (3, 5), (2, 7), (2, 4), (5, 8), (0, 9), (3, 4), (6, 8), (7, 8), (0, 9), (0, 2), (5, 6), (0, 7), (1, 2), (2, 3), (3, 4), (5, 7), (1, 8), (2, 4), (2, 6), (3, 4), (4, 7), (5, 6), (5, 7), (0, 8), (1, 2), (1, 3), (2, 3), (1, 4), (3, 6), (4, 5), (7, 8), (3, 9), (0, 3), (1, 4), (2, 3), (5, 6), (6, 7), (7, 8), (0, 9), (1, 2), (3, 6), (4, 6), (5, 6), (3, 7), (4, 5), (4, 8), (5, 6), (1, 8), (4, 6), (0, 9), (3, 4), (3, 5), (4, 5), (5, 6), (0, 7), (0, 8), (2, 3), (4, 5), (0, 7), (5, 8), (0, 9), (1, 3), (2, 3), (3, 4), (2, 5), (0, 7), (1, 2), (3, 4), (6, 7), (3, 8), (6, 8), (7, 8), (1, 9), (1, 3), (4, 6), (5, 6), (0, 7), (5, 8), (6, 7), (1, 9), (5, 6), (3, 7), (3, 5), (6, 7), (0, 9), (2, 4), (5, 7), (6, 7), (0, 9), (1, 2), (1, 4), (1, 7), (5, 6), (7, 9), (8, 9), (2, 10), (5, 6), (6, 7), (6, 8), (3, 9), (5, 6), (7, 9), (8, 9), (5, 10), (3, 5), (1, 3), (4, 5), (3, 6), (4, 5), (4, 6), (5, 6), (3, 9), (4, 7), (6, 7), (0, 10), (2, 4), (4, 6), (5, 6), (6, 7), (2, 8), (4, 9), (0, 10), (2, 3), (2, 4), (3, 5), (2, 6), (4, 5), (5, 6), (6, 7), (8, 9), (0, 10), (2, 3), (1, 4), (2, 3), (5, 7), (6, 8), (0, 9), (2, 3), (2, 4), (5, 6), (0, 7), (1, 9), (3, 4), (1, 6), (4, 9), (5, 7), (5, 8), (0, 10), (1, 2), (2, 3), (3, 4), (4, 5), (0, 6), (6, 7), (2, 8), (2, 6), (0, 9), (1, 3), (2, 3), (5, 6), (2, 6), (3, 6), (1, 8), (6, 9), (0, 10), (1, 2), (5, 6), (4, 8), (5, 6), (6, 7), (7, 9), (0, 10), (2, 3), (4, 7), (5, 6), (5, 7), (3, 8), (6, 8), (7, 8), (0, 9), (1, 2), (6, 7), (0, 10), (2, 3), (4, 6), (5, 6), (5, 9), (8, 9), (0, 10), (3, 5), (4, 5), (4, 6), (7, 10), (7, 10), (1, 11), (2, 4), (2, 5), (2, 9), (4, 8), (6, 7), (1, 10), (4, 6), (5, 6), (6, 7), (2, 8), (3, 4), (5, 6), (5, 9), (6, 7), (1, 11), (2, 3), (2, 4), (4, 5), (2, 6), (5, 6), (0, 7), (2, 4), (2, 7), (5, 6), (6, 10), (7, 8), (0, 9), (3, 8), (4, 8), (5, 6), (7, 9), (0, 10), (2, 5), (4, 7), (5, 6), (6, 7), (3, 10), (2, 5), (3, 6), (4, 5), (6, 8), (7, 8), (2, 10), (3, 4), (5, 6), (8, 9), (1, 11), (4, 5), (4, 6), (5, 7), (7, 8), (1, 11), (2, 3), (3, 5), (2, 7), (3, 4), (7, 8), (2, 9), (3, 4), (2, 11), (6, 7), (0, 8), (5, 6), (7, 10), (7, 9), (1, 11), (0, 1), (1, 2), (1, 3), (3, 4), (4, 5), (1, 8), (7, 8), (4, 9), (5, 7), (6, 9), (7, 8), (6, 9), (3, 11), (2, 3), (3, 6), (4, 5), (5, 6), (2, 8), (4, 5), (4, 6), (5, 6), (1, 10), (2, 3), (3, 4), (3, 5), (5, 7), (5, 7), (2, 9), (3, 4), (4, 5), (3, 6), (4, 6), (4, 10), (5, 6), (8, 9), (1, 11), (0, 1), (2, 3), (4, 5), (1, 6), (1, 7), (3, 5), (5, 7), (1, 8), (4, 5), (2, 6), (3, 5), (5, 10), (7, 9), (8, 9), (1, 11), (2, 3), (3, 7), (0, 10), (1, 2), (4, 5), (3, 6), (7, 8), (0, 9), (5, 6), (2, 7), (6, 7), (3, 9), (5, 6), (2, 8), (4, 5), (7, 10), (7, 11), (8, 9), (0, 10), (5, 10), (6, 8), (7, 8), (6, 9), (2, 12), (0, 2), (1, 2), (4, 6), (5, 7), (7, 8), (9, 10), (3, 12), (2, 3), (0, 6), (4, 5), (3, 6), (4, 5), (4, 9), (3, 5), (4, 5), (1, 6), (5, 6), (10, 11), (9, 10), (2, 12), (0, 2), (1, 2), (2, 3), (2, 4), (1, 6), (5, 6), (3, 7), (4, 5), (4, 7), (2, 12), (1, 2), (5, 6), (3, 7), (4, 5), (4, 6), (7, 8), (7, 9), (2, 10), (1, 11), (0, 1), (2, 5), (6, 7), (2, 8), (7, 8), (4, 9), (2, 8), (3, 4), (7, 8), (7, 10), (8, 9), (4, 12), (7, 9), (1, 11), (0, 1), (1, 3), (4, 5), (8, 10), (9, 10), (4, 12), (3, 4), (5, 7), (3, 8), (9, 10), (10, 11), (2, 12), (0, 2), (1, 3), (0, 4), (1, 2), (3, 5), (4, 5), (3, 8), (6, 7), (6, 9), (8, 9), (1, 11), (2, 3), (4, 8), (5, 8), (6, 7), (6, 8), (2, 12), (0, 2), (2, 4), (1, 8), (6, 8), (7, 8), (3, 10), (5, 6), (8, 9), (2, 11), (4, 6), (1, 7), (2, 9), (3, 5), (4, 5), (8, 9), (2, 12), (0, 2), (1, 2), (0, 4), (5, 6), (5, 7), (7, 8), (3, 9), (0, 6), (1, 3), (2, 3), (3, 4), (3, 5), (1, 8), (6, 7), (0, 10), (2, 4), (3, 4), (1, 6), (5, 6), (6, 7), (8, 9), (2, 12), (0, 2), (2, 3), (2, 5), (3, 5), (2, 8), (3, 5), (4, 6), (8, 9), (4, 12), (1, 4), (2, 3), (3, 4), (0, 5), (3, 6), (3, 7), (4, 5), (9, 10), (5, 12), (3, 5), (1, 6), (4, 7), (4, 9), (5, 6), (6, 8), (7, 8), (9, 11), (8, 9), (3, 10), (4, 6), (5, 6), (7, 10), (8, 10), (9, 10), (2, 12), (0, 2), (1, 2), (3, 4), (3, 5), (5, 6), (6, 7), (7, 9), (8, 9), (2, 10), (3, 4), (7, 8), (4, 9), (6, 8), (7, 8), (6, 9), (4, 10), (5, 6), (7, 8), (10, 11), (2, 12), (1, 2), (2, 3), (3, 4), (4, 6), (5, 6), (2, 7), (5, 7), (1, 8), (3, 6), (6, 8), (7, 8), (2, 9), (3, 4), (7, 12), (5, 7), (5, 7), (8, 9), (3, 13), (0, 3), (5, 7), (3, 7), (4, 5), (3, 8), (2, 7), (4, 5), (2, 10), (3, 5), (5, 6), (6, 8), (7, 8), (8, 9), (7, 10), (2, 11), (3, 6), (6, 8), (7, 8), (4, 9), (5, 7), (9, 10), (3, 13), (1, 3), (2, 3), (4, 5), (6, 7), (4, 8), (6, 7), (2, 9), (5, 6), (5, 10), (3, 13), (2, 3), (6, 7), (5, 8), (6, 7), (5, 9), (0, 10), (1, 2), (3, 4), (6, 7), (3, 8), (7, 8), (8, 10), (9, 10), (10, 11), (3, 13), (0, 3), (1, 2), (0, 5), (1, 3), (2, 6), (5, 7), (6, 7), (5, 8), (9, 10), (10, 11), (2, 12), (0, 2), (2, 4), (2, 7), (5, 8), (1, 7), (2, 3), (2, 4), (5, 6), (1, 9), (3, 5), (4, 5), (2, 12), (1, 2), (2, 3), (4, 5), (5, 7), (2, 8), (5, 8), (6, 7), (6, 8), (8, 9), (5, 10), (6, 8), (6, 9), (7, 9), (5, 11), (7, 9), (8, 9), (8, 13), (4, 8), (6, 7), (5, 8), (6, 7), (7, 8), (3, 9), (9, 10), (8, 11), (6, 8), (3, 12), (9, 11), (10, 11), (3, 13), (0, 3), (3, 5), (1, 6), (3, 4), (2, 6), (3, 4), (4, 5), (3, 6), (7, 8), (1, 10), (2, 7), (3, 4), (3, 6), (4, 5), (3, 7), (7, 11), (11, 12), (10, 11), (8, 13), (4, 8), (1, 6), (3, 4), (2, 5), (3, 4), (4, 5), (6, 7), (0, 8), (1, 2), (4, 8), (5, 7), (5, 10), (2, 8), (3, 5), (4, 5), (5, 6), (3, 7), (4, 6), (5, 6), (7, 8), (8, 9), (7, 12), (2, 8), (0, 2), (4, 5), (3, 7), (4, 8), (6, 8), (7, 8), (6, 9), (1, 10), (2, 3), (5, 7), (5, 9), (6, 7), (8, 9), (10, 11), (6, 10), (9, 10), (4, 14), (0, 4), (1, 6), (3, 4), (4, 5), (3, 6), (4, 5), (1, 8), (2, 3), (4, 6), (5, 6), (5, 7), (4, 9), (5, 6), (5, 9), (6, 8), (7, 8), (1, 10), (2, 4), (3, 5), (3, 7), (5, 7), (2, 7), (3, 6), (5, 6), (5, 7), (1, 10), (2, 4), (3, 4), (2, 6), (4, 6), (7, 8), (9, 10), (1, 11), (2, 5), (3, 4), (3, 5), (8, 11), (7, 8), (3, 13), (0, 3), (1, 4), (4, 7), (5, 6), (1, 8), (2, 3), (2, 4), (0, 7), (2, 3), (8, 9), (9, 10), (1, 11), (0, 1), (3, 4), (2, 6), (4, 5), (5, 6), (2, 7), (4, 5), (2, 6), (5, 8), (6, 7), (8, 9), (8, 11), (5, 8), (7, 8), (4, 13), (2, 5), (3, 5), (4, 5), (6, 7), (2, 9), (6, 7), (7, 9), (8, 9), (1, 10), (3, 4), (4, 5), (5, 6), (2, 10), (5, 6), (7, 8), (3, 11), (4, 6), (2, 7), (3, 4), (3, 5), (6, 10), (7, 8), (9, 10), (7, 11), (3, 12), (3, 6), (5, 6), (9, 10), (11, 12), (4, 13), (0, 4), (2, 3), (3, 4), (0, 5), (2, 3), (1, 4), (5, 6), (7, 8), (8, 9), (4, 13), (0, 4), (1, 5), (2, 6), (3, 7), (2, 9), (3, 4), (3, 5), (6, 7), (4, 8), (5, 6), (5, 7), (6, 8), (8, 9), (5, 12), (1, 5), (2, 3), (3, 4), (3, 5), (0, 6), (1, 4), (3, 4), (6, 7), (8, 9), (7, 10), (8, 9), (7, 10), (8, 9), (2, 12), (0, 2), (1, 2), (6, 7), (3, 13), (1, 3), (4, 6), (5, 6), (4, 8), (6, 7), (2, 9), (6, 7), (8, 11), (4, 8), (7, 8), (7, 9), (10, 11), (9, 12), (8, 9), (2, 10), (3, 4), (4, 5), (4, 7), (5, 6), (5, 7), (6, 7), (7, 8), (7, 9), (6, 10), (10, 12), (3, 13), (1, 3), (3, 4), (3, 6), (4, 6), (2, 8), (4, 6), (5, 6), (4, 7), (5, 9), (8, 9), (2, 12), (1, 2), (3, 4), (5, 7), (4, 8), (4, 7), (5, 7), (6, 7), (6, 8), (7, 8), (8, 9), (4, 14), (2, 4), (5, 7), (6, 7), (4, 8), (6, 7), (6, 11), (5, 6), (2, 12), (0, 2), (1, 3), (4, 5), (3, 13), (0, 3), (2, 6), (3, 4), (4, 5), (4, 6), (1, 8), (3, 7), (6, 7), (9, 10), (2, 11), (2, 4), (5, 6), (3, 7), (6, 8), (1, 10), (4, 5), (4, 6), (7, 8), (8, 14), (7, 8), (1, 11), (0, 1), (3, 6), (4, 5), (4, 6), (3, 7), (3, 5), (6, 8), (7, 9), (8, 9), (8, 10), (9, 11), (12, 13), (4, 14), (0, 4), (2, 3), (0, 4), (5, 6), (8, 9), (10, 11), (7, 10), (8, 9), (8, 10), (9, 10), (7, 14), (2, 7), (3, 4), (5, 6), (2, 7), (4, 5), (4, 6), (5, 6), (7, 8), (1, 9), (6, 7), (3, 8), (4, 5), (3, 8), (7, 8), (5, 8), (2, 5), (3, 4), (7, 8), (4, 8), (6, 8), (7, 8), (8, 11), (5, 10), (8, 9), (11, 13), (6, 11), (3, 6), (4, 5), (4, 6), (0, 7), (4, 6), (3, 6), (4, 5), (3, 6), (2, 9), (3, 4), (3, 5), (5, 6), (6, 7), (8, 9), (5, 10), (4, 5), (0, 4), (4, 5), (4, 9), (8, 9), (2, 10), (4, 14), (1, 4), (3, 4), (8, 9), (8, 11), (7, 8), (6, 8), (7, 8), (9, 10), (9, 12), (5, 9), (6, 7), (6, 8), (7, 8), (5, 9), (8, 9), (8, 11), (5, 8), (6, 7), (7, 8), (3, 13), (0, 3), (3, 5), (1, 6), (3, 5), (4, 6), (5, 6), (4, 7), (5, 8), (1, 10), (2, 3), (4, 8), (5, 8), (2, 9), (3, 4), (6, 10), (7, 8), (7, 9)]
