results/deeplll10/svpchallengedim40seed1dim10delta1.txt: 15.515 sec
b: [[-51556592596, -228804609029, 530707016740, -520274438973, -130508602981, 6077944667, 80527326176, -520726021968, 41887855668, 12195435535],
 [-40963941290, 312524643150, -229588619855, -54737794270, -565059978943, -74192607436, -488850806324, -74289619263, 49704758176, 519364381215],
 [141449278795, 436867293517, -129117690732, -447535152094, 198404700320, 215505185875, 24139343129, 266739411429, -380774985303, 563823374997],
 [343159200099, 37358904952, 214179548012, 200273662937, 222069024040, -328451366719, -88316748488, 451635136760, 833526976194, -370394120305],
 [-571459690824, 329641951180, -768650868726, 158792945396, -181337249128, -144625297621, 162908827762, -481655481485, 211683967338, -252259441123],
 [334494604977, -142296143905, 128974628270, -307330574935, -277089157694, 931436013724, -272014381526, -69216984848, 195253830265, 412743607489],
 [-251043319410, -753253654264, -211663838834, -334040965348, -234734987481, -518212916621, 23991426501, -57091685384, -283756053895, -539555303110],
 [687197378254, 280320064344, -315842464673, -58607421614, -329955555238, -281563050478, 310864430603, 291033953804, 31071429801, -862925839033],
 [283100071571, -534253224319, -402242416285, 602931589258, -478416374287, -42646447208, 821019391935, 54909121075, 276794916408, 232468189265],
 [-698402808832, 302235860621, -12329550728, 96953529716, -1060766457741, 62566986402, 628924792404, 686176089894, -360848941507, 83425879882]], shape=[10, 10], strides=[10, 1], layout=Cc (0x5), const ndim=2
v_norms: [903958058998216861530085, 894166679498355259419949388863332392539967095584/903958058998216861530085, 5896937586788549091331324192349429449595185478272911282714837840641039/6209490829849689301527426311550919392638660386, 48749083130215932005672190066532961679627802024123244219143375539734845871302488471216458026793/47175500694308392730650593538795435596761483826183290261718702725128312, 94803684161571723870369725596904265901984637192725586311470271875945238351489035396972242497556649066932915800108139779/97498166260431864011344380133065923359255604048246488438286751079469691742604976942432916053586, 805303780170329944727186321475443126853848380538990394248001198394224533996533569128367736553135028049283124876743070766331823768205504067006708/853233157454145514833327530372138393117861734734530276803232446883507145163401318572750182478009841602396242200973258011, 159753451744705527525290497268123320850093338289226110716669154483404018494079630721637605582841004058855481867301039137462072868173912762938940082180863713153594761326/201325945042582486181796580368860781713462095134747598562000299598556133499133392282091934138283757012320781219185767691582955942051376016751677, 183625146081561186904572550016529949254310661836130200203072846437960814790778307451031885891078408686650216687560857079285729753568233827372260219850514787057093290162235192254613647055457279/159753451744705527525290497268123320850093338289226110716669154483404018494079630721637605582841004058855481867301039137462072868173912762938940082180863713153594761326, 1048099212982810022812609267015603264747211237989499079634247741440366012572423371181969891384152652541261586613145663806711666165607166973724050343117836241310683926842280892496694332470188554874466023080152317024605/734500584326244747618290200066119797017242647344520800812291385751843259163113229804127543564313634746600866750243428317142919014272935309489040879402059148228373160648940769018454588221829116, 1984083717671826650609068492491545474568058220941746014967236068107902685534469572773757007874341231374906887799917497788436679281525975919995230620271736429153086793429180102932127637234353921652915495645689402607670627759947945034459581929/1048099212982810022812609267015603264747211237989499079634247741440366012572423371181969891384152652541261586613145663806711666165607166973724050343117836241310683926842280892496694332470188554874466023080152317024605], shape=[10], strides=[1], layout=CFcf (0xf), const ndim=1
Mu { arr: [-81731893835420220466076/903958058998216861530085, -113544200940449680292903/903958058998216861530085, 7251748540871041766565590332795159693172791917/24837963319398757206109705246203677570554641544, -259641454396174983838397/903958058998216861530085, -32986829013489532307579275573274861642580875083/99351853277595028824438820984814710282218566176, -10525298082378099740468365492786056686095559829797168807758466502511301/23587750347154196365325296769397717798380741913091645130859351362564156, -243998627972003268716732/903958058998216861530085, 5549255033256729833915701360119069292079031563/24837963319398757206109705246203677570554641544, -2597656380663312426772648312305061638819310762964027963811126593958561/5896937586788549091331324192349429449595185478272911282714837840641039, -21455324109051909085938142992344896357000851557056259521456046616510803023812098183247290135026/48749083130215932005672190066532961679627802024123244219143375539734845871302488471216458026793, 312831176245320197075153/903958058998216861530085, 367888591166821528041861229737822479970996798913/894166679498355259419949388863332392539967095584, 7590518815482565944502798639571733781641361004567010375356834099192463/23587750347154196365325296769397717798380741913091645130859351362564156, 3399231091825159090803218314057668587382584340432419289186062986237648185080897757265225975763/48749083130215932005672190066532961679627802024123244219143375539734845871302488471216458026793, -37475534720566421755231018174364577286174249926376751277498703201393529604134856844302631679967408686020045236988081471/94803684161571723870369725596904265901984637192725586311470271875945238351489035396972242497556649066932915800108139779, 287432650338983479800292/903958058998216861530085, -237729911702602519750759795677103857499576341613/894166679498355259419949388863332392539967095584, -1575213375801400315808275557039813394708857944234781578287982409179733/3369678621022028052189328109913959685482963130441663590122764480366308, -17731731759140157666796563470021349715793836018808812510572139215020811756460191511282068035371/48749083130215932005672190066532961679627802024123244219143375539734845871302488471216458026793, 499879666153928802530170580580611100806604238126100296934843205561571231198935402536257687765430574461147120986824117/94803684161571723870369725596904265901984637192725586311470271875945238351489035396972242497556649066932915800108139779, -89571945634797535791017272188728887909145654044746330186558916895320617148456326383991686380318417442449762738382324335195455125480274673369838/201325945042582486181796580368860781713462095134747598562000299598556133499133392282091934138283757012320781219185767691582955942051376016751677, -331083345353379391647037/903958058998216861530085, -46348596581891608124579846666410787831924438987/149027779916392543236658231477222065423327849264, -2539306725448760277699944288121627380890594413172991855359226312675015/11793875173577098182662648384698858899190370956545822565429675681282078, 16376722259485128388437566936661412043819267185851646065049690744717469946230566392316803038366/48749083130215932005672190066532961679627802024123244219143375539734845871302488471216458026793, 20525483317886067188245503464790822189660348259709997676264774465544908906080542128875047803995864941106825131824104530/94803684161571723870369725596904265901984637192725586311470271875945238351489035396972242497556649066932915800108139779, -39429523064174122843206651621663157034316503162876555687897538245828129205160085576553660176089753356388434230711225065148025535293590127191229/402651890085164972363593160737721563426924190269495197124000599197112266998266784564183868276567514024641562438371535383165911884102752033503354, 77648280348063890118432930826371919356402514518543969620941705110303762604560316318956548199523683680095392842990802761191498672306648318699247659117577075893430076295/159753451744705527525290497268123320850093338289226110716669154483404018494079630721637605582841004058855481867301039137462072868173912762938940082180863713153594761326, -305389307620961784017909/903958058998216861530085, -65208126143443353618345236709374628969263124107/447083339749177629709974694431666196269983547792, -5606648244119160943774314588948327904138940089660327243992056605743733/11793875173577098182662648384698858899190370956545822565429675681282078, -10407479070699679773031890407335515781644423026743841755826126130836737022567073539630131946098/48749083130215932005672190066532961679627802024123244219143375539734845871302488471216458026793, -699815616051327521332686594754645089819577764139125379523611501712101798705626210457617688469289595388033320935200618/8618516741961065806397247781536751445634967017520507846497297443267748941044457763361112954323331733357537800009830889, 207968048628436613687686862654874076020723453222341993523688171720396253542523136110837745526216663019859349260951067310332289019658203677987677/805303780170329944727186321475443126853848380538990394248001198394224533996533569128367736553135028049283124876743070766331823768205504067006708, 2577442208513475771016519890596157231968468225995717748697735832891909812285252543385539338448044193700694959820695058205287314068953097840629013299259488764748475735/53251150581568509175096832422707773616697779429742036905556384827801339498026543573879201860947001352951827289100346379154024289391304254312980027393621237717864920442, 36430735734370960417483068412059716035095225177346039772710368915264972926279576066360308742261332911034521900570344241928140471566879243337392023917880427529337697378392869504000086494547802/183625146081561186904572550016529949254310661836130200203072846437960814790778307451031885891078408686650216687560857079285729753568233827372260219850514787057093290162235192254613647055457279, -272073971236622523832564/903958058998216861530085, 323355284819258396435424796823603555229986521921/894166679498355259419949388863332392539967095584, 956556050441341309038366692846114850894663458889710447323591217940471/23587750347154196365325296769397717798380741913091645130859351362564156, -22985111827182382373685356369860744376034514858212109294890015348172160242659273095566759905771/48749083130215932005672190066532961679627802024123244219143375539734845871302488471216458026793, 2984947947802857800068608179446531713944478074272047323932422856127733653582152458308775896113822777100992727829119680/94803684161571723870369725596904265901984637192725586311470271875945238351489035396972242497556649066932915800108139779, -196014620852018233779185512152901491478040426074572525106703490561524114748572031469965770221443932490535352598261553591360062604165265739953437/805303780170329944727186321475443126853848380538990394248001198394224533996533569128367736553135028049283124876743070766331823768205504067006708, 2945685052308421361100451000085833131531788870667384059599990564743504597760146632380959542008737781210711378371179628912203005257671890317617456356089980743348711851/26625575290784254587548416211353886808348889714871018452778192413900669749013271786939600930473500676475913644550173189577012144695652127156490013696810618858932460221, 57378324195423527413675572606921604922610393631656672129638240501068083893813344249631191808501465959361392569224961479668599916803885857164752511006952937486809294149651620790875207173713107/183625146081561186904572550016529949254310661836130200203072846437960814790778307451031885891078408686650216687560857079285729753568233827372260219850514787057093290162235192254613647055457279, 399164153725355283733785917217284886539968342925761670980782853847337461365583558855600273613896719274499020341847278497967914695383487668564584189453048161931882427534550750878462729954415958166595173318127673665629/1048099212982810022812609267015603264747211237989499079634247741440366012572423371181969891384152652541261586613145663806711666165607166973724050343117836241310683926842280892496694332470188554874466023080152317024605] }
(hist.len, cnt): (801, 7265)
[(0, 1), (0, 1), (0, 1), (0, 1), (0, 1), (0, 1), (0, 1), (0, 1), (0, 1), (0, 1), (0, 1), (0, 1), (0, 1), (0, 1), (0, 1), (0, 1), (0, 1), (0, 1), (0, 1), (0, 1), (0, 1), (0, 1), (0, 1), (0, 1), (0, 1), (0, 1), (0, 1), (0, 1), (0, 1), (0, 1), (0, 1), (0, 1), (0, 1), (0, 1), (0, 1), (0, 1), (0, 1), (0, 1), (0, 1), (0, 1), (0, 1), (0, 1), (0, 1), (0, 1), (0, 1), (0, 1), (0, 1), (0, 1), (0, 1), (0, 1), (0, 1), (0, 1), (0, 1), (0, 1), (0, 1), (0, 1), (0, 1), (0, 1), (0, 1), (0, 1), (0, 1), (0, 1), (0, 1), (0, 1), (0, 1), (0, 1), (0, 1), (0, 1), (0, 1), (0, 1), (0, 1), (0, 1), (0, 1), (0, 1), (0, 1), (0, 1), (0, 1), (0, 1), (0, 1), (0, 1), (0, 1), (0, 1), (0, 2), (0, 2), (0, 2), (0, 2), (0, 2), (0, 2), (0, 2), (0, 2), (0, 2), (0, 2), (1, 2), (0, 2), (0, 2), (0, 2), (0, 2), (0, 2), (0, 2), (0, 2), (0, 1), (0, 2), (0, 2), (0, 1), (0, 2), (0, 2), (0, 2), (0, 2), (0, 2), (0, 2), (0, 2), (0, 1), (0, 2), (0, 2), (0, 2), (0, 2), (0, 2), (0, 2), (1, 2), (0, 2), (0, 2), (1, 2), (0, 2), (0, 2), (0, 1), (0, 2), (0, 2), (0, 2), (0, 2), (0, 2), (0, 2), (0, 2), (0, 2), (0, 2), (0, 1), (0, 2), (0, 1), (0, 2), (0, 2), (0, 2), (0, 1), (0, 2), (0, 2), (0, 2), (1, 2), (0, 2), (0, 3), (0, 3), (0, 3), (1, 2), (0, 3), (0, 3), (1, 2), (0, 3), (0, 3), (0, 3), (0, 3), (0, 3), (1, 2), (0, 3), (0, 1), (0, 3), (1, 2), (0, 3), (0, 3), (0, 3), (1, 2), (0, 3), (0, 3), (1, 2), (0, 3), (1, 3), (0, 3), (1, 2), (0, 3), (1, 3), (0, 3), (0, 3), (0, 3), (2, 3), (0, 3), (0, 2), (1, 2), (0, 3), (1, 2), (0, 3), (1, 3), (0, 3), (1, 2), (0, 3), (0, 3), (1, 2), (0, 3), (1, 2), (0, 3), (1, 3), (0, 3), (0, 3), (1, 2), (1, 3), (0, 3), (0, 2), (0, 3), (1, 3), (0, 3), (0, 2), (1, 2), (0, 4), (2, 3), (0, 4), (0, 2), (0, 4), (1, 4), (2, 3), (0, 4), (1, 3), (0, 4), (2, 3), (0, 4), (0, 4), (0, 4), (1, 2), (2, 3), (0, 4), (0, 2), (2, 3), (1, 4), (1, 4), (0, 4), (1, 2), (2, 3), (0, 4), (1, 3), (0, 4), (1, 4), (0, 4), (0, 4), (0, 3), (1, 2), (0, 4), (1, 3), (1, 3), (0, 4), (1, 3), (0, 4), (0, 3), (1, 3), (0, 4), (1, 3), (0, 4), (1, 2), (2, 3), (0, 4), (1, 2), (1, 4), (2, 3), (0, 4), (0, 3), (0, 4), (1, 3), (0, 4), (1, 2), (1, 3), (0, 4), (0, 2), (0, 3), (1, 2), (0, 4), (2, 3), (0, 4), (0, 3), (0, 4), (1, 3), (0, 4), (0, 2), (0, 3), (0, 4), (0, 5), (2, 4), (1, 5), (0, 5), (1, 2), (2, 3), (0, 4), (1, 2), (1, 3), (3, 4), (0, 5), (1, 2), (1, 4), (2, 3), (0, 5), (1, 2), (0, 5), (1, 5), (2, 3), (2, 4), (3, 4), (0, 5), (1, 2), (0, 4), (3, 4), (0, 5), (1, 2), (0, 5), (0, 5), (2, 4), (3, 4), (0, 5), (0, 3), (0, 4), (2, 3), (0, 5), (1, 2), (2, 3), (0, 5), (2, 3), (0, 4), (2, 3), (0, 4), (2, 3), (0, 5), (1, 3), (2, 3), (2, 5), (1, 4), (2, 3), (0, 5), (2, 3), (1, 4), (1, 3), (3, 4), (0, 5), (1, 5), (2, 3), (2, 4), (3, 4), (1, 5), (1, 3), (0, 5), (0, 3), (2, 3), (0, 5), (0, 4), (1, 4), (0, 5), (0, 5), (0, 6), (0, 4), (2, 3), (0, 6), (1, 2), (4, 5), (0, 6), (2, 3), (2, 4), (1, 6), (2, 3), (4, 5), (1, 6), (3, 5), (4, 5), (0, 6), (2, 4), (2, 5), (0, 6), (2, 4), (0, 5), (2, 3), (3, 6), (4, 5), (0, 6), (1, 3), (1, 6), (1, 5), (2, 3), (4, 5), (0, 6), (4, 5), (1, 6), (3, 4), (0, 6), (2, 4), (1, 5), (1, 3), (0, 5), (1, 5), (0, 6), (2, 5), (4, 5), (0, 6), (1, 2), (2, 3), (0, 5), (3, 4), (0, 6), (1, 2), (3, 4), (0, 5), (0, 3), (3, 4), (0, 5), (3, 5), (4, 5), (0, 6), (1, 4), (1, 6), (2, 3), (2, 4), (3, 4), (3, 5), (0, 6), (3, 4), (2, 5), (0, 6), (1, 3), (1, 6), (2, 4), (0, 5), (0, 3), (0, 5), (0, 5), (1, 2), (2, 4), (1, 6), (2, 3), (2, 4), (3, 4), (0, 6), (2, 4), (3, 4), (1, 6), (3, 4), (1, 5), (1, 6), (2, 3), (3, 4), (1, 6), (3, 4), (4, 5), (0, 7), (3, 4), (0, 5), (4, 5), (0, 7), (1, 2), (2, 3), (0, 5), (2, 3), (1, 5), (3, 4), (3, 7), (0, 7), (0, 1), (3, 5), (3, 5), (0, 6), (1, 2), (5, 6), (0, 7), (0, 5), (3, 5), (3, 6), (0, 7), (4, 5), (0, 6), (2, 3), (0, 5), (2, 3), (5, 6), (1, 7), (0, 5), (1, 2), (0, 7), (2, 3), (0, 6), (1, 2), (3, 5), (0, 7), (1, 2), (0, 4), (2, 3), (2, 4), (3, 4), (0, 6), (1, 2), (3, 4), (2, 5), (5, 6), (0, 7), (3, 4), (4, 5), (0, 6), (4, 5), (0, 7), (1, 2), (4, 6), (1, 7), (0, 3), (3, 4), (0, 6), (1, 2), (1, 3), (3, 4), (0, 5), (1, 3), (2, 5), (3, 4), (0, 7), (1, 2), (0, 4), (3, 4), (2, 6), (4, 5), (3, 6), (2, 7), (3, 4), (4, 6), (0, 7), (1, 2), (2, 3), (1, 5), (2, 3), (3, 4), (4, 5), (3, 6), (4, 5), (4, 6), (2, 7), (1, 4), (3, 4), (1, 5), (4, 5), (0, 7), (3, 4), (5, 7), (0, 8), (0, 3), (4, 5), (3, 6), (5, 7), (6, 7), (2, 8), (5, 6), (0, 7), (5, 7), (0, 8), (2, 3), (4, 6), (6, 7), (3, 8), (2, 3), (1, 2), (2, 6), (3, 7), (4, 5), (1, 8), (3, 4), (4, 6), (5, 6), (4, 7), (1, 8), (2, 3), (5, 6), (4, 6), (0, 8), (2, 4), (0, 5), (1, 2), (3, 4), (0, 6), (0, 7), (1, 3), (2, 3), (4, 5), (0, 6), (2, 8), (1, 5), (6, 7), (0, 8), (3, 4), (2, 6), (3, 4), (6, 7), (0, 8), (1, 2), (4, 5), (3, 7), (4, 5), (0, 7), (5, 6), (0, 8), (1, 2), (2, 3), (3, 4), (6, 7), (1, 8), (2, 3), (2, 5), (3, 4), (0, 6), (4, 6), (5, 6), (0, 7), (1, 3), (3, 4), (3, 5), (0, 8), (2, 3), (2, 4), (3, 5), (2, 7), (3, 5), (5, 6), (0, 7), (2, 4), (5, 7), (0, 8), (2, 3), (0, 5), (3, 4), (2, 6), (4, 5), (0, 8), (1, 3), (2, 3), (0, 4), (3, 4), (3, 6), (4, 5), (0, 8), (1, 2), (2, 4), (1, 8), (2, 3), (4, 6), (0, 7), (1, 2), (0, 4), (0, 5), (3, 4), (5, 6), (4, 7), (5, 7), (0, 8), (3, 4), (4, 5), (2, 6), (0, 7), (1, 2), (3, 4), (6, 7), (1, 8), (2, 3), (0, 4), (0, 6), (1, 2), (2, 3), (1, 7), (2, 3), (4, 5), (4, 6), (0, 9), (2, 3), (3, 4), (4, 5), (1, 7), (4, 5), (6, 7), (2, 9), (4, 5), (0, 6), (2, 4), (3, 4), (2, 7), (3, 4), (3, 5), (5, 6), (0, 8), (1, 3), (2, 3), (3, 4), (2, 5), (5, 6), (2, 7), (4, 5), (1, 8), (1, 5), (2, 4), (1, 6), (0, 9), (3, 4), (4, 7), (0, 8), (0, 4), (1, 8), (6, 8), (7, 8), (0, 9), (1, 2), (2, 3), (2, 4), (5, 8), (5, 7), (6, 7), (0, 9), (1, 4), (3, 5), (0, 6), (5, 6), (1, 7), (2, 4), (1, 9), (2, 3), (1, 6), (2, 3), (0, 7), (1, 3), (2, 4), (3, 4), (1, 6), (6, 7), (1, 9), (4, 5), (2, 6), (0, 2), (1, 2), (2, 3), (4, 5), (5, 6), (4, 6), (5, 6), (0, 7), (2, 5), (1, 6), (2, 4), (4, 5), (3, 6), (5, 8), (7, 8), (0, 9), (1, 3), (3, 4), (3, 5), (0, 7), (1, 2), (5, 6), (0, 7), (4, 5), (2, 6), (3, 4), (4, 5), (5, 6), (6, 7), (0, 9), (2, 5), (5, 6), (0, 7), (0, 6), (2, 3), (4, 5), (0, 9), (2, 3), (3, 4), (5, 6), (0, 9), (1, 2), (3, 4), (5, 8), (3, 8), (4, 6), (5, 6), (0, 9), (5, 6), (5, 7), (1, 8), (4, 5), (5, 7), (2, 8), (1, 4), (4, 5), (6, 8), (1, 9), (3, 4), (4, 5), (3, 5), (4, 5), (6, 8), (3, 9), (1, 5), (2, 3), (2, 5), (3, 4), (3, 5), (4, 5), (2, 6), (3, 5), (4, 5), (4, 6), (5, 6), (7, 8)]
