results/deeplll10/svpchallengedim40seed4dim15delta0.98999995.txt: 117.202 sec
b: [[4724146, -100577400, 15365233, 72953306, 94981709, -60772041, 19364656, -83858706, 14670750, -21239447, -44054534, 10076224, -98209514, -171951681, 45],
 [-145517459, -83435789, -92909131, 17056892, 9938586, -105523304, 115053585, 4499823, -19864464, -4329403, 73882153, 112047282, -9830809, -123622466, -131],
 [-42434847, 26506560, -12068075, 48114454, 40162625, 103977463, 77305019, 52593646, -96331374, -119759342, -59671227, 138265779, 105068036, 113696090, -27],
 [-4732183, -18580709, 101288622, -21063871, -177145635, 206492565, 71226251, -41863156, 74967902, -48568779, 6626450, -843089, -25211727, 25583544, 40],
 [53167008, -1200107, 15261002, -84660187, 87072478, 163170965, 129374868, 33293953, -10591821, 26869974, -40930137, 167963479, -104452428, -97060113, -56],
 [-167608464, 85156362, -23048381, 173707280, -96592875, -64786492, 113733856, -73624548, -23327717, 141160415, 6638565, -75295823, 9138784, -39382666, 5],
 [60169682, -2300912, 72062118, 215059182, 77487373, 56873897, 39302382, -80520207, 172700227, 82995185, -79200044, 23162680, 27871217, 110213631, 160],
 [-79334633, -10556131, 50549553, 207922244, -171608993, 34749554, -1239837, -10425632, -100321277, -5145092, 171826315, 21535019, -69686393, -100267760, 100],
 [119186776, -92723983, -106680372, -144318048, 144362033, 111359724, -46160069, -93239581, -88011892, 43256306, -6729160, -106323882, 33471214, -56285479, 5],
 [-37900744, 140857401, -79905600, 111645410, 49310830, -96108229, -105735316, 1902488, 118508046, -14650886, -48602204, -122863636, -182926355, 76744490, 18],
 [196423682, -21358855, -34710533, 98423744, 120103127, 28882364, 62855432, 152798361, -21340201, 103146965, 88346043, -77255700, 67747341, -60420887, 40],
 [-80802146, -118090350, 165505417, -44154779, 61188187, -76297730, 23650629, 58570359, -7993917, -28764106, 151334151, 201944364, 11233475, 168865438, -58],
 [121176754, 121462909, -8856318, 67053991, -745290, 56195300, -78895235, -91249137, 42049362, -42105262, 173669396, -110911691, 113136253, -71131755, 140],
 [290626942, -164763110, -73633505, -7173422, -64336451, -128568893, 4580943, -95604241, -56567694, -55694531, -79457396, -101628368, 17407293, -58722763, 39],
 [-56291358, 81833688, 117056483, -21176934, -105368984, 69744530, 78423081, 25882819, 101939482, 63442108, 70534931, -174450521, 98585121, -16505194, 246]], shape=[15, 15], strides=[15, 1], layout=Cc (0x5), const ndim=2
v_norms: [77739611182849998, 674619026551295344207285931222429/8637734575872222, 54929796071633776460044367074391037015219830321694/674619026551295344207285931222429, 22345426695588723289939436294798615271826195504098013511395292377922/247184082322351994070199651834759666568489236447623, 1816766331489479339664480013629525337317477752116088492197495426923939405389997449401/22345426695588723289939436294798615271826195504098013511395292377922, 158508505319126796723725172175053719007248467533534760003228016372064192472130534680328397606280108347/1816766331489479339664480013629525337317477752116088492197495426923939405389997449401, 911993466718205412510660994731840202655510745897767043147894913255492402518846942645233306790857356721341745840066211/11741370764379762720275938679633608815351738335817389629868741953486236479417076642987288711576304322, 65467225495920433976439256248647751944401585973909174614154178165208551672556683929545779931111348167888062188746475722263703349931536/911993466718205412510660994731840202655510745897767043147894913255492402518846942645233306790857356721341745840066211, 127435418873283135838426441878019438297786834060113485339171439746441715487251112512045834898469988889805236789196763115943172786947698809204757324412279/1767615088389851717363859918713489302498842821295547714582162810460630895159030466097736058140006400532977679096154844501119990448151472, 8323521233314383038658286852930329219543807660964252631088935003015490284898063227181895064751793444906122633210220694604689973282795152608496432058868029343574437328960/127435418873283135838426441878019438297786834060113485339171439746441715487251112512045834898469988889805236789196763115943172786947698809204757324412279, 496441010010485466759853324051051816379098332104384892949331346228883044928482285699838620128963843487973914680947506273896229527324569743517746325151119280157211283698203590155634136721/8323521233314383038658286852930329219543807660964252631088935003015490284898063227181895064751793444906122633210220694604689973282795152608496432058868029343574437328960, 24643850357021986538826138855191338855984830170156176620637301236995367302712886661803367777489689666359293398620775617791416005095501949292166895353630938794131374028206015808897224014364637768932911638/496441010010485466759853324051051816379098332104384892949331346228883044928482285699838620128963843487973914680947506273896229527324569743517746325151119280157211283698203590155634136721, 655743251091860866692724456969706743338158369872376032972391034487031470907153968800172012115322947857284367926903810618778263824218379499487673975025873027731715814313894205688722318510495306953435012276967289775692387/12321925178510993269413069427595669427992415085078088310318650618497683651356443330901683888744844833179646699310387808895708002547750974646083447676815469397065687014103007904448612007182318884466455819, 78692097919735675531755612804510674245225968071698578073359323640046297760010558252830670436036100532464132164405382021824200223818201919362803217120977653717045945170961635356149132736189514348496857646117426134239248915812660248775905/1311486502183721733385448913939413486676316739744752065944782068974062941814307937600344024230645895714568735853807621237556527648436758998975347950051746055463431628627788411377444637020990613906870024553934579551384774, 4276004080986662250556170150571682084661652708811008860820343595371977250993691951408982529005301818073582930400216010607001999500303394702071829521757444159996645323454281158344057771824138679224276609066488857242630567308043703839472400369/78692097919735675531755612804510674245225968071698578073359323640046297760010558252830670436036100532464132164405382021824200223818201919362803217120977653717045945170961635356149132736189514348496857646117426134239248915812660248775905], shape=[15], strides=[1], layout=CFcf (0xf), const ndim=1
Mu { arr: [12208612154431853/25913203727616666, -1648664904450478/4318867287936111, 145737058045749761013587636949342/674619026551295344207285931222429, -22710732617600815/77739611182849998, -419113734473825620040211813511219/2023857079653886032621857793667287, 8398948953754563529620771475131691600209546200669/82394694107450664690066550611586555522829745482541, 3702477840893315/12956601863808333, 57291977348353643153556014470984/674619026551295344207285931222429, 23055620032377237888137004806565402390303529173635/54929796071633776460044367074391037015219830321694, 3857052016550448387123078861695827920787781420733397040594543818956/11172713347794361644969718147399307635913097752049006755697646188961, 3791865478790531/38869805591424999, 884460967871971616296662097866214/2023857079653886032621857793667287, -42806758819803646550646492956616327604603103428711/164789388214901329380133101223173111045659490965082, 1215889863994739564169047792219120350788941467148921628773431804403/11172713347794361644969718147399307635913097752049006755697646188961, -813039668134680352478299654122414715082075262294500925052036413158911072498610124253/1816766331489479339664480013629525337317477752116088492197495426923939405389997449401, 5766941525730647/38869805591424999, -1011692010731188736782472334663116/2023857079653886032621857793667287, 24631896428039161899358062792703978529040171802573/82394694107450664690066550611586555522829745482541, 2473486376142544944790153029750727507331087323934378135135559611005/22345426695588723289939436294798615271826195504098013511395292377922, -339684648204776741463420553294184637299772717353962644767873316656462757313449423422/1816766331489479339664480013629525337317477752116088492197495426923939405389997449401, 8143867815292255624696673070706838998140419774538776799349688748194380114215637349322998439809579236/17612056146569644080413908019450413223027607503726084444803112930229354719125614964480933067364456483, 802268080684297/4318867287936111, 251471349541219238547318247079694/674619026551295344207285931222429, -892331782853407392816735560085582774761108232531/9154966011938962743340727845731839502536638386949, 5355648635976379026604967455872649734398984519559886577649718114341/11172713347794361644969718147399307635913097752049006755697646188961, -59343340574925652136308470467974182133103887848440838181702228511354708413752324678/139751256268421487666498462586886564409036750162776037861345802071072261953076726877, 6134186294123544168211201942534741766551501659624815632982278516267591801426890724314148980869563715/17612056146569644080413908019450413223027607503726084444803112930229354719125614964480933067364456483, -250055303012344098202368409466530590717841646724890353285533105251865814771785449691681537905724592395132776396221004/911993466718205412510660994731840202655510745897767043147894913255492402518846942645233306790857356721341745840066211, 14996974362581285/77739611182849998, -764179265829244668591504772210993/2023857079653886032621857793667287, -6128002724521740411211019622089434433423989122343/82394694107450664690066550611586555522829745482541, -5095862561504616231193227825563511454698731183992533892404932931919/22345426695588723289939436294798615271826195504098013511395292377922, 738702865974283299276844205922262781833405979199657647131328784304502624197527269698/1816766331489479339664480013629525337317477752116088492197495426923939405389997449401, -44501771567224392076038972735466893988885317766071091293725193418510511949355328311040767978784505029/158508505319126796723725172175053719007248467533534760003228016372064192472130534680328397606280108347, -785608611826182871894781616257248024691449715192904791667089837007913651000148059755308281448018678700179932263925517/2735980400154616237531982984195520607966532237693301129443684739766477207556540827935699920372572070164025237520198633, -58348402664303842656623822068045699207353861254111853386553474042930145863899238732887605117328778840287145755552726421740614832515931/196401676487761301929317768745943255833204757921727523842462534495625655017670051788637339793334044503664186566239427166791110049794608, 956661627112475/8637734575872222, -257641966676169527220258605509377/674619026551295344207285931222429, -9755469438947392617743991835670210431174435698932/27464898035816888230022183537195518507609915160847, -8363588732530965414905573387750447460285976337763297145390858332597/22345426695588723289939436294798615271826195504098013511395292377922, -505127917984504144567777394033719444967985581551724109226181295828269536566124987774/1816766331489479339664480013629525337317477752116088492197495426923939405389997449401, 48199350813855628182617692420652461514301753508069542959342265929483843667095865579799999265454048032/158508505319126796723725172175053719007248467533534760003228016372064192472130534680328397606280108347, 458509905887769394852679680753165636316505335350610986406395960239002147322296944638386396405232387597242075650650299/2735980400154616237531982984195520607966532237693301129443684739766477207556540827935699920372572070164025237520198633, -3024646784340535554512322615873362010546702086387531247690681917260454095559555089087010260339772355040009607211789274169260506453667/196401676487761301929317768745943255833204757921727523842462534495625655017670051788637339793334044503664186566239427166791110049794608, -61696964279869116992540340797524041625404964808797876993493765260265116962866541392190142742072725730198200782782044452370935015489536981712270299113265/127435418873283135838426441878019438297786834060113485339171439746441715487251112512045834898469988889805236789196763115943172786947698809204757324412279, 723484047612733/12956601863808333, -114239084802801361865869435482142/674619026551295344207285931222429, -3044423139237638124177122934640468929098415592879/54929796071633776460044367074391037015219830321694, -8299581444105142373517340941398945859754024130586230763903000786705/22345426695588723289939436294798615271826195504098013511395292377922, 638139050240132540550593467665355885452747542589326801878041251594674756234910534037/1816766331489479339664480013629525337317477752116088492197495426923939405389997449401, 6456320826052687110298156701864947998582429083019780355406890688921823583810369625746626397827149928/52836168439708932241241724058351239669082822511178253334409338790688064157376844893442799202093369449, 248772528181710945753523661684569453089629842604825697863831337935513459520692881867347194033195848574015382035479075/911993466718205412510660994731840202655510745897767043147894913255492402518846942645233306790857356721341745840066211, 29675735476137744365642737056403889178935700199359093672675007722165801226675167468295262420220649576477001220875863188007800340759849/65467225495920433976439256248647751944401585973909174614154178165208551672556683929545779931111348167888062188746475722263703349931536, 55207792492241841064925667606195336386743515992104707823413765857759988425215644668724968149411503691606361936145626729475430934606672822053988514087753/127435418873283135838426441878019438297786834060113485339171439746441715487251112512045834898469988889805236789196763115943172786947698809204757324412279, -2383510608234280977312914958705533196268261493590225675342053387859641678747012064555726910987334815781731580198209956393806731494946524433250816702913850609759784528731/8323521233314383038658286852930329219543807660964252631088935003015490284898063227181895064751793444906122633210220694604689973282795152608496432058868029343574437328960, -8733110701155175/38869805591424999, 996606793678266941861010249072040/2023857079653886032621857793667287, 24407876615960626050655937664239873531065468401331/82394694107450664690066550611586555522829745482541, -252284156683404878996308387472766005520926960095008345282811119671/22345426695588723289939436294798615271826195504098013511395292377922, 31832829188826247781024866989051981970707961106124505693007472522442107297416179434/1816766331489479339664480013629525337317477752116088492197495426923939405389997449401, -78664415927595134497321275549980558216351602658480441479891790925941092414014540959151624190814722577/158508505319126796723725172175053719007248467533534760003228016372064192472130534680328397606280108347, 187751280913339294467644345119534291568668632825326060391610744703646583809635568873393257796554243847287660714042641/390854342879230891075997569170788658280933176813328732777669248538068172508077261133671417196081724309146462502885519, 33245951906861381253585961004375483084182341855747750495533809901982601630493918397175218689807958306579217397256741096305947152600035/98200838243880650964658884372971627916602378960863761921231267247812827508835025894318669896667022251832093283119713583395555024897304, -41873905095696701001315408656233444089878780216946373006464810854601628730713543823398518425159986441120140852781373219269677342973100689257890845316734/127435418873283135838426441878019438297786834060113485339171439746441715487251112512045834898469988889805236789196763115943172786947698809204757324412279, -781516695003763233533229015878318406592948680259905524535812874743561443885628816282423871404514507804819843074996113389807228904817105539201260302343106381088923480923/2080880308328595759664571713232582304885951915241063157772233750753872571224515806795473766187948361226530658302555173651172493320698788152124108014717007335893609332240, -225133893758154945130858770675257448508226268531260196937694317650877186742430039981003078954596221525144971008432751947736771666837253510804483501827898978628120250431449277059177733628/496441010010485466759853324051051816379098332104384892949331346228883044928482285699838620128963843487973914680947506273896229527324569743517746325151119280157211283698203590155634136721, -10387011272006933/77739611182849998, -748906212275023842128463001015907/2023857079653886032621857793667287, -45138264505768236113566085754507491953870223973337/164789388214901329380133101223173111045659490965082, -22201373593713847350820506506528702653529027926729785550908127357/11172713347794361644969718147399307635913097752049006755697646188961, -470087880439570855350903410242339042034339677644299261040338059307209296246653677945/1816766331489479339664480013629525337317477752116088492197495426923939405389997449401, 1691285848521979233562392262489609576181065923265661876463018499409372677416094162137076494580543394/158508505319126796723725172175053719007248467533534760003228016372064192472130534680328397606280108347, 12469800282425417956658406817125817818743444910921463251359619012185167153405789120625995794819461879919595044143306/2735980400154616237531982984195520607966532237693301129443684739766477207556540827935699920372572070164025237520198633, 40877772468424285642154892307292544577295268154322067901320595646639526934195241920408920749016867279168595074927628410961995939920689/98200838243880650964658884372971627916602378960863761921231267247812827508835025894318669896667022251832093283119713583395555024897304, 58023984214611728825799553895154986909216203109895060310093143464602911614033242271929562335067940611787831078280072389109008294754427700002049554967334/127435418873283135838426441878019438297786834060113485339171439746441715487251112512045834898469988889805236789196763115943172786947698809204757324412279, 9119859779094110352486433936977651052824986733251817342623104000142640414316627585637128875889976356597260958739422114690571049478178156005344009080137119603723725179/1664704246662876607731657370586065843908761532192850526217787000603098056979612645436379012950358688981224526642044138920937994656559030521699286411773605868714887465792, 127174430178895998542950956655387948167518194470025462989970355620464354532390450080847949416603375547486506374305460474073294135410929213090594012015065538000962513654019856021108628235/496441010010485466759853324051051816379098332104384892949331346228883044928482285699838620128963843487973914680947506273896229527324569743517746325151119280157211283698203590155634136721, -4763443895308185378859221022657393909984585407416691174817111702001352075601509353336112985712945410266651966687433021783620418045654956586335124606512151549296545624777231342474633013680272905750157622/12321925178510993269413069427595669427992415085078088310318650618497683651356443330901683888744844833179646699310387808895708002547750974646083447676815469397065687014103007904448612007182318884466455819, 6219271288052498/12956601863808333, -303927790313832281970210233250632/674619026551295344207285931222429, -11452130916555012940754727773944526528912968340275/54929796071633776460044367074391037015219830321694, -1855936260657676808589835453042281678129585996629145599010844391718/11172713347794361644969718147399307635913097752049006755697646188961, -452214379689445439847884679854519240683678212524020459322501429337464292435646824611/1816766331489479339664480013629525337317477752116088492197495426923939405389997449401, -67635720478031217425405448362148062732850185689668698988567017740535127865796353003763166896143688302/158508505319126796723725172175053719007248467533534760003228016372064192472130534680328397606280108347, -450835107105244405569422259422965950353066268103554279665703220538237213312670883747946910800353552561892933282342116/2735980400154616237531982984195520607966532237693301129443684739766477207556540827935699920372572070164025237520198633, -15842077465523152748196800796399969118405001964542120421963949821821080903981158281901071740180257846548649570858343969788937931295053/98200838243880650964658884372971627916602378960863761921231267247812827508835025894318669896667022251832093283119713583395555024897304, 48064064264901132808770721163440470835512954401584545470834621738269779136586370428646023096189073628235787090360578561232065956105726612076584008552466/127435418873283135838426441878019438297786834060113485339171439746441715487251112512045834898469988889805236789196763115943172786947698809204757324412279, -836258993820311378000664343036715892796787095085541798471517429861400524930057094118779282542563369200459287845310368379593003723687095821426122035837015123479827857811/2080880308328595759664571713232582304885951915241063157772233750753872571224515806795473766187948361226530658302555173651172493320698788152124108014717007335893609332240, 201904758885167556378909088331073573431638535495007269605113574698462740964575223175138573482479103712016642350099305190212632168710715595817961107463428945898214647793107617557999081764/496441010010485466759853324051051816379098332104384892949331346228883044928482285699838620128963843487973914680947506273896229527324569743517746325151119280157211283698203590155634136721, -3828339357655195352477010182888531594235744550681790634272961596939058319633326174252833529015642030115773821749441813056045002400122396941666567745854066197082043860930471841657237760288790357152938821/8214616785673995512942046285063779618661610056718725540212433745665122434237628887267789259163229888786431132873591872597138668365167316430722298451210312931377124676068671936299074671454879256310970546, -245483403808898356957410693348614493686861326315349267257191960827025657600384999344998723219444229472085795995592488868236605394188288593139692975953923859345278911095598156475174513666870065843923909972042930267823710/655743251091860866692724456969706743338158369872376032972391034487031470907153968800172012115322947857284367926903810618778263824218379499487673975025873027731715814313894205688722318510495306953435012276967289775692387, -34702416356337841/77739611182849998, -216509878897887833754882747682897/2023857079653886032621857793667287, -73137734082290590342626550162885381008149788842875/164789388214901329380133101223173111045659490965082, 10555056720586210661921895029371421176704188434183530099647609776229/22345426695588723289939436294798615271826195504098013511395292377922, -26650365578008852130855454217391327042902138792351219102517852349143102748299311823/139751256268421487666498462586886564409036750162776037861345802071072261953076726877, 55404032166888778520527471030575903834941398995298762899187529399710786336685232025052256192283080209/158508505319126796723725172175053719007248467533534760003228016372064192472130534680328397606280108347, 46704125991611523577314381455020127702474604415581704941002906598200757282615446463626628236830419894581683748531089/2735980400154616237531982984195520607966532237693301129443684739766477207556540827935699920372572070164025237520198633, -36724219609581734655405559890210605477713159699856724163721124202731038335784168824853285934927079034614678643732676678255885966900841/196401676487761301929317768745943255833204757921727523842462534495625655017670051788637339793334044503664186566239427166791110049794608, 1268105120821135074259208324776568418069671053341458133038200377189707674654798787400478832685788560361505912780228202858414100540495376257567489466493/127435418873283135838426441878019438297786834060113485339171439746441715487251112512045834898469988889805236789196763115943172786947698809204757324412279, -464111822432310489787061982008893197707131685956860962777486022552371964453544233990920772411472212632005451648372511674023195534143517505625344829370491599001006209127/1664704246662876607731657370586065843908761532192850526217787000603098056979612645436379012950358688981224526642044138920937994656559030521699286411773605868714887465792, 227578512023299051460995122174375559803789211037733341837695087814927351527188077320077442888697655347691763547341675240948373583280012179911046727782121716368239734306779061696398414665/496441010010485466759853324051051816379098332104384892949331346228883044928482285699838620128963843487973914680947506273896229527324569743517746325151119280157211283698203590155634136721, 871682989806639349660964489797506146234386979144116220058097755065472092542170371659922190478580746743324552649026869380847543647765710332573813022816514775273574819359687103787102325993037390701331800/4107308392836997756471023142531889809330805028359362770106216872832561217118814443633894629581614944393215566436795936298569334182583658215361149225605156465688562338034335968149537335727439628155485273, 273491531032969695316523524495378688064628972182312745248236443018680579177781522862450108324251423079438638629442909103826565323172907175736869847671821980035519149787123637256650665572829869656800591663944321947505958/655743251091860866692724456969706743338158369872376032972391034487031470907153968800172012115322947857284367926903810618778263824218379499487673975025873027731715814313894205688722318510495306953435012276967289775692387, -30078105086468921772354760362701351846407997509131160794828041786366028577585446199125032619142315219583229653800930591454032998690084350960972390061803286827759271979375661013263554463175357111250581965956731939964436041909997958452442/78692097919735675531755612804510674245225968071698578073359323640046297760010558252830670436036100532464132164405382021824200223818201919362803217120977653717045945170961635356149132736189514348496857646117426134239248915812660248775905] }
(hist.len, cnt): (1598, 25469)
[(0, 1), (0, 1), (0, 1), (0, 1), (0, 1), (0, 1), (0, 1), (0, 1), (0, 1), (0, 1), (0, 1), (0, 1), (0, 1), (0, 1), (0, 1), (0, 1), (0, 1), (0, 1), (0, 1), (0, 1), (0, 1), (0, 1), (0, 1), (0, 1), (0, 1), (0, 1), (0, 1), (0, 1), (0, 1), (0, 1), (0, 1), (0, 1), (0, 1), (0, 1), (0, 1), (0, 1), (0, 1), (0, 1), (0, 1), (0, 1), (0, 1), (0, 1), (0, 1), (0, 1), (0, 1), (0, 1), (0, 1), (0, 1), (0, 1), (0, 1), (0, 1), (0, 1), (0, 1), (0, 1), (0, 1), (0, 1), (0, 1), (0, 1), (0, 1), (0, 1), (0, 1), (0, 1), (0, 1), (0, 1), (0, 1), (0, 1), (0, 1), (0, 1), (0, 1), (0, 1), (0, 1), (0, 1), (0, 1), (0, 1), (0, 1), (0, 1), (0, 1), (0, 1), (0, 1), (0, 1), (1, 2), (0, 2), (0, 2), (1, 2), (0, 2), (0, 2), (0, 2), (0, 1), (0, 2), (0, 2), (0, 2), (0, 2), (0, 2), (0, 2), (0, 2), (0, 2), (0, 2), (0, 1), (1, 2), (0, 2), (0, 2), (0, 2), (0, 2), (0, 2), (0, 1), (0, 2), (0, 1), (0, 2), (0, 2), (0, 2), (0, 2), (0, 2), (0, 1), (0, 2), (0, 1), (0, 2), (0, 1), (0, 2), (0, 1), (0, 2), (0, 2), (0, 2), (0, 2), (1, 2), (0, 2), (0, 2), (0, 2), (1, 2), (0, 2), (0, 2), (0, 2), (0, 2), (0, 2), (1, 2), (0, 2), (0, 2), (0, 2), (0, 2), (0, 1), (0, 2), (1, 2), (0, 3), (1, 3), (0, 3), (1, 2), (0, 3), (0, 2), (1, 2), (0, 3), (1, 2), (0, 3), (1, 3), (0, 3), (1, 2), (0, 3), (0, 2), (1, 2), (0, 3), (1, 2), (0, 3), (0, 3), (1, 2), (0, 3), (1, 2), (0, 3), (1, 3), (0, 2), (0, 3), (0, 1), (0, 2), (1, 3), (0, 3), (0, 3), (0, 2), (0, 3), (0, 3), (0, 3), (0, 1), (0, 2), (0, 3), (0, 3), (0, 3), (0, 3), (0, 2), (0, 2), (1, 2), (0, 3), (0, 3), (0, 3), (1, 2), (0, 3), (0, 3), (0, 3), (0, 3), (0, 3), (1, 2), (0, 3), (1, 3), (0, 3), (0, 3), (0, 2), (1, 2), (1, 3), (0, 4), (0, 3), (2, 3), (0, 4), (0, 4), (0, 3), (0, 2), (0, 4), (1, 3), (0, 4), (0, 4), (0, 4), (0, 2), (0, 4), (0, 4), (0, 4), (1, 2), (0, 4), (0, 3), (1, 3), (0, 4), (0, 3), (0, 2), (1, 2), (0, 4), (1, 2), (2, 3), (0, 4), (0, 3), (2, 3), (1, 4), (0, 4), (0, 3), (1, 2), (0, 3), (0, 4), (1, 3), (0, 4), (2, 3), (0, 4), (1, 3), (0, 4), (1, 2), (0, 4), (1, 3), (1, 3), (0, 4), (2, 3), (0, 4), (0, 4), (1, 2), (0, 4), (0, 4), (0, 4), (2, 3), (1, 4), (0, 4), (2, 3), (1, 5), (2, 3), (2, 4), (0, 5), (1, 4), (0, 5), (1, 2), (0, 5), (1, 3), (2, 3), (2, 4), (3, 4), (0, 5), (2, 5), (0, 5), (1, 5), (2, 3), (1, 5), (2, 3), (0, 4), (0, 5), (1, 2), (1, 4), (1, 5), (0, 4), (3, 4), (0, 5), (1, 3), (0, 5), (1, 2), (0, 3), (1, 2), (0, 3), (0, 4), (0, 5), (2, 3), (0, 5), (1, 3), (0, 5), (1, 2), (0, 5), (1, 5), (0, 5), (2, 3), (3, 4), (0, 5), (2, 5), (0, 4), (0, 5), (0, 4), (1, 2), (0, 5), (0, 5), (0, 5), (0, 5), (2, 3), (0, 4), (0, 3), (0, 5), (0, 3), (2, 3), (0, 4), (0, 4), (3, 4), (0, 5), (3, 4), (0, 5), (2, 3), (0, 4), (0, 6), (1, 2), (0, 5), (4, 5), (0, 6), (1, 2), (0, 3), (0, 4), (2, 3), (4, 5), (3, 5), (4, 5), (0, 6), (2, 4), (1, 6), (2, 3), (1, 4), (3, 4), (1, 6), (2, 4), (3, 4), (1, 6), (2, 3), (4, 5), (0, 6), (0, 5), (2, 3), (1, 4), (3, 4), (1, 5), (2, 5), (0, 6), (0, 4), (0, 6), (1, 2), (3, 4), (2, 5), (3, 4), (0, 6), (3, 4), (0, 6), (1, 2), (0, 4), (1, 3), (2, 3), (4, 5), (0, 6), (2, 4), (1, 6), (1, 5), (2, 3), (0, 6), (2, 4), (3, 4), (0, 6), (4, 5), (1, 6), (4, 5), (2, 6), (2, 4), (1, 5), (2, 3), (0, 6), (3, 4), (0, 6), (1, 2), (0, 6), (3, 4), (2, 5), (0, 6), (0, 3), (1, 2), (0, 4), (2, 4), (0, 6), (2, 3), (1, 5), (4, 5), (1, 6), (2, 3), (2, 4), (1, 6), (2, 3), (0, 6), (2, 3), (4, 6), (5, 6), (1, 7), (5, 6), (0, 7), (1, 2), (3, 5), (0, 7), (1, 2), (2, 6), (4, 6), (5, 6), (0, 7), (1, 2), (3, 4), (0, 6), (2, 3), (3, 5), (4, 5), (4, 6), (0, 7), (1, 2), (1, 3), (1, 5), (2, 3), (3, 4), (0, 7), (2, 5), (3, 5), (0, 6), (1, 3), (3, 6), (1, 7), (0, 6), (2, 3), (4, 5), (1, 6), (2, 5), (4, 5), (3, 6), (5, 6), (0, 7), (1, 4), (4, 5), (1, 7), (3, 5), (3, 6), (1, 7), (3, 4), (4, 6), (5, 6), (0, 7), (3, 4), (2, 5), (2, 5), (0, 6), (1, 3), (1, 4), (1, 3), (0, 7), (2, 4), (0, 5), (3, 5), (1, 6), (1, 3), (0, 5), (1, 6), (2, 4), (5, 6), (0, 7), (1, 2), (3, 5), (0, 7), (1, 2), (4, 5), (5, 6), (0, 7), (4, 5), (0, 7), (3, 4), (1, 5), (2, 6), (0, 7), (2, 5), (1, 7), (4, 5), (3, 7), (5, 6), (5, 7), (0, 8), (2, 7), (4, 6), (0, 7), (1, 2), (3, 7), (5, 7), (6, 7), (3, 8), (4, 6), (0, 8), (1, 4), (0, 8), (2, 4), (3, 4), (2, 5), (5, 7), (0, 8), (1, 2), (2, 3), (2, 5), (3, 4), (1, 7), (2, 3), (2, 5), (3, 5), (4, 5), (4, 6), (1, 8), (3, 4), (1, 5), (2, 3), (5, 6), (0, 7), (3, 4), (1, 5), (0, 8), (3, 4), (0, 7), (4, 6), (0, 8), (2, 3), (2, 4), (1, 6), (0, 7), (1, 5), (3, 5), (4, 5), (5, 6), (0, 8), (1, 2), (0, 5), (1, 7), (4, 5), (3, 6), (4, 6), (5, 6), (1, 7), (1, 5), (2, 7), (6, 7), (0, 8), (2, 3), (1, 4), (0, 5), (1, 6), (1, 3), (4, 6), (5, 6), (0, 8), (1, 3), (0, 7), (2, 4), (3, 4), (2, 5), (2, 7), (4, 5), (4, 6), (5, 6), (1, 8), (3, 4), (3, 5), (4, 7), (6, 7), (0, 8), (1, 2), (4, 5), (4, 6), (4, 7), (1, 8), (2, 3), (4, 5), (4, 7), (3, 6), (0, 8), (0, 2), (1, 4), (4, 5), (3, 6), (1, 7), (2, 4), (2, 4), (4, 6), (5, 6), (0, 8), (1, 2), (2, 4), (3, 4), (4, 5), (2, 6), (3, 4), (1, 8), (0, 3), (0, 5), (1, 4), (3, 4), (5, 6), (6, 7), (0, 8), (1, 3), (4, 5), (1, 8), (0, 4), (2, 3), (0, 5), (1, 7), (2, 4), (7, 8), (0, 9), (3, 6), (4, 5), (0, 7), (1, 3), (2, 3), (1, 8), (5, 7), (6, 7), (0, 9), (1, 2), (2, 3), (2, 5), (6, 8), (0, 9), (2, 4), (4, 5), (4, 6), (2, 8), (3, 7), (4, 6), (6, 7), (1, 8), (2, 3), (3, 6), (0, 9), (2, 9), (3, 6), (1, 8), (2, 3), (2, 4), (5, 6), (5, 7), (6, 7), (0, 9), (1, 3), (3, 7), (5, 6), (6, 7), (1, 8), (2, 5), (6, 7), (2, 9), (1, 6), (1, 7), (2, 6), (3, 5), (4, 7), (5, 6), (1, 9), (2, 3), (5, 7), (6, 7), (0, 9), (2, 8), (4, 7), (0, 9), (1, 3), (5, 6), (5, 7), (7, 8), (1, 9), (0, 2), (1, 2), (0, 4), (1, 2), (0, 6), (2, 3), (1, 4), (3, 4), (7, 8), (0, 9), (2, 3), (1, 4), (2, 3), (0, 5), (0, 9), (3, 4), (5, 6), (3, 7), (6, 7), (0, 9), (1, 7), (1, 8), (2, 3), (0, 4), (5, 6), (4, 7), (5, 8), (1, 9), (2, 3), (1, 4), (2, 3), (4, 5), (7, 8), (1, 9), (1, 4), (2, 3), (2, 4), (0, 5), (6, 8), (1, 9), (2, 4), (3, 4), (4, 5), (0, 8), (1, 2), (4, 6), (3, 6), (5, 8), (7, 8), (0, 9), (4, 6), (6, 7), (2, 9), (1, 4), (2, 3), (4, 5), (0, 5), (1, 5), (2, 4), (3, 4), (3, 5), (4, 5), (0, 6), (5, 6), (0, 9), (3, 4), (3, 7), (4, 6), (6, 7), (1, 8), (2, 5), (4, 5), (6, 7), (2, 10), (0, 5), (1, 2), (6, 7), (2, 10), (0, 7), (6, 7), (1, 8), (2, 4), (1, 5), (4, 5), (4, 6), (5, 6), (0, 8), (6, 8), (0, 10), (1, 2), (3, 5), (1, 8), (3, 5), (4, 5), (4, 6), (0, 9), (4, 5), (5, 6), (7, 8), (1, 10), (2, 3), (0, 7), (4, 6), (5, 8), (3, 10), (0, 6), (0, 8), (4, 6), (5, 6), (6, 7), (2, 8), (3, 4), (4, 7), (1, 10), (2, 3), (2, 4), (6, 7), (5, 8), (6, 8), (7, 8), (0, 9), (3, 4), (3, 6), (5, 8), (8, 9), (2, 10), (1, 4), (2, 3), (3, 7), (5, 6), (6, 7), (4, 8), (6, 8), (1, 9), (2, 3), (2, 7), (3, 8), (4, 6), (5, 6), (4, 7), (5, 7), (6, 7), (8, 9), (0, 10), (2, 4), (5, 7), (2, 8), (1, 2), (3, 4), (4, 6), (1, 8), (2, 4), (3, 4), (6, 7), (1, 10), (2, 3), (6, 8), (4, 8), (5, 6), (5, 7), (0, 9), (2, 3), (3, 6), (4, 5), (6, 7), (8, 9), (0, 10), (4, 5), (6, 8), (0, 10), (1, 5), (4, 5), (3, 10), (6, 7), (5, 7), (5, 8), (4, 9), (4, 6), (4, 7), (6, 9), (8, 9), (2, 10), (4, 5), (3, 7), (6, 7), (2, 8), (6, 7), (4, 8), (5, 6), (5, 8), (7, 8), (0, 9), (2, 3), (5, 6), (3, 7), (6, 7), (0, 10), (1, 2), (2, 5), (4, 5), (3, 6), (3, 10), (4, 7), (5, 7), (8, 10), (3, 11), (1, 3), (2, 3), (2, 5), (5, 6), (1, 7), (2, 3), (4, 11), (2, 4), (2, 4), (0, 5), (1, 3), (4, 5), (2, 6), (3, 4), (3, 5), (1, 6), (2, 3), (0, 7), (2, 3), (6, 7), (1, 8), (0, 9), (0, 10), (1, 5), (3, 4), (4, 5), (2, 6), (4, 5), (7, 10), (1, 11), (4, 8), (6, 9), (8, 10), (2, 11), (1, 2), (3, 4), (4, 6), (7, 8), (2, 11), (0, 2), (3, 4), (6, 7), (5, 8), (2, 10), (3, 4), (5, 6), (7, 8), (0, 10), (1, 4), (3, 4), (4, 5), (2, 7), (5, 7), (6, 7), (1, 8), (2, 3), (3, 5), (2, 8), (3, 4), (5, 6), (5, 10), (6, 7), (1, 11), (4, 7), (5, 7), (2, 8), (2, 6), (4, 6), (0, 9), (1, 4), (2, 10), (2, 8), (3, 9), (4, 5), (6, 10), (1, 11), (0, 1), (2, 4), (2, 6), (3, 4), (3, 6), (4, 7), (5, 8), (9, 10), (1, 11), (0, 1), (1, 6), (4, 8), (5, 7), (6, 7), (2, 9), (4, 6), (5, 6), (0, 9), (4, 5), (0, 10), (1, 2), (2, 3), (4, 5), (6, 7), (1, 10), (7, 8), (5, 10), (9, 10), (1, 11), (0, 1), (3, 4), (2, 8), (6, 8), (4, 10), (7, 8), (1, 9), (4, 5), (2, 6), (3, 4), (4, 5), (6, 9), (9, 10), (1, 11), (2, 10), (3, 4), (6, 8), (1, 11), (0, 1), (5, 6), (4, 8), (7, 9), (8, 9), (2, 10), (4, 5), (1, 6), (1, 7), (2, 5), (3, 6), (0, 8), (1, 5), (2, 6), (5, 7), (2, 9), (3, 4), (1, 5), (2, 3), (2, 4), (4, 5), (5, 6), (6, 8), (7, 8), (8, 9), (0, 10), (1, 2), (3, 4), (6, 8), (1, 9), (6, 8), (8, 9), (8, 10), (9, 10), (5, 11), (3, 7), (4, 5), (4, 6), (2, 7), (8, 12), (2, 8), (3, 4), (6, 8), (7, 10), (8, 9), (5, 11), (2, 5), (3, 5), (4, 6), (4, 7), (5, 7), (6, 7), (5, 8), (1, 10), (6, 7), (6, 9), (8, 9), (2, 12), (0, 2), (1, 2), (3, 4), (3, 5), (3, 5), (3, 7), (6, 7), (3, 9), (5, 7), (5, 8), (6, 7), (4, 11), (3, 4), (2, 12), (0, 2), (1, 2), (3, 4), (5, 7), (8, 9), (3, 11), (1, 3), (6, 7), (8, 9), (2, 12), (0, 2), (1, 2), (0, 5), (1, 2), (0, 10), (1, 2), (2, 8), (6, 12), (0, 6), (2, 3), (4, 5), (2, 6), (1, 8), (4, 8), (5, 6), (5, 7), (6, 7), (0, 9), (1, 3), (2, 7), (4, 7), (3, 8), (4, 9), (7, 8), (5, 10), (8, 9), (1, 11), (0, 1), (5, 6), (4, 7), (5, 6), (6, 7), (1, 8), (2, 3), (5, 7), (6, 7), (0, 10), (7, 9), (2, 12), (0, 2), (3, 6), (4, 5), (8, 9), (1, 10), (5, 7), (6, 7), (4, 11), (5, 6), (7, 8), (0, 9), (6, 8), (4, 10), (6, 7), (1, 9), (3, 4), (7, 12), (2, 7), (4, 5), (1, 9), (2, 4), (3, 10), (4, 7), (5, 6), (0, 8), (6, 7), (5, 8), (6, 7), (7, 8), (2, 12), (0, 2), (2, 4), (3, 4), (0, 5), (3, 4), (2, 7), (6, 7), (7, 8), (7, 9), (4, 10), (5, 7), (2, 12), (0, 2), (1, 2), (2, 3), (6, 7), (6, 8), (9, 10), (2, 11), (3, 4), (3, 5), (6, 7), (3, 8), (2, 4), (3, 4), (3, 6), (4, 9), (2, 6), (3, 5), (4, 5), (4, 6), (5, 6), (9, 10), (2, 12), (1, 2), (3, 4), (2, 5), (3, 4), (2, 5), (4, 6), (8, 9), (9, 11), (6, 12), (2, 6), (3, 6), (4, 5), (7, 8), (7, 9), (8, 9), (1, 11), (3, 5), (4, 5), (2, 10), (6, 7), (5, 9), (7, 8), (3, 9), (6, 7), (5, 8), (6, 7), (6, 8), (7, 8), (7, 9), (5, 8), (7, 8), (2, 12), (4, 6), (8, 9), (1, 10), (5, 8), (8, 9), (7, 10), (8, 10), (9, 10), (2, 12), (0, 2), (2, 3), (3, 4), (0, 5), (4, 5), (7, 8), (3, 10), (4, 5), (5, 6), (4, 7), (7, 9), (9, 10), (2, 12), (0, 2), (4, 5), (3, 5), (4, 5), (3, 6), (4, 7), (4, 8), (6, 7), (3, 9), (4, 5), (5, 7), (7, 8), (4, 9), (5, 8), (6, 7), (2, 12), (1, 2), (1, 4), (6, 10), (7, 9), (8, 9), (8, 10), (9, 10), (5, 11), (6, 10), (5, 11), (9, 10), (9, 12), (7, 9), (9, 11), (10, 12), (11, 12), (3, 13), (1, 3), (2, 7), (3, 11), (0, 3), (2, 3), (6, 8), (7, 8), (8, 10), (11, 12), (10, 11), (9, 10), (5, 10), (6, 10), (5, 13), (0, 5), (1, 2), (4, 5), (4, 6), (3, 7), (6, 7), (1, 10), (7, 8), (9, 10), (2, 12), (0, 2), (1, 4), (2, 4), (1, 5), (4, 5), (1, 6), (5, 6), (5, 7), (3, 9), (4, 5), (7, 8), (5, 10), (7, 8), (6, 9), (9, 12), (4, 9), (5, 6), (5, 7), (1, 9), (3, 6), (4, 6), (5, 7), (3, 13), (0, 3), (3, 4), (3, 5), (2, 5), (3, 5), (3, 6), (0, 8), (2, 7), (3, 5), (4, 5), (3, 6), (4, 5), (7, 8), (2, 10), (8, 9), (1, 10), (6, 7), (2, 8), (5, 7), (6, 7), (4, 8), (2, 6), (4, 5), (8, 9), (6, 10), (5, 11), (6, 8), (7, 9), (1, 10), (4, 5), (2, 6), (4, 6), (3, 6), (4, 5), (5, 6), (7, 8), (5, 9), (6, 9), (7, 8), (2, 12), (0, 2), (4, 5), (1, 6), (2, 7), (3, 6), (4, 5), (5, 6), (1, 8), (2, 4), (5, 9), (6, 7), (7, 9), (8, 9), (5, 10), (7, 8), (2, 12), (1, 2), (9, 10), (4, 11), (8, 9), (9, 10), (3, 13), (1, 3), (5, 7), (6, 7), (5, 8), (8, 9), (1, 11), (0, 1), (4, 7), (4, 10), (6, 10), (1, 11), (2, 3), (6, 7), (4, 12), (8, 9), (7, 10), (9, 10), (5, 12), (7, 9), (8, 9), (9, 10), (4, 13), (0, 4), (2, 5), (3, 5), (3, 5), (5, 6), (5, 9), (8, 9), (10, 11), (6, 10), (8, 9), (9, 10), (2, 12), (0, 2), (2, 4), (6, 7), (8, 9), (0, 10), (2, 3), (5, 6), (10, 11), (9, 10), (11, 12), (4, 13), (0, 4), (3, 4), (5, 6), (7, 8), (1, 9), (4, 6), (7, 9), (7, 10), (4, 12), (5, 6), (6, 7), (7, 9), (7, 10), (8, 10), (3, 11), (4, 6), (5, 6), (7, 8), (8, 9), (4, 10), (1, 7), (2, 4), (3, 4), (2, 5), (0, 2), (1, 2), (3, 5), (6, 7), (4, 13), (0, 4), (1, 3), (2, 3), (0, 4), (4, 5), (3, 7), (1, 7), (5, 7), (6, 7), (4, 10), (3, 5), (4, 5), (1, 6), (3, 4), (3, 6), (1, 9), (5, 13), (2, 5), (0, 5), (0, 7), (2, 3), (2, 4), (3, 5), (6, 8), (7, 8), (6, 11), (8, 10), (2, 12), (0, 2), (3, 4), (5, 8), (6, 10), (4, 7), (5, 7), (8, 11), (8, 13), (6, 8), (4, 9), (5, 8), (6, 8), (2, 10), (3, 4), (3, 5), (5, 6), (6, 7), (7, 8), (1, 11), (0, 1), (6, 7), (4, 10), (5, 6), (7, 10), (8, 10), (4, 11), (6, 7), (6, 10), (12, 13), (8, 14), (2, 8), (4, 7), (4, 6), (0, 8), (1, 2), (5, 7), (4, 9), (7, 8), (6, 9), (8, 12), (5, 8), (6, 8), (7, 8), (9, 10), (6, 14), (0, 6), (1, 2), (1, 3), (0, 4), (2, 5), (1, 6), (4, 5), (2, 6), (4, 5), (5, 6), (7, 8), (2, 11), (1, 2), (4, 5), (6, 8), (7, 8), (8, 9), (7, 10), (4, 14), (0, 4), (1, 3), (1, 3), (4, 8), (8, 9), (6, 14), (4, 6), (7, 9), (8, 10), (9, 10), (3, 12), (0, 3), (2, 3), (6, 7), (9, 10), (9, 11), (8, 9), (11, 12), (3, 13), (0, 3), (3, 4), (3, 12), (4, 5), (3, 9), (8, 9), (7, 10), (11, 12), (10, 11)]
