results/deeplll10/svpchallengedim40seed1dim15delta1.txt: 115.522 sec
b: [[-71769894, -6581314, 68132803, -187879193, 30948650, -5949124, 109664589, 63730609, 100447796, -56177534, 37075333, -37243445, 189359155, -97548252, -12],
 [-23731013, -137215367, 89395084, -147143667, -61480686, -128893462, -108498785, 59826027, -53854210, 131076119, -141985957, 104103735, 87773907, -70536521, 4],
 [-21371062, 137491634, 55520774, 208828160, 136344221, -2831389, -70377578, -61878318, 138757007, 47104470, 183264371, 12907344, -91377044, -46318991, -3],
 [-68823284, -79620148, -179979885, -2660599, -109854525, 33569041, 6394174, -230400731, -98132486, 5081540, 1708540, -163017105, -53877829, -65843042, -3],
 [-262866380, 44613463, -145124431, -64569440, 157339186, -47873314, -60727483, 83863934, 37236419, 91709596, 32942834, -57908072, -5853429, -24455204, 2],
 [-28850202, 33695234, -29960900, 23841975, 80165986, -28263939, -147466570, 169518645, 133733591, 115446408, -226363036, -66411909, 46506729, -136272481, 6],
 [-15013177, -161100569, 149674229, 175168610, 156410562, -82985330, -40471939, -3429279, -13241959, -64723755, 104193525, 116792839, 102073925, 119535848, 6],
 [-132912804, 151853445, -12440283, -88006187, -9794866, 67936541, 85198532, 18531710, 162077263, 249190525, -126822391, -10648660, 135737847, -38937005, -5],
 [-49743292, -39118708, -29531880, 198193398, 18491151, 36620318, 199060525, 156849685, -125642736, 81362283, 53311292, -10694472, 56793910, 112434739, 5],
 [-49232891, -9531392, -85959291, -193915495, -55368414, -275113166, -90184090, 73183747, 16239641, 48045693, 42178968, -128400528, -69998403, 80225517, 2],
 [37852008, 199298314, -178675012, 76677083, 34791503, -131618459, 116000401, 53386921, 206527465, 15964756, -14649124, 56902733, -49533138, 7892951, -3],
 [-135624615, 45779561, 122926877, -140897405, -206943118, -177722389, -77503191, 45298248, -151548188, -129112606, -6271639, -24413707, 32144688, 38127158, 1],
 [11998998, 92321758, 221990681, 202331285, 11901186, 5279097, -3405237, -52441989, -94503219, 143246182, -231407192, 49687342, -112740121, -166264796, 4],
 [23664123, -181163821, 190746713, -33478006, -203424555, -57506977, -69328731, -9470356, 39402800, -46388107, -103353369, 88756961, -250145243, 140163600, 9],
 [106604108, 27690871, -72742844, 130100607, 152213742, 69514981, -13953876, 56142067, -54471631, 61826932, 204440344, 6410262, 46053151, 272132295, -10]], shape=[15, 15], strides=[15, 1], layout=Cc (0x5), const ndim=2
v_norms: [123595905613622927, 17534435620698281027473060640809250/123595905613622927, 991044010392455962721162879344161231243166724757191/8767217810349140513736530320404625, 121441133785846980918415498596613917992264550479724517312132713210065/991044010392455962721162879344161231243166724757191, 4275244520939031542550798036223691458799766860948922234987963664217092551176653200571/34697466795956280262404428170461119426361300137064147803466489488590, 3196587868380041477315678598815926994795609014662041311822645588593907729733398744725471126528787519870/29926711646573220797855586253565840211598368026642455644915745649519647858236572403997, 314827345211140125831491503994981986791123589681560473115404735230977416294670633061007528698202978707224485839559410683/3196587868380041477315678598815926994795609014662041311822645588593907729733398744725471126528787519870, 27913543743609731572512095153039837772873234150370646117859165368372155784280018001707984930494080000885362079649274914082115000310735648/314827345211140125831491503994981986791123589681560473115404735230977416294670633061007528698202978707224485839559410683, 2190025118985648833769968349665599072072453116133900859914722435491448981894596905215602297525790426022075266178974252350918182626976275011943329185401237/27913543743609731572512095153039837772873234150370646117859165368372155784280018001707984930494080000885362079649274914082115000310735648, 192928879188518872048185255952279132819217045954331300589105600735783728979778064598164114829713333696647831755697987263976868430557728162527508678175035900860404640901602/2190025118985648833769968349665599072072453116133900859914722435491448981894596905215602297525790426022075266178974252350918182626976275011943329185401237, 7037158583278597429871827866582693915075173986025315860878603949037599555128361381732297552291757746920144286641381967297118471929884979336024801576752080900409183991280027104459869443577/96464439594259436024092627976139566409608522977165650294552800367891864489889032299082057414856666848323915877848993631988434215278864081263754339087517950430202320450801, 1185833464200452766505780853826676894505453699741435045652920129912309657661119908074885792372403416239209487222692558590050689854911636912291987133818568753442621405855141336166120304849475167059147981495/14074317166557194859743655733165387830150347972050631721757207898075199110256722763464595104583515493840288573282763934594236943859769958672049603153504161800818367982560054208919738887154, 68739941251541679447440153195229077923261463411441182655647975173169672254953950492453818169392035091834199210751302142610814981036784655970551729356262138494235146681693888107279845578067618561121354395383007868999677211/1185833464200452766505780853826676894505453699741435045652920129912309657661119908074885792372403416239209487222692558590050689854911636912291987133818568753442621405855141336166120304849475167059147981495, 6387062545760645583789611773061990718996396510126288147037319552788402681191629436225019508194430357100960862999283355045906763951056324998339217347269112323383780711512598005132451023945057281502580388378340155948538032419922368857829761/68739941251541679447440153195229077923261463411441182655647975173169672254953950492453818169392035091834199210751302142610814981036784655970551729356262138494235146681693888107279845578067618561121354395383007868999677211, 1984083717671826650609068492491545474568058220941746014967236068107902685534469572773757007874341231374906887799917497788436679281525975919995230620271736429153086793429180102932127637234353921652915495645689402607670627759947945034459581929/6387062545760645583789611773061990718996396510126288147037319552788402681191629436225019508194430357100960862999283355045906763951056324998339217347269112323383780711512598005132451023945057281502580388378340155948538032419922368857829761], shape=[15], strides=[1], layout=CFcf (0xf), const ndim=1
Mu { arr: [28707613176807876/123595905613622927, -37426961215715221/123595905613622927, -4340856913763146854415333134993028/8767217810349140513736530320404625, -31668521499571253/123595905613622927, -1185379685777523551205271482679797/8767217810349140513736530320404625, -417082991629527429605130767889854594217513920553416/991044010392455962721162879344161231243166724757191, 27898603775196231/123595905613622927, -149763656519624858484487731266321/17534435620698281027473060640809250, 308387698649395091242244007089910010363898111353856/991044010392455962721162879344161231243166724757191, 4565909442704131800261731100153997117015841035721321122338501527794/17348733397978140131202214085230559713180650068532073901733244744295, 15737216837725864/123595905613622927, 1431890999627313176566708238008959/3506887124139656205494612128161850, 321102675786132518463032409672788860591543608093505/991044010392455962721162879344161231243166724757191, -13355557996986774836257111713418992257722839687010580755593548567354/121441133785846980918415498596613917992264550479724517312132713210065, 1843908211505055651476414940050826105973808292424526378285638064812390371684228386027/4275244520939031542550798036223691458799766860948922234987963664217092551176653200571, -10410311139841818/123595905613622927, 97303482578280799484861122094232/1753443562069828102747306064080925, 432048442437226776653948372757663225593052995421230/991044010392455962721162879344161231243166724757191, -44701291167663382189652756730200302994223394224454807703337896483346/121441133785846980918415498596613917992264550479724517312132713210065, -688651218034222047527267501387192304419706525338243028518524178849253454380943997062/4275244520939031542550798036223691458799766860948922234987963664217092551176653200571, -1538698896821207070230687128869553728455731067981644533822773364062579376571926552186320572336329614173/3196587868380041477315678598815926994795609014662041311822645588593907729733398744725471126528787519870, 61521126915137742/123595905613622927, 1178448257013482672790036298940278/8767217810349140513736530320404625, 213034789630708916444326978486170744162886766064059/991044010392455962721162879344161231243166724757191, 9772217148926581149517258890700101473656428944225854498369977873797/121441133785846980918415498596613917992264550479724517312132713210065, 1470900673639479243116895142225406402285725187123543487137985569943769536380403154644/4275244520939031542550798036223691458799766860948922234987963664217092551176653200571, 137313705754556033564621795163078778440464077855860040582913885718838498056172273917271178447632463108/319658786838004147731567859881592699479560901466204131182264558859390772973339874472547112652878751987, -153067054258742450078078491328236557468955877317602180158214564646622582849072504632575365016314981164946921543176467520/314827345211140125831491503994981986791123589681560473115404735230977416294670633061007528698202978707224485839559410683, -18270349084945926/123595905613622927, -2056616547541278890616477480283979/8767217810349140513736530320404625, -194992865429768797721210876447851182766137839359987/991044010392455962721162879344161231243166724757191, -38420924836704033383486556378419767839753397259356047632018963751269/121441133785846980918415498596613917992264550479724517312132713210065, 974358354677442515246632716031803420335070258514509225656501525858543344174349347912/4275244520939031542550798036223691458799766860948922234987963664217092551176653200571, -16769310847997255853664830158682562749740124588550528596623995753207185362852271589418349884097759644/84120733378422144139886278916208605126200237227948455574280147068260729729826282755933450698125987365, 41079371356802061548678869811247449601071021712675346741870020625018643471645330665279186972035502386522112511169735214/104942448403713375277163834664993995597041196560520157705134911743659138764890211020335842899400992902408161946519803561, 13242267086463732139346105114298122323481749727897616417836793707617560241717967167842360646388514667375999205407039959238250317045717677/27913543743609731572512095153039837772873234150370646117859165368372155784280018001707984930494080000885362079649274914082115000310735648, 13066683485093606/123595905613622927, 2940485432403306900377037180778761/8767217810349140513736530320404625, -84974619315106749411358174670485985713071608424892/991044010392455962721162879344161231243166724757191, 23179135622410267246571880195570219937013064451442145071060444594884/121441133785846980918415498596613917992264550479724517312132713210065, 2088317312767860379804491752507700930343786171402962944646923520759106470154286197088/4275244520939031542550798036223691458799766860948922234987963664217092551176653200571, -310251742659241912986404571321478297179996798003816369695681719346823802259879341882979934778683120534/1598293934190020738657839299407963497397804507331020655911322794296953864866699372362735563264393759935, -87786497503050662184410660224177062000215803524699972220023312527589687469281820221568027505982252715747168044576135632/314827345211140125831491503994981986791123589681560473115404735230977416294670633061007528698202978707224485839559410683, -6469304486168033284922785456879062346353312729520633190395775712442712699974863956936492064058438686893149542618600271915018816185199489/13956771871804865786256047576519918886436617075185323058929582684186077892140009000853992465247040000442681039824637457041057500155367824, -254749317931493785326745242067137646014360476065402565648705261669516849530103312226116531170102335170135309289511550169878014714562854485298977458093426/2190025118985648833769968349665599072072453116133900859914722435491448981894596905215602297525790426022075266178974252350918182626976275011943329185401237, -5588159022056506/123595905613622927, -6760573649979714727161153835097251/17534435620698281027473060640809250, 255815271675317503454278672040579081523908255763711/991044010392455962721162879344161231243166724757191, -4276205080329459659056785363070138900574101677557160905168083868553/17348733397978140131202214085230559713180650068532073901733244744295, 1188936360436759041818022460029801030539740450290930333872142137758773078328349480253/4275244520939031542550798036223691458799766860948922234987963664217092551176653200571, 968710258942513489371352683908294478122474067171011804602871218519743735698058349522917902875070161553/3196587868380041477315678598815926994795609014662041311822645588593907729733398744725471126528787519870, -119663230191498048345462749973060207204998686476924894033456260116523087082607765318458617599726948267144362393615761873/314827345211140125831491503994981986791123589681560473115404735230977416294670633061007528698202978707224485839559410683, 5153183352904376783430553079403898512708709787363679376266582648789566712535057365355448178223584359968047831486336309873413387683106083/27913543743609731572512095153039837772873234150370646117859165368372155784280018001707984930494080000885362079649274914082115000310735648, -50876292394128476464127717404680500444089717324187781876582886420988876389919750166175153823111414117634523385890229716940274469873829812119774954509221/2190025118985648833769968349665599072072453116133900859914722435491448981894596905215602297525790426022075266178974252350918182626976275011943329185401237, 42091246664502674559694035792753891236375751495270221857818474399986794834669319433032403020577444066394471816718474135944173592811628661192757873010122626153490589962677/96464439594259436024092627976139566409608522977165650294552800367891864489889032299082057414856666848323915877848993631988434215278864081263754339087517950430202320450801, 28394656894484717/123595905613622927, 3617101075301733235580725838790333/8767217810349140513736530320404625, -299539137416545523652985806253478080124215672000776/991044010392455962721162879344161231243166724757191, 4487461023835279775273839607624527143800608481149917066459660030794/121441133785846980918415498596613917992264550479724517312132713210065, -16034993720059907695261917142372578572916147268219280991834363080142288507517294442/4275244520939031542550798036223691458799766860948922234987963664217092551176653200571, -273080832916562781517307851103314753227357886272042624180108992455471050358036467048127405745903443561/639317573676008295463135719763185398959121802932408262364529117718781545946679748945094225305757503974, -57196961440445265872116430312913003083659819948465547888308337958770434399081175523227350074830575697153486698045698205/314827345211140125831491503994981986791123589681560473115404735230977416294670633061007528698202978707224485839559410683, -2890670268692708539373745157821516108858907087528506167629668896319135239462976999980386577722751588643615596053797148294271211955457113/6978385935902432893128023788259959443218308537592661529464791342093038946070004500426996232623520000221340519912318728520528750077683912, -72756358851323014892175203807559720510116636738330487076319729294290181266593443032254172636482143260678638904249275655934101009736556115127637515135780/2190025118985648833769968349665599072072453116133900859914722435491448981894596905215602297525790426022075266178974252350918182626976275011943329185401237, 68533690664234117295991504203907834957582394131642827247645124889128175550353487329917734848588767952423028644639315579356586347126277850706430585504359790280086589494403/192928879188518872048185255952279132819217045954331300589105600735783728979778064598164114829713333696647831755697987263976868430557728162527508678175035900860404640901602, -2035525675701325856500598249721309587536870339808808454144857146389308939666495294280768020746011569205173426897780450905568192859486124801369358370022110223545905583807069854242557073902/7037158583278597429871827866582693915075173986025315860878603949037599555128361381732297552291757746920144286641381967297118471929884979336024801576752080900409183991280027104459869443577, -60835848318116257/123595905613622927, 3139183203605256710634348491157144/8767217810349140513736530320404625, 427017622822210278068239606284570382841728589396107/991044010392455962721162879344161231243166724757191, -210424258652694273421278537475391975784973031324489083133775268126/3469746679595628026240442817046111942636130013706414780346648948859, -1460006717843249365847570089715641144042126793674867136238864745229653244965412611470/4275244520939031542550798036223691458799766860948922234987963664217092551176653200571, 1565319153276153979593802464027091083023617118019380746143945588168110088602899784710144721218709839981/3196587868380041477315678598815926994795609014662041311822645588593907729733398744725471126528787519870, -50719674965364842490376931139288840402667471888367489592110542983571174767627913506257840339813789069679138663642938861/314827345211140125831491503994981986791123589681560473115404735230977416294670633061007528698202978707224485839559410683, 4577719098370354727861677552528453273857600219681450817200377056518208617625642781508280908671535287846852198168494588585360248940832897/13956771871804865786256047576519918886436617075185323058929582684186077892140009000853992465247040000442681039824637457041057500155367824, 809414880690907610400065840430452685890939036608177722954244810156624912293983871262575160590361564386605482259896313671045422172300679853699939407871634/2190025118985648833769968349665599072072453116133900859914722435491448981894596905215602297525790426022075266178974252350918182626976275011943329185401237, -95365888151433930571619150100657683127434167471922008731280553187884040228873191519841735751577544286755171200697301913460856046924168214691926762599570765086261050991019/192928879188518872048185255952279132819217045954331300589105600735783728979778064598164114829713333696647831755697987263976868430557728162527508678175035900860404640901602, -863978579266847884587380878840951885344585277441898968180782549482144796968012140229216979040674242770549785943269272383254866756088209635781572372855613316987657365246064256465701786886/7037158583278597429871827866582693915075173986025315860878603949037599555128361381732297552291757746920144286641381967297118471929884979336024801576752080900409183991280027104459869443577, 495027159823225267370236899664559208442103580799022644909285096276929629955674325756822474506744614260192852139598478970719054600181998679391497734285749875765523003759023428832616160730352164633928536121/1185833464200452766505780853826676894505453699741435045652920129912309657661119908074885792372403416239209487222692558590050689854911636912291987133818568753442621405855141336166120304849475167059147981495, -56993791910089993/123595905613622927, 8683426904586463381611703117462841/17534435620698281027473060640809250, -215177954292881249736673439740978599466258877897701/991044010392455962721162879344161231243166724757191, -28961591125223399656260346312592441560275184690813996913713167698616/121441133785846980918415498596613917992264550479724517312132713210065, -1740512778439717149180451858235577284072807970091825748302044910844876943176642814997/4275244520939031542550798036223691458799766860948922234987963664217092551176653200571, -830143570730914225886763591231273063033151410545528503530957958328842280584669157410222901813711384507/3196587868380041477315678598815926994795609014662041311822645588593907729733398744725471126528787519870, -10208602304096740234585837699812158675800766658295801565581725043387633689752860271507524391940386737658723292746826131/104942448403713375277163834664993995597041196560520157705134911743659138764890211020335842899400992902408161946519803561, -764720828936569170914647979736118717820455746437475300378733693498285477925357061705125980108791213035253858158379675490654543756999269/3489192967951216446564011894129979721609154268796330764732395671046519473035002250213498116311760000110670259956159364260264375038841956, -789690553454907405937985898836787215190053639158035815370824793908902923079954439727421217339768090395433958324625597912381643621683906779523783466145928/2190025118985648833769968349665599072072453116133900859914722435491448981894596905215602297525790426022075266178974252350918182626976275011943329185401237, 54299664677684725868170763228154470041687894307411146472993046927780716156586214082398367643385817465677210694815017140619532721264530615049128770412724359161044708481143/192928879188518872048185255952279132819217045954331300589105600735783728979778064598164114829713333696647831755697987263976868430557728162527508678175035900860404640901602, -1735057580858012304006943853871690654771197929164140692078652187548875960883444549539101433531664800014455064001190763560943611845429373917437026040237133086374484150103893278852780615083/7037158583278597429871827866582693915075173986025315860878603949037599555128361381732297552291757746920144286641381967297118471929884979336024801576752080900409183991280027104459869443577, 150856779148546651866994896114514824609322518160147927396522853421496330228774704880077668893861610051765188979755558738235323055417052658730745487522323079113418138262972494654024827487668037210335713651/1185833464200452766505780853826676894505453699741435045652920129912309657661119908074885792372403416239209487222692558590050689854911636912291987133818568753442621405855141336166120304849475167059147981495, 15294997652796926902741006549996264414881423674933335172701699674834342003091321383113569614981231061776943838510663717637575010969871445691073253973657992341457381397728147360027406851655714041466517323796603805160390691/68739941251541679447440153195229077923261463411441182655647975173169672254953950492453818169392035091834199210751302142610814981036784655970551729356262138494235146681693888107279845578067618561121354395383007868999677211, -50316930323907251/123595905613622927, -8183275124698640062754158646730127/17534435620698281027473060640809250, 94642184658556276573124790020311733302538848081172/991044010392455962721162879344161231243166724757191, -56434441663857493158569192990629517874143981764250129152357701339088/121441133785846980918415498596613917992264550479724517312132713210065, 938453301951238113036386249868928552026936974786080067014774309619877757117747884569/4275244520939031542550798036223691458799766860948922234987963664217092551176653200571, -134149773192452434412597233023183365652667238642067145926144820377031109385061602327188318493958897827/319658786838004147731567859881592699479560901466204131182264558859390772973339874472547112652878751987, 117635334871340288881030909919020097132967831108529493798449452124714145202405385074709033934226653787980094347437511420/314827345211140125831491503994981986791123589681560473115404735230977416294670633061007528698202978707224485839559410683, 3598663823991638360349406457989342804261507300610671299589111987371846407550142222435605627196096312989821518726500165800318257381780171/13956771871804865786256047576519918886436617075185323058929582684186077892140009000853992465247040000442681039824637457041057500155367824, 89703580705774151280540457851435656745659030228255819418212946836167744159112543983588773313258647858781073744450632084377008712405881280530209193586850/730008372995216277923322783221866357357484372044633619971574145163816327298198968405200765841930142007358422059658084116972727542325425003981109728467079, 23223316000758049623634413609010065643651057195229088401175324186136812126081551397754664920754503758113044358919777256929519197749421497847986045770366397484168396522646/96464439594259436024092627976139566409608522977165650294552800367891864489889032299082057414856666848323915877848993631988434215278864081263754339087517950430202320450801, -668818238125768358813617763224711195093228277890794281730142105677489583800485261690475089096292293290902813244164833469443770974372940123052149803125227592154590987448964392929152402715/2345719527759532476623942622194231305025057995341771953626201316345866518376120460577432517430585915640048095547127322432372823976628326445341600525584026966803061330426675701486623147859, -589433695011146259868194281601586292380462366967420696504948737482925022966584342149007011414442245233822566782573470809685906741655717267389203483632875505283238365807284437588471078502645983288567744634/1185833464200452766505780853826676894505453699741435045652920129912309657661119908074885792372403416239209487222692558590050689854911636912291987133818568753442621405855141336166120304849475167059147981495, -33000846701770653109423090501340917360436363479995509562346847837947061732408810214755523511942076314844213864936566248912702949589932471949037884808030688340249481739085863262611280507483670564579145196066251672973758939/68739941251541679447440153195229077923261463411441182655647975173169672254953950492453818169392035091834199210751302142610814981036784655970551729356262138494235146681693888107279845578067618561121354395383007868999677211, -3024148979178365583777539286160821542783692499346668154091821863308703078394391551883177613016087029561792852707571995522240590963991274712359752060041719557808278444141427032989641211478794843365051815198772360708646121625325327285263901/6387062545760645583789611773061990718996396510126288147037319552788402681191629436225019508194430357100960862999283355045906763951056324998339217347269112323383780711512598005132451023945057281502580388378340155948538032419922368857829761] }
(hist.len, cnt): (1607, 24548)
[(0, 1), (0, 1), (0, 1), (0, 1), (0, 1), (0, 1), (0, 1), (0, 1), (0, 1), (0, 1), (0, 1), (0, 1), (0, 1), (0, 1), (0, 1), (0, 1), (0, 1), (0, 1), (0, 1), (0, 1), (0, 1), (0, 1), (0, 1), (0, 1), (0, 1), (0, 1), (0, 1), (0, 1), (0, 1), (0, 1), (0, 1), (0, 1), (0, 1), (0, 1), (0, 1), (0, 1), (0, 1), (0, 1), (0, 1), (0, 1), (0, 1), (0, 1), (0, 1), (0, 1), (0, 1), (0, 1), (0, 1), (0, 1), (0, 1), (0, 1), (0, 1), (0, 1), (0, 1), (0, 1), (0, 1), (0, 1), (0, 1), (0, 1), (0, 1), (0, 1), (0, 1), (0, 1), (0, 1), (0, 1), (0, 1), (0, 1), (0, 1), (0, 1), (0, 1), (0, 1), (0, 1), (0, 1), (0, 1), (0, 1), (0, 1), (0, 1), (0, 1), (0, 1), (0, 1), (0, 1), (0, 1), (0, 1), (0, 2), (0, 2), (0, 2), (0, 2), (0, 2), (0, 2), (0, 2), (0, 2), (0, 2), (0, 2), (1, 2), (0, 2), (0, 2), (0, 2), (0, 2), (0, 2), (0, 2), (0, 2), (0, 1), (0, 2), (0, 2), (0, 1), (0, 2), (0, 2), (0, 2), (0, 2), (0, 2), (0, 2), (0, 2), (0, 1), (0, 2), (0, 2), (0, 2), (0, 2), (0, 2), (0, 2), (1, 2), (0, 2), (0, 2), (1, 2), (0, 2), (0, 2), (0, 1), (0, 2), (0, 2), (0, 2), (0, 2), (0, 2), (0, 2), (0, 2), (0, 2), (0, 2), (0, 1), (0, 2), (0, 1), (0, 2), (0, 2), (0, 2), (0, 1), (0, 2), (0, 2), (0, 2), (1, 2), (0, 2), (0, 3), (0, 3), (0, 3), (1, 2), (0, 3), (0, 3), (1, 2), (0, 3), (0, 3), (0, 3), (0, 3), (0, 3), (1, 2), (0, 3), (0, 1), (0, 3), (1, 2), (0, 3), (0, 3), (0, 3), (1, 2), (0, 3), (0, 3), (1, 2), (0, 3), (1, 3), (0, 3), (1, 2), (0, 3), (1, 3), (0, 3), (0, 3), (0, 3), (2, 3), (0, 3), (0, 2), (1, 2), (0, 3), (1, 2), (0, 3), (1, 3), (0, 3), (1, 2), (0, 3), (0, 3), (1, 2), (0, 3), (1, 2), (0, 3), (1, 3), (0, 3), (0, 3), (1, 2), (1, 3), (0, 3), (0, 2), (0, 3), (1, 3), (0, 3), (0, 2), (1, 2), (0, 4), (2, 3), (0, 4), (0, 2), (0, 4), (1, 4), (2, 3), (0, 4), (1, 3), (0, 4), (2, 3), (0, 4), (0, 4), (0, 4), (1, 2), (2, 3), (0, 4), (0, 2), (2, 3), (1, 4), (1, 4), (0, 4), (1, 2), (2, 3), (0, 4), (1, 3), (0, 4), (1, 4), (0, 4), (0, 4), (0, 3), (1, 2), (0, 4), (1, 3), (1, 3), (0, 4), (1, 3), (0, 4), (0, 3), (1, 3), (0, 4), (1, 3), (0, 4), (1, 2), (2, 3), (0, 4), (1, 2), (1, 4), (2, 3), (0, 4), (0, 3), (0, 4), (1, 3), (0, 4), (1, 2), (1, 3), (0, 4), (0, 2), (0, 3), (1, 2), (0, 4), (2, 3), (0, 4), (0, 3), (0, 4), (1, 3), (0, 4), (0, 2), (0, 3), (0, 4), (0, 5), (2, 4), (1, 5), (0, 5), (1, 2), (2, 3), (0, 4), (1, 2), (1, 3), (3, 4), (0, 5), (1, 2), (1, 4), (2, 3), (0, 5), (1, 2), (0, 5), (1, 5), (2, 3), (2, 4), (3, 4), (0, 5), (1, 2), (0, 4), (3, 4), (0, 5), (1, 2), (0, 5), (0, 5), (2, 4), (3, 4), (0, 5), (0, 3), (0, 4), (2, 3), (0, 5), (1, 2), (2, 3), (0, 5), (2, 3), (0, 4), (2, 3), (0, 4), (2, 3), (0, 5), (1, 3), (2, 3), (2, 5), (1, 4), (2, 3), (0, 5), (2, 3), (1, 4), (1, 3), (3, 4), (0, 5), (1, 5), (2, 3), (2, 4), (3, 4), (1, 5), (1, 3), (0, 5), (0, 3), (2, 3), (0, 5), (0, 4), (1, 4), (0, 5), (0, 5), (0, 6), (0, 4), (2, 3), (0, 6), (1, 2), (4, 5), (0, 6), (2, 3), (2, 4), (1, 6), (2, 3), (4, 5), (1, 6), (3, 5), (4, 5), (0, 6), (2, 4), (2, 5), (0, 6), (2, 4), (0, 5), (2, 3), (3, 6), (4, 5), (0, 6), (1, 3), (1, 6), (1, 5), (2, 3), (4, 5), (0, 6), (4, 5), (1, 6), (3, 4), (0, 6), (2, 4), (1, 5), (1, 3), (0, 5), (1, 5), (0, 6), (2, 5), (4, 5), (0, 6), (1, 2), (2, 3), (0, 5), (3, 4), (0, 6), (1, 2), (3, 4), (0, 5), (0, 3), (3, 4), (0, 5), (3, 5), (4, 5), (0, 6), (1, 4), (1, 6), (2, 3), (2, 4), (3, 4), (3, 5), (0, 6), (3, 4), (2, 5), (0, 6), (1, 3), (1, 6), (2, 4), (0, 5), (0, 3), (0, 5), (0, 5), (1, 2), (2, 4), (1, 6), (2, 3), (2, 4), (3, 4), (0, 6), (2, 4), (3, 4), (1, 6), (3, 4), (1, 5), (1, 6), (2, 3), (3, 4), (1, 6), (3, 4), (4, 5), (0, 7), (3, 4), (0, 5), (4, 5), (0, 7), (1, 2), (2, 3), (0, 5), (2, 3), (1, 5), (3, 4), (3, 7), (0, 7), (0, 1), (3, 5), (3, 5), (0, 6), (1, 2), (5, 6), (0, 7), (0, 5), (3, 5), (3, 6), (0, 7), (4, 5), (0, 6), (2, 3), (0, 5), (2, 3), (5, 6), (1, 7), (0, 5), (1, 2), (0, 7), (2, 3), (0, 6), (1, 2), (3, 5), (0, 7), (1, 2), (0, 4), (2, 3), (2, 4), (3, 4), (0, 6), (1, 2), (3, 4), (2, 5), (5, 6), (0, 7), (3, 4), (4, 5), (0, 6), (4, 5), (0, 7), (1, 2), (4, 6), (1, 7), (0, 3), (3, 4), (0, 6), (1, 2), (1, 3), (3, 4), (0, 5), (1, 3), (2, 5), (3, 4), (0, 7), (1, 2), (0, 4), (3, 4), (2, 6), (4, 5), (3, 6), (2, 7), (3, 4), (4, 6), (0, 7), (1, 2), (2, 3), (1, 5), (2, 3), (3, 4), (4, 5), (3, 6), (4, 5), (4, 6), (2, 7), (1, 4), (3, 4), (1, 5), (4, 5), (0, 7), (3, 4), (5, 7), (0, 8), (0, 3), (4, 5), (3, 6), (5, 7), (6, 7), (2, 8), (5, 6), (0, 7), (5, 7), (0, 8), (2, 3), (4, 6), (6, 7), (3, 8), (2, 3), (1, 2), (2, 6), (3, 7), (4, 5), (1, 8), (3, 4), (4, 6), (5, 6), (4, 7), (1, 8), (2, 3), (5, 6), (4, 6), (0, 8), (2, 4), (0, 5), (1, 2), (3, 4), (0, 6), (0, 7), (1, 3), (2, 3), (4, 5), (0, 6), (2, 8), (1, 5), (6, 7), (0, 8), (3, 4), (2, 6), (3, 4), (6, 7), (0, 8), (1, 2), (4, 5), (3, 7), (4, 5), (0, 7), (5, 6), (0, 8), (1, 2), (2, 3), (3, 4), (6, 7), (1, 8), (2, 3), (2, 5), (3, 4), (0, 6), (4, 6), (5, 6), (0, 7), (1, 3), (3, 4), (3, 5), (0, 8), (2, 3), (2, 4), (3, 5), (2, 7), (3, 5), (5, 6), (0, 7), (2, 4), (5, 7), (0, 8), (2, 3), (0, 5), (3, 4), (2, 6), (4, 5), (0, 8), (1, 3), (2, 3), (0, 4), (3, 4), (3, 6), (4, 5), (0, 8), (1, 2), (2, 4), (1, 8), (2, 3), (4, 6), (0, 7), (1, 2), (0, 4), (0, 5), (3, 4), (5, 6), (4, 7), (5, 7), (0, 8), (3, 4), (4, 5), (2, 6), (0, 7), (1, 2), (3, 4), (6, 7), (1, 8), (2, 3), (0, 4), (0, 6), (1, 2), (2, 3), (1, 7), (2, 3), (4, 5), (4, 6), (0, 9), (2, 3), (3, 4), (4, 5), (1, 7), (4, 5), (6, 7), (2, 9), (4, 5), (0, 6), (2, 4), (3, 4), (2, 7), (3, 4), (3, 5), (5, 6), (0, 8), (1, 3), (2, 3), (3, 4), (2, 5), (5, 6), (2, 7), (4, 5), (1, 8), (1, 5), (2, 4), (1, 6), (0, 9), (3, 4), (4, 7), (0, 8), (0, 4), (1, 8), (6, 8), (7, 8), (0, 9), (1, 2), (2, 3), (2, 4), (5, 8), (5, 7), (6, 7), (0, 9), (1, 4), (3, 5), (0, 6), (5, 6), (1, 7), (2, 4), (1, 9), (2, 3), (1, 6), (2, 3), (0, 7), (1, 3), (2, 4), (3, 4), (1, 6), (6, 7), (1, 9), (4, 5), (2, 6), (0, 2), (1, 2), (2, 3), (4, 5), (5, 6), (4, 6), (5, 6), (0, 7), (2, 5), (1, 6), (2, 4), (4, 5), (3, 6), (5, 8), (7, 8), (0, 9), (1, 3), (3, 4), (3, 5), (0, 7), (1, 2), (5, 6), (0, 7), (4, 5), (2, 6), (3, 4), (4, 5), (5, 6), (6, 7), (0, 9), (2, 5), (5, 6), (0, 7), (0, 6), (2, 3), (4, 5), (0, 9), (2, 3), (3, 4), (5, 6), (0, 9), (1, 2), (3, 4), (5, 8), (3, 8), (4, 6), (5, 6), (0, 9), (5, 6), (5, 7), (1, 8), (4, 5), (5, 7), (2, 8), (1, 4), (4, 5), (6, 8), (1, 9), (3, 4), (4, 5), (3, 5), (4, 5), (6, 8), (3, 9), (1, 5), (2, 3), (2, 5), (3, 4), (3, 5), (4, 5), (2, 6), (3, 5), (4, 5), (4, 6), (5, 6), (7, 8), (0, 10), (3, 4), (2, 9), (0, 6), (4, 6), (4, 9), (5, 6), (0, 10), (1, 4), (3, 5), (4, 5), (2, 7), (3, 4), (5, 6), (0, 8), (1, 2), (0, 10), (0, 3), (2, 3), (4, 5), (5, 7), (7, 8), (7, 9), (8, 9), (0, 10), (2, 3), (1, 5), (2, 3), (1, 8), (3, 5), (4, 5), (4, 6), (5, 6), (1, 10), (4, 6), (5, 6), (3, 7), (4, 6), (5, 6), (4, 7), (5, 8), (7, 8), (0, 10), (3, 4), (2, 5), (3, 4), (7, 8), (0, 9), (1, 3), (5, 6), (0, 7), (5, 7), (6, 7), (8, 9), (2, 10), (3, 5), (4, 5), (4, 6), (5, 7), (3, 8), (4, 5), (4, 6), (0, 9), (1, 2), (4, 5), (4, 7), (0, 8), (1, 2), (0, 6), (6, 7), (0, 9), (6, 7), (4, 8), (2, 4), (3, 4), (3, 7), (1, 10), (4, 5), (1, 6), (5, 8), (6, 7), (5, 9), (3, 7), (1, 8), (0, 10), (1, 3), (0, 6), (2, 3), (4, 5), (5, 7), (5, 9), (6, 7), (8, 9), (0, 10), (3, 7), (6, 8), (0, 9), (1, 4), (5, 10), (6, 7), (2, 8), (3, 5), (7, 8), (0, 9), (3, 4), (2, 5), (3, 5), (4, 5), (5, 7), (7, 8), (4, 9), (1, 6), (2, 5), (3, 6), (0, 10), (1, 2), (2, 3), (3, 5), (4, 7), (6, 7), (0, 9), (4, 5), (4, 7), (3, 6), (4, 8), (5, 7), (6, 7), (1, 8), (5, 9), (6, 9), (8, 9), (6, 10), (7, 8), (8, 10), (9, 10), (1, 11), (3, 6), (3, 7), (4, 5), (2, 6), (3, 4), (5, 6), (2, 8), (8, 9), (8, 10), (1, 11), (0, 1), (3, 5), (4, 5), (1, 6), (4, 6), (4, 7), (5, 6), (1, 7), (1, 8), (7, 8), (3, 9), (5, 7), (6, 7), (5, 9), (8, 10), (6, 10), (2, 8), (3, 4), (3, 5), (5, 7), (6, 7), (7, 8), (1, 11), (0, 1), (2, 4), (2, 5), (0, 6), (1, 2), (5, 6), (3, 7), (0, 8), (4, 7), (5, 7), (1, 9), (6, 8), (7, 8), (9, 10), (3, 11), (2, 3), (5, 6), (0, 7), (2, 6), (3, 4), (7, 9), (3, 10), (5, 6), (6, 7), (3, 8), (6, 8), (1, 11), (0, 1), (3, 6), (4, 5), (3, 6), (7, 8), (3, 9), (3, 5), (6, 7), (2, 8), (1, 10), (4, 5), (3, 6), (5, 6), (2, 7), (3, 7), (4, 6), (4, 7), (5, 6), (4, 7), (1, 11), (0, 1), (0, 5), (1, 6), (3, 4), (4, 5), (2, 6), (0, 10), (1, 11), (0, 1), (1, 2), (0, 6), (2, 3), (6, 7), (8, 10), (9, 10), (6, 11), (3, 6), (0, 3), (6, 10), (7, 8), (1, 11), (3, 4), (5, 6), (2, 8), (6, 8), (0, 9), (3, 6), (4, 6), (3, 9), (4, 5), (4, 6), (7, 9), (3, 10), (5, 6), (6, 7), (4, 8), (8, 10), (3, 11), (2, 3), (1, 5), (1, 6), (2, 3), (0, 7), (4, 5), (5, 6), (6, 7), (0, 9), (4, 10), (3, 7), (4, 5), (7, 8), (8, 9), (1, 11), (0, 1), (1, 3), (3, 4), (2, 5), (6, 7), (0, 8), (1, 4), (4, 6), (5, 6), (2, 8), (3, 7), (8, 9), (0, 10), (2, 5), (4, 5), (3, 6), (2, 7), (3, 8), (4, 7), (5, 8), (6, 8), (2, 10), (3, 4), (1, 5), (2, 3), (2, 4), (0, 6), (8, 10), (1, 11), (0, 1), (1, 3), (2, 3), (4, 5), (1, 6), (5, 8), (6, 8), (7, 8), (9, 10), (1, 11), (0, 1), (3, 4), (3, 7), (7, 8), (2, 10), (7, 10), (9, 10), (1, 11), (0, 1), (1, 2), (2, 3), (3, 4), (5, 6), (5, 7), (2, 8), (6, 7), (0, 9), (8, 9), (2, 12), (0, 2), (3, 4), (2, 7), (6, 7), (6, 9), (8, 10), (2, 11), (4, 8), (5, 8), (3, 10), (6, 7), (8, 9), (4, 11), (5, 6), (4, 8), (7, 8), (8, 10), (8, 10), (2, 12), (1, 2), (3, 5), (4, 6), (6, 7), (4, 8), (4, 7), (4, 9), (3, 6), (4, 5), (6, 7), (7, 8), (1, 10), (2, 5), (3, 6), (2, 7), (3, 4), (3, 5), (4, 6), (5, 6), (2, 7), (3, 5), (4, 5), (6, 8), (7, 10), (8, 9), (1, 11), (0, 1), (0, 4), (1, 3), (3, 4), (4, 6), (8, 9), (5, 10), (6, 7), (4, 9), (5, 6), (6, 10), (8, 9), (7, 12), (1, 7), (2, 3), (3, 6), (5, 6), (5, 7), (6, 8), (7, 9), (8, 10), (4, 11), (5, 12), (2, 5), (0, 5), (1, 4), (2, 4), (3, 4), (4, 5), (3, 8), (4, 5), (4, 6), (4, 6), (2, 9), (5, 6), (7, 10), (5, 11), (3, 5), (4, 5), (5, 7), (4, 8), (5, 6), (6, 8), (5, 9), (7, 8), (7, 9), (8, 9), (1, 10), (5, 7), (6, 7), (2, 12), (0, 2), (1, 2), (3, 4), (3, 6), (3, 7), (4, 5), (5, 6), (4, 8), (6, 7), (9, 10), (2, 12), (0, 2), (2, 4), (4, 5), (6, 7), (2, 12), (0, 2), (2, 4), (3, 5), (4, 5), (7, 10), (9, 10), (4, 11), (2, 4), (3, 6), (4, 6), (7, 8), (8, 9), (7, 11), (2, 12), (1, 2), (4, 6), (5, 7), (6, 7), (3, 11), (5, 6), (9, 10), (7, 10), (8, 9), (9, 10), (4, 12), (3, 4), (2, 3), (1, 2), (4, 5), (6, 9), (7, 9), (1, 10), (7, 10), (7, 10), (9, 11), (10, 11), (2, 12), (1, 2), (3, 4), (5, 6), (3, 7), (2, 8), (3, 4), (2, 9), (3, 5), (4, 5), (2, 12), (1, 2), (2, 3), (3, 4), (5, 7), (6, 7), (1, 10), (2, 5), (4, 5), (6, 7), (6, 8), (7, 8), (4, 9), (8, 9), (2, 11), (4, 5), (5, 6), (7, 8), (2, 12), (0, 2), (1, 2), (4, 5), (3, 6), (5, 6), (4, 7), (7, 8), (8, 9), (7, 10), (8, 10), (2, 11), (6, 8), (1, 9), (6, 7), (7, 8), (7, 10), (8, 9), (1, 11), (0, 1), (1, 2), (6, 12), (1, 9), (4, 5), (6, 8), (7, 8), (4, 10), (5, 8), (6, 7), (9, 11), (2, 12), (0, 2), (1, 3), (3, 4), (4, 5), (4, 8), (5, 8), (6, 7), (3, 9), (5, 7), (6, 7), (3, 10), (4, 5), (1, 6), (3, 4), (5, 6), (9, 11), (8, 9), (2, 12), (1, 2), (2, 3), (3, 4), (3, 7), (11, 12), (3, 13), (2, 3), (3, 4), (2, 10), (5, 6), (7, 12), (4, 7), (5, 6), (7, 10), (6, 13), (5, 6), (4, 8), (5, 6), (5, 8), (4, 12), (6, 13), (2, 6), (4, 5), (0, 6), (4, 5), (4, 6), (6, 7), (7, 8), (7, 9), (9, 10), (4, 12), (0, 4), (5, 9), (6, 7), (6, 12), (5, 6), (7, 13), (2, 7), (3, 5), (4, 5), (0, 6), (2, 3), (3, 6), (4, 6), (5, 6), (2, 7), (4, 5), (3, 7), (5, 6), (5, 7), (6, 7), (8, 9), (4, 10), (5, 8), (7, 8), (9, 10), (1, 11), (0, 1), (2, 3), (7, 8), (1, 11), (6, 9), (10, 11), (2, 12), (1, 2), (2, 3), (3, 7), (5, 7), (6, 7), (1, 10), (6, 8), (7, 8), (4, 10), (5, 7), (7, 8), (8, 9), (6, 12), (4, 6), (5, 6), (4, 9), (11, 12), (10, 11), (3, 13), (0, 3), (0, 3), (3, 4), (5, 10), (8, 9), (8, 10), (9, 10), (5, 11), (8, 10), (9, 10), (2, 12), (0, 2), (1, 2), (2, 3), (3, 4), (5, 6), (5, 7), (6, 7), (5, 8), (9, 10), (5, 11), (4, 5), (6, 7), (4, 8), (5, 6), (1, 9), (4, 6), (5, 6), (7, 8), (4, 9), (8, 9), (10, 11), (8, 13), (2, 8), (5, 7), (6, 7), (3, 8), (6, 7), (8, 9), (4, 10), (5, 6), (6, 7), (7, 8), (11, 12), (10, 11), (9, 10), (3, 13), (0, 3), (4, 6), (4, 8), (7, 8), (0, 10), (4, 6), (5, 6), (3, 7), (4, 5), (6, 7), (5, 8), (3, 10), (2, 12), (0, 2), (2, 3), (4, 6), (5, 6), (5, 7), (6, 7), (6, 8), (5, 10), (2, 11), (5, 7), (5, 8), (5, 10), (9, 10), (4, 11), (5, 6), (3, 7), (4, 5), (4, 6), (9, 10), (9, 11), (3, 9), (6, 9), (7, 9), (7, 9), (4, 13), (5, 6), (6, 9), (8, 9), (3, 13), (1, 3), (2, 3), (5, 9), (6, 7), (6, 8), (4, 11), (6, 7), (6, 9), (7, 9), (6, 12), (2, 6), (4, 5), (3, 6), (7, 9), (7, 9), (7, 10), (4, 13), (0, 4), (1, 2), (0, 3), (1, 2), (1, 3), (0, 6), (1, 5), (6, 10), (1, 11), (0, 1), (0, 3), (2, 4), (0, 5), (1, 2), (4, 6), (5, 8), (6, 8), (7, 11), (12, 13), (6, 12), (3, 6), (9, 10), (5, 14), (0, 5), (1, 4), (2, 4), (3, 4), (3, 5), (4, 5), (3, 8), (4, 6), (7, 8), (0, 9), (2, 3), (1, 4), (2, 3), (5, 6), (6, 7), (5, 11), (7, 8), (3, 10), (4, 13), (0, 4), (2, 3), (1, 4), (1, 5), (3, 8), (7, 9), (8, 9), (4, 11), (5, 9), (6, 10), (7, 8), (10, 13), (0, 10), (3, 6), (4, 5), (5, 6), (6, 8), (4, 9), (5, 8), (6, 7), (7, 8), (8, 9), (8, 12)]
