results/deeplll10/svpchallengedim40seed2dim15delta0.98999995.txt: 141.629 sec
b: [[60770191, -29241192, -15859902, -38461579, 5502267, -11194852, -10880577, -33126342, 49316809, 18418515, 46064323, 41090246, 31948056, -1418710, -270291],
 [6300455, -25280054, 53394937, 26560848, -15919946, -12956626, -73148842, -758744, 38757191, -10880990, 37377007, 46029038, -8558761, -20036045, -4320122],
 [10710216, -13685507, -5246612, -18152584, 14134083, -45022404, 32697185, 14816392, 18436128, 33084595, -16035363, -8122023, 73476563, 64154986, -47248052],
 [-6492670, 42806572, 698614, 55920647, 29703986, -29997826, -13421816, 4985392, 45080859, -32133765, -17723728, -56969767, 16054083, 6766373, -44589535],
 [32654238, -10895184, -17535136, -5247536, -8012321, -69368372, -41050449, 2506689, -32489635, -23282185, 41164737, 13759663, -5573690, 29412303, -57997094],
 [9987415, -41806172, -15230777, 1198482, -11452768, -6029635, -33867631, 12774090, 57815392, 25096879, -16415921, -11712591, -32963298, -80530708, 53290066],
 [-7022364, -38008969, -24122514, -3970562, 19352850, 106392102, 24619337, -983326, -19737664, -35852214, -39428366, 20044114, 4292582, -17328277, 15801892],
 [56309247, -3229465, 23478771, -6473427, -40987151, -34776933, -51243022, 19323437, -33410641, 42627961, -20051876, 20178418, 8030470, -12489591, 67664015],
 [37508802, 17446651, 24709950, 14382458, -33446417, 26651581, 65991441, -39676168, -19799319, 36163141, -37814394, 7227520, -10181959, -40563075, 1649899],
 [23512571, 12309564, -31389802, -6057725, -50972133, -2877362, -62837181, 45105196, 24449917, -7860587, 25005228, 35984091, -6019885, 58307353, -36191007],
 [-17893513, 37503155, 8622481, -27272668, 2515487, 19891787, -52726605, 67705622, -14728559, -63053856, -15278419, -9548489, -6630698, -44560517, -34839677],
 [15735509, 34903686, 33584486, 56616811, 72202970, 24379112, 45590276, 20850165, 5952863, -41898611, -15960592, -6079813, -47317228, -21175971, 68356326],
 [18684914, -55960387, -20474017, 55693011, -28782891, 13321733, 21227886, 26005976, 6554307, 57331998, 70782527, 31707914, -7852667, -67579326, 54692773],
 [1042304, -5072284, 86291140, -19186888, 46354441, 28701976, -58760776, 38917813, -54526563, -45597905, 8903975, -34428661, -36331161, 41165536, -48739133],
 [-30218143, 28395609, -26730570, 30595227, -15507779, 41748435, -18783117, -40949809, -61882977, 45498505, -30352390, 36364300, -82210534, 16108139, -47200124]], shape=[15, 15], strides=[15, 1], layout=Cc (0x5), const ndim=2
v_norms: [15254717709979744, 211376757523597365041772162430511/15254717709979744, 2899052442590465205843547817459875770764362077461/211376757523597365041772162430511, 34805398996138494696441665962217241756563315890393353143822133228/2899052442590465205843547817459875770764362077461, 12099761369793176595695483853909042674330470415387539149945088942614308057282963/966816638781624852678935165617145604348980996955370920661725923, 128991532416778886807789550008458640815661500456406701893936037352730303160933726139117004598765/12099761369793176595695483853909042674330470415387539149945088942614308057282963, 1297292073769633577382308290791183774162191937946765412295059568464321738544820042950479731212514316016462823097/128991532416778886807789550008458640815661500456406701893936037352730303160933726139117004598765, 12445924257492959819768299212714182570006641851928858163392547919521565743307939298297781663718005267380294000082051630273941874/1297292073769633577382308290791183774162191937946765412295059568464321738544820042950479731212514316016462823097, 555871789914375210742715967921767719182737034973799999480696800103730211911649722099204753781365526902180420159743083713821670081993650863301048/56006659158718319188957346457213821565029888333679861735266465637847045844885726842340017486731023703211323000369232336232738433, 1336488953907118900879915177645446039453820207704472676237476348362448611435241398146543122967514235581606625083540002313021367233136050074889059058073607227731/138967947478593802685678991980441929795684258743449999870174200025932552977912430524801188445341381725545105039935770928455417520498412715825262, 408374098073374165178703199110146036599230406768163651611296231797507660107608107744484446215521867118756562795031879633007332763341578305739717704358141646129101072881225190207/42767646525027804828157285684654273262522246646543125639599243147598355565927724740689379934960455538611412002673280074016683751460353602396449889858355431287392, 4092626765832147312963470341639612217636662179367982652638278521549677063571464682994016182473284114190756050971142507142365574502325194806404714111871703752003352245838011891420472852602984235/408374098073374165178703199110146036599230406768163651611296231797507660107608107744484446215521867118756562795031879633007332763341578305739717704358141646129101072881225190207, 47260330588588116062561426168385189878586230692195549050985659192832373997933302979071685491484702221613948069979645752011085135153396376667546053194886914716171522999250757479520456362949091845169713276942242/4092626765832147312963470341639612217636662179367982652638278521549677063571464682994016182473284114190756050971142507142365574502325194806404714111871703752003352245838011891420472852602984235, 433459721810514452990889068420043909062824940230953440670644320429592456948247137416395706834515176537439758706732396178844631095557832287517916434460595774811761313415446889368573150993655706107006479884705623425520694100201/47260330588588116062561426168385189878586230692195549050985659192832373997933302979071685491484702221613948069979645752011085135153396376667546053194886914716171522999250757479520456362949091845169713276942242, 3468287585974050604774439085108554766681095904449490782532408558820799971446912200169098884155278262402657048060314007695099477058350627510176872515581723540506379642904992102434614917531819511246695382788173343454302248117102540610188816001/433459721810514452990889068420043909062824940230953440670644320429592456948247137416395706834515176537439758706732396178844631095557832287517916434460595774811761313415446889368573150993655706107006479884705623425520694100201], shape=[15], strides=[1], layout=CFcf (0xf), const ndim=1
Mu { arr: [5212393460751273/15254717709979744, 2141507273505495/7627358854989872, -94362811877956166082434298361054/211376757523597365041772162430511, -1084649638070455/3813679427494936, 22997748809730312347905004918236/211376757523597365041772162430511, 1238202391148230326910831261196279957046351614391/2899052442590465205843547817459875770764362077461, 77460559518589/287824862452448, 44314723631433066177335317153687/211376757523597365041772162430511, 974788343531773539701796524286809480157101157193/2899052442590465205843547817459875770764362077461, 185972005816107469879987411048062975083322184052918623632825355/2900449916344874558036805496851436813046942990866112761985177769, 1548738337918033/7627358854989872, 68471417338308590671442556290094/211376757523597365041772162430511, -1435015673877587971080228739647629871704490470542/2899052442590465205843547817459875770764362077461, 560927201461487678380261813556490702917868973636759529137774021/5800899832689749116073610993702873626093885981732225523970355538, -4995310599836015122433100549730693740176292070269547389634356570026222873666721/12099761369793176595695483853909042674330470415387539149945088942614308057282963, -2568800153539231/15254717709979744, -57504458179503244637686116638057/211376757523597365041772162430511, -1409370066829259072101857111062006036850666367558/2899052442590465205843547817459875770764362077461, -1535913986031586465665874888161334142551719758420588691796687829/5800899832689749116073610993702873626093885981732225523970355538, -5137405372600600847198194775582596702386645615269949722027223109736244713157386/12099761369793176595695483853909042674330470415387539149945088942614308057282963, -33933357523130854030817248050470036996830135928211059299915906429910104508904150813046005756023/128991532416778886807789550008458640815661500456406701893936037352730303160933726139117004598765, 1386544597671439/7627358854989872, 56704329319383595882556891417394/211376757523597365041772162430511, -282512614718386086182498980388694196350411785185/2899052442590465205843547817459875770764362077461, -2863926730501707400780795875434196519558339414692353319221522003/5800899832689749116073610993702873626093885981732225523970355538, 871746714603617629712026447109213501245083643300877544647338210811316716276624/12099761369793176595695483853909042674330470415387539149945088942614308057282963, 61563772378202283833423650202318412673295421806032428803124403528689673165222411847131289819189/128991532416778886807789550008458640815661500456406701893936037352730303160933726139117004598765, -510856795686470545539015985515979255894514392557125128783173308747466483747335350728842864267202538679248982766/1297292073769633577382308290791183774162191937946765412295059568464321738544820042950479731212514316016462823097, -1085377778077105/15254717709979744, -62410738620903396707453015578375/211376757523597365041772162430511, -824694743519819155067910234716181326626710448673/2899052442590465205843547817459875770764362077461, -5961978919156747724847180284927299441576067427415626597404229445/34805398996138494696441665962217241756563315890393353143822133228, -12058769481705030972446648700411181235187622543470552303600237535200389616825223/36299284109379529787086451561727128022991411246162617449835266827842924171848889, -16659185376481017571103366805749694410203765610147077990668820485977797378039267227912020024597/154789838900134664169347460010150368978793800547688042272723244823276363793120471366940405518518, -819045196338678555205571657823473801444976161017827581464453216773511215850368168305330291592713428194729296015/3891876221308900732146924872373551322486575813840296236885178705392965215634460128851439193637542948049388469291, 9321679175084325221241663430272458452310269043943743967127981889749135830421220151126120739028397750631442344582918202198784865/37337772772478879459304897638142547710019925555786574490177643758564697229923817894893344991154015802140882000246154890821825622, 4167222805801695/15254717709979744, 70946555476991730993927232682057/211376757523597365041772162430511, 801712429322864422849330494946000888298556551391/2899052442590465205843547817459875770764362077461, -496128502774055785239228213292376245528034714166341493383374117/11601799665379498232147221987405747252187771963464451047940711076, 5741063208259462713859618003061499779102133884075957131245393815327815855322763/12099761369793176595695483853909042674330470415387539149945088942614308057282963, -12559219803293672464727059095903549425319140970559634538891734167716576204421425420266252454219/257983064833557773615579100016917281631323000912813403787872074705460606321867452278234009197530, 161295925206307548149943555739920038999104069627594051601541308869759138455739282938663251261853973283507849688/1297292073769633577382308290791183774162191937946765412295059568464321738544820042950479731212514316016462823097, 738055702759764912211482590566813462812795952434733155530687429507479081876881494628798755301721849115381893337543459329074557/6222962128746479909884149606357091285003320925964429081696273959760782871653969649148890831859002633690147000041025815136970937, -46696228362665591368130978280364683779515608536223298372001778100101863518569099280291336839830137516686805051352291690295083379145495271561919/138967947478593802685678991980441929795684258743449999870174200025932552977912430524801188445341381725545105039935770928455417520498412715825262, -784110717996335/1906839713747468, 69120358618914814404308118300376/211376757523597365041772162430511, -377716651356677898127807017198206978253191520585/2899052442590465205843547817459875770764362077461, 7347180602107066536623709738729568742490270876039866837320394207/34805398996138494696441665962217241756563315890393353143822133228, 8825889227868548729862243193152411189985719065244521644684243650236647227832991/36299284109379529787086451561727128022991411246162617449835266827842924171848889, 29257285307363528443260324008707776926426860441424647958929186658036014974980104071234384645359/773949194500673320846737300050751844893969002738440211363616224116381818965602356834702027592590, 1521970451848641792152988076879906217963735308918639310926627493239278578246946279754985613838769183385901107682/3891876221308900732146924872373551322486575813840296236885178705392965215634460128851439193637542948049388469291, 1300858672252008703451062075493537241674888865987070199310404230270856475873427525757462277728081121738364086639619660594651157/18668886386239439729652448819071273855009962777893287245088821879282348614961908947446672495577007901070441000123077445410912811, -341171310844684834263354170821590762366066681327719038192889131521696152510334556903713470585718263325664429904780784652475598072586862611999079/1111743579828750421485431935843535438365474069947599998961393600207460423823299444198409507562731053804360840319486167427643340163987301726602096, 558366171073237733772604501220353033644193080045483010724666982542867029805976857658462134071002957034909381435073078463620090928433673003502442381155246939631/2672977907814237801759830355290892078907640415408945352474952696724897222870482796293086245935028471163213250167080004626042734466272100149778118116147214455462, -3400134345547243/7627358854989872, 5575885752754649312535931884070/211376757523597365041772162430511, -1427681737763028629979759223053445601876315104290/2899052442590465205843547817459875770764362077461, 13599128064119892970622960132526786752914377859371500951494949717/34805398996138494696441665962217241756563315890393353143822133228, -15661649619710123508805849682214448783991895573220961173257346652381233205126821/36299284109379529787086451561727128022991411246162617449835266827842924171848889, -161707981684667389031779907627181651037234931848336209032931226177335527384310987422331992468173/773949194500673320846737300050751844893969002738440211363616224116381818965602356834702027592590, -80826206483324602224747700101223883354414107922319173543878339606443642402560685300272441926826431717610870099/3891876221308900732146924872373551322486575813840296236885178705392965215634460128851439193637542948049388469291, 4558820930983256705335582924629166804107507114455669960002957647696075739188087235251149877980924682721696319560632762773901305/18668886386239439729652448819071273855009962777893287245088821879282348614961908947446672495577007901070441000123077445410912811, -3616708638782074405984834827598032630133207627850120016708331807496486522821383152784226474043490448021597386951206420485689274046037728133839/69483973739296901342839495990220964897842129371724999935087100012966276488956215262400594222670690862772552519967885464227708760249206357912631, -185639632332789138419325010858838812389737978605990403255888739665724609048233735061408730348230775760782894837919719717291498487946991766818587427211316247247/445496317969039633626638392548482013151273402568157558745825449454149537145080466048847707655838078527202208361180000771007122411045350024963019686024535742577, -68968642510963413521806026742370074725481508502920101430074053180330799888003360643342436584087202136348716016684413402306843880257361754424936549240263320706494879126865759880/408374098073374165178703199110146036599230406768163651611296231797507660107608107744484446215521867118756562795031879633007332763341578305739717704358141646129101072881225190207, 5327406490976979/15254717709979744, 56922808964271905083657257376565/211376757523597365041772162430511, -1387963502061419964576453833075769901516399220440/2899052442590465205843547817459875770764362077461, -13169437015888187543846926172822881860567219871915303812637818503/34805398996138494696441665962217241756563315890393353143822133228, -9408016056061348708803002242997547840655906232383860490566316043686686246502925/36299284109379529787086451561727128022991411246162617449835266827842924171848889, 379454325515566880609910280090304366714918915793305258912554115563236010335502324008876258433657/773949194500673320846737300050751844893969002738440211363616224116381818965602356834702027592590, -463451493163068638084446631502568120541368020591721779610437053651927190720140699019504807275316440676264167764/3891876221308900732146924872373551322486575813840296236885178705392965215634460128851439193637542948049388469291, -2207846235900519855435954723456773139197610221493616363363266504083857198596337942511043791561954274497416949350810733674605575/18668886386239439729652448819071273855009962777893287245088821879282348614961908947446672495577007901070441000123077445410912811, 276096474706532577118250217521744693739457381338359347234213031562443088040151011356001414864251070819851339199041632954571821019236359962431267/1111743579828750421485431935843535438365474069947599998961393600207460423823299444198409507562731053804360840319486167427643340163987301726602096, -10121929605180882067759662536177226069123508362856474948233907106684952958007008506819996748563903362216262698576172082682731288268217736049156204835846386689/890992635938079267253276785096964026302546805136315117491650898908299074290160932097695415311676157054404416722360001542014244822090700049926039372049071485154, -181359365904342618844344156948573213688875059575932486931753033222243164726690276178767448351988337675801427787230500741858324862301442573820841169193080572573623789619792347707/408374098073374165178703199110146036599230406768163651611296231797507660107608107744484446215521867118756562795031879633007332763341578305739717704358141646129101072881225190207, 1040347614007167761291662424697346186145694971214853875765949769467700945969968641679362516795915411669734530958100958839029327839218589181508913528288651950074198982711893599785430144875682151/4092626765832147312963470341639612217636662179367982652638278521549677063571464682994016182473284114190756050971142507142365574502325194806404714111871703752003352245838011891420472852602984235, -6874450404120731/15254717709979744, 100195832165887081910996993348787/211376757523597365041772162430511, 582130733398559630149817460753709346231505991479/2899052442590465205843547817459875770764362077461, -2622856857731892425157503567768108638227187169059922176830522829/34805398996138494696441665962217241756563315890393353143822133228, 15648474106340983438284626786667777282626163655726590086381272666652617666201634/36299284109379529787086451561727128022991411246162617449835266827842924171848889, -373142761353615016712722946657404059407190490594750913880137420745240375158161949092456124405839/773949194500673320846737300050751844893969002738440211363616224116381818965602356834702027592590, 1293846585411008031949998698860842323670422478397891734669574164030253361432202847173664329130305443386216625653/3891876221308900732146924872373551322486575813840296236885178705392965215634460128851439193637542948049388469291, 1326462885039854576098814387276495485747702432456104778683477153983552425962561066630328655287394768267304757156018195249182032/18668886386239439729652448819071273855009962777893287245088821879282348614961908947446672495577007901070441000123077445410912811, -172742485160106050596529152127444166258789804696322017942287040815926425004303913978337630824040802378718288442565686193509660379486008256303837/555871789914375210742715967921767719182737034973799999480696800103730211911649722099204753781365526902180420159743083713821670081993650863301048, -376052884461885443977440087018538052201574026794967309009926595314497104013041475064280581204213170754097187422545632442332103034328392831524540763426876835436/1336488953907118900879915177645446039453820207704472676237476348362448611435241398146543122967514235581606625083540002313021367233136050074889059058073607227731, 178602652535251136079924756276414163967418318971232254375308992286347525528287402590291307619998901044272066577635709332710627329888494072868643015142252722704496951157865966642/408374098073374165178703199110146036599230406768163651611296231797507660107608107744484446215521867118756562795031879633007332763341578305739717704358141646129101072881225190207, 835173000501522201388885472326528466957685255756546438245014511241837816980353791085076645145223711810210214406620472594793566128322090763367067424731861979312716568554209393110786485964471138/4092626765832147312963470341639612217636662179367982652638278521549677063571464682994016182473284114190756050971142507142365574502325194806404714111871703752003352245838011891420472852602984235, -17349638615940722550646601652980022386544102095476577226366772896431331479175572460584056766932527862786086098169141022719766362306967311443740245812671316057869334666631889966860558542627377250811078311009699/47260330588588116062561426168385189878586230692195549050985659192832373997933302979071685491484702221613948069979645752011085135153396376667546053194886914716171522999250757479520456362949091845169713276942242, -3582824668437979/7627358854989872, 370551761585267073843554142290/19216068865781578640161105675501, -959049322512934250083412043445227384644386491330/2899052442590465205843547817459875770764362077461, -2596094311884313582999161705323227069242717128021916728116897894/8701349749034623674110416490554310439140828972598338285955533307, 12785200823105318889756369059039628982544393630824332886731572927036674229461709/36299284109379529787086451561727128022991411246162617449835266827842924171848889, -115562012190901683342174924512445258217924578757545092061080693097160920787450354769231961779813/386974597250336660423368650025375922446984501369220105681808112058190909482801178417351013796295, 100465793242087774202583409065383855320059706564478273014662258963998239783455887654017226173332028782525101587/3891876221308900732146924872373551322486575813840296236885178705392965215634460128851439193637542948049388469291, -3201478151572612593553647780003600232291487169962324180067779977271668763692433029479366090749292987800335850735612079222100195/18668886386239439729652448819071273855009962777893287245088821879282348614961908947446672495577007901070441000123077445410912811, 537318015749323975565245674460152824428322154548186409433160781728912166635971611982865178960234185137463196869846163157375459723818217757940523/1111743579828750421485431935843535438365474069947599998961393600207460423823299444198409507562731053804360840319486167427643340163987301726602096, 183244302802721163640858708481588798150895086232009338271252064776671084860585420352767857327010113350926939694140920748552010094660855508690140747336677510257/381853986830605400251404336470127439843948630772706478924993242389271031838640399470440892276432638737601892881011429232291819209467442878539731159449602065066, -13548770818727183892169612779175670001703447546083483958974828952920111179918433816531248398347662768781543735572521983617734985631827194054130136599436818035558197219054337783/31413392159490320398361784546934310507633108212935665508561248599808281546739085211114188170424759009135120215002452279462102520257044485056901361873703203548392390221632706939, -1252057328318249336566006398133321129113410211438840427164242431643388349322031674409401278325262949463641810959475463525269309029731443267575827871096093254749215096283682570835350876118042296/4092626765832147312963470341639612217636662179367982652638278521549677063571464682994016182473284114190756050971142507142365574502325194806404714111871703752003352245838011891420472852602984235, -11976704813775416312472870357754537193408499409798221659291867020276592683217732853714664573346203252694975019859822361002914863665493614129958070695490038843740028654769683289579516933511475474541867264241957/47260330588588116062561426168385189878586230692195549050985659192832373997933302979071685491484702221613948069979645752011085135153396376667546053194886914716171522999250757479520456362949091845169713276942242, 31692839849649537832984696717197861030150879222094101906594851536760050720529164751400187224895676485221143274502518562042713438899761531871308716403922512103995471433838861701867082186816567290122621503838300996477551662287/433459721810514452990889068420043909062824940230953440670644320429592456948247137416395706834515176537439758706732396178844631095557832287517916434460595774811761313415446889368573150993655706107006479884705623425520694100201] }
(hist.len, cnt): (1839, 30791)
[(0, 1), (0, 1), (0, 1), (0, 1), (0, 1), (0, 1), (0, 1), (0, 1), (0, 1), (0, 1), (0, 1), (0, 1), (0, 1), (0, 1), (0, 1), (0, 1), (0, 1), (0, 1), (0, 1), (0, 1), (0, 1), (0, 1), (0, 1), (0, 1), (0, 1), (0, 1), (0, 1), (0, 1), (0, 1), (0, 1), (0, 1), (0, 1), (0, 1), (0, 1), (0, 1), (0, 1), (0, 1), (0, 1), (0, 1), (0, 1), (0, 1), (0, 1), (0, 1), (0, 1), (0, 1), (0, 1), (0, 1), (0, 1), (0, 1), (0, 1), (0, 1), (0, 1), (0, 1), (0, 1), (0, 1), (0, 1), (0, 1), (0, 1), (0, 1), (0, 1), (0, 1), (0, 1), (0, 1), (0, 1), (0, 1), (0, 1), (0, 1), (0, 1), (0, 1), (0, 1), (0, 1), (0, 1), (0, 1), (0, 1), (0, 1), (0, 1), (0, 2), (0, 2), (0, 2), (0, 1), (0, 2), (0, 2), (1, 2), (0, 2), (0, 2), (0, 2), (0, 2), (0, 2), (0, 2), (0, 2), (1, 2), (1, 2), (0, 2), (0, 2), (0, 2), (0, 2), (0, 2), (0, 1), (0, 2), (0, 2), (0, 2), (0, 2), (0, 2), (0, 2), (0, 2), (0, 1), (0, 1), (0, 2), (0, 2), (0, 2), (0, 2), (0, 1), (0, 2), (0, 2), (0, 2), (0, 2), (0, 2), (0, 2), (0, 2), (0, 2), (1, 2), (0, 2), (0, 2), (0, 2), (0, 2), (0, 2), (0, 1), (0, 2), (0, 2), (1, 2), (0, 3), (0, 2), (1, 2), (0, 3), (0, 2), (0, 3), (0, 3), (0, 3), (1, 3), (0, 3), (1, 3), (0, 3), (0, 3), (1, 3), (0, 3), (0, 2), (0, 3), (0, 3), (0, 3), (1, 3), (0, 3), (1, 2), (0, 3), (1, 2), (1, 3), (0, 2), (0, 3), (0, 3), (1, 2), (0, 3), (0, 2), (1, 2), (0, 3), (0, 1), (1, 3), (0, 3), (1, 2), (0, 2), (0, 3), (0, 3), (0, 3), (0, 3), (0, 3), (1, 3), (0, 3), (0, 3), (1, 2), (0, 3), (1, 3), (0, 3), (0, 3), (0, 3), (0, 1), (1, 3), (0, 3), (1, 2), (0, 3), (0, 3), (1, 2), (0, 3), (1, 2), (1, 3), (0, 3), (1, 2), (1, 4), (0, 4), (0, 2), (0, 4), (0, 3), (1, 4), (0, 4), (1, 4), (2, 3), (1, 4), (1, 4), (0, 4), (0, 3), (1, 4), (0, 4), (0, 2), (1, 2), (2, 3), (0, 4), (1, 4), (1, 4), (1, 4), (1, 4), (2, 3), (1, 4), (0, 3), (1, 3), (0, 4), (1, 2), (1, 3), (1, 4), (0, 3), (0, 4), (1, 3), (0, 4), (0, 3), (1, 2), (0, 4), (1, 2), (0, 4), (0, 4), (0, 2), (0, 4), (1, 4), (1, 3), (0, 4), (1, 3), (1, 3), (0, 4), (1, 4), (1, 3), (0, 4), (0, 4), (1, 2), (1, 4), (0, 4), (0, 4), (0, 2), (0, 4), (1, 2), (0, 4), (2, 3), (0, 4), (1, 2), (1, 3), (0, 4), (1, 2), (0, 4), (1, 2), (2, 3), (1, 3), (2, 3), (0, 4), (0, 2), (1, 4), (0, 5), (1, 3), (0, 5), (1, 2), (1, 5), (2, 3), (0, 5), (0, 2), (0, 5), (1, 4), (0, 5), (1, 2), (2, 3), (0, 4), (0, 5), (1, 2), (0, 3), (3, 4), (0, 5), (1, 3), (0, 4), (1, 3), (0, 4), (1, 2), (3, 4), (0, 5), (2, 3), (1, 3), (2, 3), (2, 4), (0, 5), (2, 3), (3, 4), (0, 5), (2, 3), (0, 4), (2, 4), (1, 5), (0, 5), (1, 3), (1, 3), (0, 4), (2, 4), (3, 4), (1, 5), (2, 5), (0, 5), (0, 5), (1, 3), (2, 5), (0, 5), (1, 2), (0, 4), (0, 2), (0, 5), (1, 3), (1, 3), (1, 4), (0, 5), (2, 4), (0, 5), (1, 3), (2, 3), (3, 4), (0, 5), (1, 2), (1, 3), (1, 4), (2, 4), (0, 5), (0, 4), (1, 2), (0, 5), (1, 5), (1, 5), (0, 5), (1, 2), (0, 4), (1, 2), (2, 5), (0, 6), (2, 3), (3, 4), (2, 6), (3, 5), (0, 6), (2, 4), (1, 5), (3, 5), (4, 5), (2, 6), (1, 5), (1, 3), (0, 6), (2, 3), (0, 6), (3, 5), (1, 6), (2, 3), (1, 5), (3, 4), (2, 6), (3, 4), (0, 6), (3, 4), (0, 6), (2, 3), (2, 4), (0, 6), (0, 2), (1, 5), (0, 6), (1, 2), (1, 4), (3, 5), (0, 6), (2, 3), (1, 4), (2, 5), (0, 6), (2, 3), (0, 6), (1, 3), (2, 3), (0, 6), (2, 3), (2, 6), (2, 5), (0, 6), (1, 2), (2, 3), (0, 4), (1, 2), (1, 5), (2, 3), (0, 5), (1, 6), (0, 4), (2, 3), (0, 6), (0, 6), (2, 3), (2, 4), (0, 5), (0, 6), (2, 3), (2, 6), (2, 5), (0, 6), (0, 5), (1, 6), (2, 5), (1, 6), (4, 6), (0, 7), (1, 2), (3, 5), (1, 6), (4, 6), (0, 7), (4, 5), (0, 6), (1, 4), (3, 4), (5, 6), (0, 7), (3, 5), (0, 6), (4, 5), (0, 6), (1, 6), (3, 4), (1, 5), (1, 6), (5, 6), (0, 7), (1, 2), (2, 3), (3, 5), (3, 5), (0, 6), (1, 2), (1, 3), (3, 5), (1, 6), (4, 5), (3, 6), (1, 7), (1, 3), (3, 4), (0, 6), (1, 3), (0, 5), (2, 4), (2, 4), (4, 5), (0, 6), (3, 4), (5, 6), (4, 7), (2, 4), (4, 5), (2, 6), (2, 7), (2, 4), (3, 4), (2, 5), (1, 7), (0, 3), (1, 3), (2, 3), (0, 6), (1, 2), (3, 4), (2, 6), (3, 4), (0, 7), (2, 3), (1, 6), (0, 7), (4, 5), (0, 7), (3, 4), (1, 7), (2, 4), (2, 6), (3, 5), (4, 5), (0, 7), (2, 3), (4, 5), (1, 6), (4, 5), (5, 6), (0, 7), (3, 4), (0, 6), (1, 2), (3, 5), (0, 7), (1, 3), (0, 5), (2, 3), (5, 6), (0, 7), (0, 3), (5, 6), (1, 7), (4, 5), (1, 8), (1, 3), (1, 5), (2, 4), (3, 4), (2, 7), (6, 7), (0, 8), (1, 4), (0, 8), (1, 2), (1, 3), (4, 5), (4, 7), (0, 8), (2, 4), (4, 5), (3, 6), (5, 6), (0, 7), (2, 4), (1, 5), (2, 3), (4, 6), (2, 7), (1, 5), (1, 7), (1, 5), (2, 6), (3, 4), (2, 6), (3, 6), (5, 6), (1, 8), (1, 3), (2, 4), (5, 7), (6, 7), (1, 8), (3, 4), (1, 6), (2, 3), (0, 8), (1, 3), (0, 4), (0, 5), (2, 3), (5, 7), (0, 8), (3, 4), (1, 8), (2, 3), (3, 6), (2, 6), (4, 5), (0, 7), (3, 4), (2, 5), (5, 6), (1, 7), (3, 4), (5, 7), (0, 8), (1, 4), (0, 7), (4, 6), (0, 7), (2, 3), (3, 6), (4, 7), (5, 7), (6, 7), (2, 8), (3, 4), (3, 5), (4, 5), (1, 6), (4, 6), (5, 6), (2, 6), (4, 5), (4, 6), (5, 6), (0, 7), (2, 3), (4, 5), (3, 6), (4, 5), (3, 6), (4, 5), (4, 6), (0, 7), (1, 2), (2, 3), (0, 5), (1, 2), (2, 3), (5, 6), (1, 8), (2, 3), (2, 6), (3, 5), (4, 5), (3, 6), (4, 6), (4, 7), (0, 8), (2, 3), (2, 5), (0, 8), (2, 4), (3, 4), (2, 5), (0, 6), (4, 5), (1, 8), (3, 5), (0, 7), (0, 5), (0, 8), (1, 2), (4, 5), (3, 5), (4, 5), (3, 6), (0, 8), (1, 4), (2, 3), (1, 5), (4, 6), (0, 7), (2, 4), (2, 4), (4, 5), (5, 6), (0, 8), (1, 5), (4, 5), (3, 6), (1, 5), (3, 8), (4, 7), (1, 8), (4, 6), (6, 7), (0, 9), (4, 5), (1, 9), (3, 4), (5, 8), (7, 8), (0, 9), (1, 8), (3, 4), (0, 9), (3, 4), (2, 7), (5, 7), (0, 9), (2, 4), (4, 7), (2, 9), (1, 5), (6, 7), (0, 9), (2, 4), (3, 4), (3, 6), (4, 6), (6, 7), (5, 7), (6, 7), (1, 9), (0, 4), (1, 2), (0, 3), (1, 2), (1, 3), (3, 5), (4, 7), (0, 8), (1, 2), (0, 3), (0, 8), (0, 9), (2, 5), (3, 6), (0, 8), (2, 4), (0, 5), (4, 5), (5, 7), (1, 8), (4, 6), (4, 7), (6, 7), (0, 9), (2, 5), (2, 6), (3, 4), (3, 5), (2, 7), (1, 8), (3, 5), (4, 5), (0, 9), (1, 2), (1, 3), (2, 3), (2, 4), (5, 6), (0, 7), (0, 4), (4, 5), (4, 7), (5, 6), (0, 9), (1, 4), (1, 5), (3, 6), (4, 8), (5, 8), (0, 9), (2, 3), (1, 4), (1, 6), (3, 5), (6, 7), (1, 8), (2, 4), (5, 6), (6, 7), (1, 9), (3, 4), (0, 8), (5, 6), (0, 9), (1, 2), (2, 3), (2, 6), (5, 6), (1, 8), (2, 4), (4, 5), (0, 9), (3, 7), (6, 7), (0, 8), (2, 4), (2, 5), (3, 5), (4, 5), (6, 7), (2, 10), (2, 4), (5, 6), (7, 8), (0, 9), (1, 2), (5, 7), (6, 7), (7, 8), (8, 9), (0, 10), (2, 4), (5, 6), (1, 7), (2, 4), (3, 5), (0, 9), (3, 4), (5, 7), (3, 10), (4, 5), (4, 6), (5, 6), (5, 7), (6, 7), (2, 9), (6, 7), (6, 8), (4, 9), (6, 8), (7, 8), (1, 10), (2, 3), (2, 4), (5, 7), (7, 8), (1, 9), (2, 3), (4, 6), (5, 6), (2, 9), (5, 6), (4, 9), (6, 7), (0, 10), (0, 3), (6, 7), (6, 8), (4, 9), (7, 8), (4, 9), (5, 6), (0, 10), (1, 4), (5, 7), (6, 7), (1, 10), (6, 8), (5, 9), (2, 10), (3, 5), (3, 6), (4, 5), (3, 8), (2, 4), (3, 4), (2, 7), (3, 4), (1, 6), (2, 3), (1, 9), (7, 9), (2, 10), (4, 5), (0, 6), (2, 3), (2, 8), (0, 9), (3, 6), (4, 5), (3, 6), (6, 7), (0, 10), (1, 2), (0, 4), (5, 8), (5, 9), (7, 8), (0, 10), (1, 2), (0, 3), (4, 6), (2, 9), (3, 4), (0, 6), (2, 7), (8, 9), (0, 10), (1, 2), (1, 3), (3, 4), (4, 5), (5, 6), (4, 7), (5, 7), (6, 7), (1, 8), (2, 3), (5, 6), (7, 8), (0, 10), (1, 2), (2, 5), (4, 5), (6, 7), (2, 8), (1, 5), (2, 3), (3, 4), (4, 9), (3, 10), (0, 4), (1, 4), (2, 4), (3, 5), (4, 6), (4, 7), (5, 7), (6, 7), (0, 8), (2, 3), (0, 6), (2, 3), (2, 5), (3, 4), (5, 6), (2, 7), (3, 4), (3, 6), (4, 5), (7, 8), (2, 10), (3, 4), (0, 5), (2, 10), (1, 4), (2, 3), (5, 6), (1, 11), (0, 1), (3, 5), (4, 5), (1, 6), (3, 4), (6, 7), (2, 8), (9, 10), (1, 11), (0, 1), (0, 2), (3, 4), (9, 10), (5, 11), (7, 8), (4, 9), (6, 11), (3, 6), (0, 6), (2, 3), (7, 8), (4, 9), (6, 7), (4, 8), (1, 6), (2, 3), (3, 4), (4, 5), (5, 6), (3, 7), (2, 8), (3, 4), (0, 10), (1, 2), (3, 4), (2, 5), (3, 4), (4, 5), (0, 6), (1, 3), (2, 3), (0, 7), (2, 5), (3, 5), (1, 11), (0, 1), (2, 5), (0, 6), (3, 8), (4, 5), (3, 10), (7, 8), (8, 9), (2, 10), (5, 7), (6, 9), (5, 7), (6, 7), (5, 10), (6, 9), (7, 8), (1, 11), (0, 1), (3, 5), (7, 9), (9, 10), (1, 11), (0, 1), (2, 4), (5, 6), (4, 10), (5, 6), (1, 11), (0, 1), (3, 4), (4, 5), (5, 6), (7, 8), (1, 11), (0, 1), (2, 3), (2, 6), (2, 7), (6, 7), (6, 8), (7, 10), (1, 11), (0, 1), (1, 2), (3, 4), (1, 7), (2, 3), (3, 7), (7, 8), (7, 9), (9, 10), (1, 11), (4, 6), (1, 9), (2, 3), (4, 6), (7, 8), (6, 9), (7, 9), (2, 11), (4, 5), (6, 7), (2, 8), (7, 8), (5, 9), (3, 7), (4, 6), (5, 6), (7, 8), (1, 11), (0, 1), (1, 2), (0, 3), (4, 7), (6, 8), (7, 9), (4, 10), (2, 4), (3, 6), (5, 6), (4, 8), (5, 6), (6, 7), (0, 10), (2, 4), (4, 5), (3, 7), (4, 5), (7, 8), (2, 9), (0, 5), (6, 9), (1, 11), (1, 5), (4, 5), (1, 6), (2, 4), (3, 4), (4, 6), (5, 6), (2, 8), (3, 4), (4, 9), (0, 6), (1, 5), (2, 4), (3, 4), (2, 5), (4, 5), (3, 6), (4, 5), (6, 7), (0, 9), (2, 4), (3, 4), (2, 5), (3, 4), (2, 8), (3, 6), (4, 6), (5, 6), (3, 7), (5, 6), (4, 8), (5, 6), (2, 9), (3, 6), (4, 6), (7, 10), (4, 8), (2, 12), (0, 2), (1, 3), (2, 3), (2, 5), (3, 4), (4, 5), (6, 7), (7, 9), (0, 10), (1, 4), (6, 7), (5, 10), (7, 9), (8, 10), (1, 11), (0, 1), (1, 3), (1, 4), (5, 6), (7, 9), (4, 12), (3, 4), (6, 7), (9, 10), (5, 11), (3, 7), (4, 6), (2, 8), (7, 8), (9, 10), (3, 13), (0, 3), (2, 4), (3, 7), (6, 7), (6, 8), (0, 9), (4, 11), (8, 9), (9, 10), (2, 12), (0, 2), (3, 6), (4, 5), (4, 6), (6, 7), (5, 10), (4, 6), (5, 6), (4, 12), (3, 4), (2, 7), (3, 4), (6, 7), (8, 9), (8, 10), (9, 11), (2, 12), (1, 2), (5, 7), (6, 7), (4, 8), (5, 6), (7, 8), (5, 9), (3, 10), (6, 7), (2, 12), (0, 2), (7, 8), (6, 9), (7, 9), (2, 10), (4, 5), (5, 9), (2, 12), (1, 2), (5, 6), (8, 10), (2, 11), (1, 2), (5, 6), (5, 8), (5, 8), (8, 9), (8, 10), (3, 8), (4, 5), (7, 8), (4, 10), (5, 7), (6, 7), (6, 8), (7, 10), (8, 10), (4, 12), (1, 4), (2, 4), (3, 4), (1, 8), (4, 6), (5, 6), (6, 9), (8, 9), (5, 12), (2, 5), (0, 5), (4, 5), (4, 6), (7, 9), (9, 10), (8, 10), (9, 10), (1, 11), (0, 1), (1, 2), (2, 3), (3, 4), (1, 4), (2, 4), (3, 4), (1, 5), (2, 4), (3, 4), (4, 5), (4, 9), (5, 6), (0, 10), (3, 6), (4, 5), (5, 6), (3, 7), (4, 7), (5, 6), (8, 10), (9, 10), (8, 11), (9, 11), (8, 9), (3, 12), (2, 3), (3, 7), (2, 8), (3, 5), (4, 5), (6, 8), (7, 8), (6, 9), (2, 12), (0, 2), (2, 3), (2, 6), (6, 8), (0, 9), (1, 2), (1, 3), (4, 5), (6, 7), (6, 9), (8, 9), (9, 11), (10, 11), (7, 12), (6, 7), (4, 9), (7, 8), (1, 11), (0, 1), (3, 5), (4, 5), (6, 9), (8, 9), (6, 10), (3, 12), (4, 9), (5, 9), (6, 7), (6, 8), (7, 8), (6, 9), (2, 10), (6, 8), (7, 8), (3, 11), (7, 8), (8, 9), (4, 11), (7, 8), (8, 9), (6, 10), (2, 12), (0, 2), (1, 2), (3, 5), (6, 7), (7, 8), (6, 9), (7, 9), (0, 10), (5, 6), (2, 11), (3, 4), (4, 5), (2, 6), (4, 9), (6, 7), (8, 9), (10, 11), (5, 12), (4, 5), (1, 7), (3, 4), (2, 5), (3, 4), (3, 6), (4, 5), (0, 8), (1, 2), (2, 3), (1, 10), (3, 4), (3, 7), (4, 5), (4, 6), (5, 6), (2, 9), (4, 6), (5, 6), (7, 9), (0, 10), (4, 8), (9, 10), (4, 11), (7, 10), (9, 10), (7, 11), (8, 9), (5, 13), (0, 5), (3, 5), (1, 6), (2, 4), (3, 4), (5, 7), (5, 8), (6, 8), (7, 9), (3, 13), (0, 3), (1, 2), (1, 3), (3, 4), (1, 5), (6, 7), (3, 9), (6, 7), (4, 8), (5, 8), (6, 7), (6, 8), (3, 10), (4, 5), (6, 7), (7, 8), (5, 9), (6, 8), (7, 11), (3, 7), (2, 7), (3, 4), (4, 7), (5, 7), (5, 10), (6, 7), (6, 12), (2, 6), (0, 5), (1, 2), (2, 4), (3, 4), (0, 6), (3, 4), (7, 8), (2, 9), (6, 7), (3, 9), (4, 9), (6, 8), (7, 8), (8, 9), (10, 12), (3, 13), (0, 3), (3, 4), (3, 5), (5, 6), (2, 8), (3, 5), (4, 5), (6, 7), (7, 9), (8, 9), (2, 10), (10, 11), (8, 10), (5, 12), (3, 5), (6, 7), (8, 9), (9, 10), (9, 11), (8, 9), (5, 13), (2, 5), (3, 4), (0, 5), (1, 4), (2, 4), (2, 6), (1, 9), (4, 7), (6, 7), (1, 10), (2, 4), (9, 10), (1, 11), (2, 3), (3, 4), (4, 5), (6, 10), (7, 10), (8, 10), (9, 10), (7, 11), (6, 7), (8, 9), (1, 11), (2, 4), (3, 4), (2, 12), (0, 2), (1, 5), (3, 5), (3, 6), (4, 5), (5, 6), (4, 7), (5, 6), (8, 9), (4, 13), (1, 4), (3, 4), (5, 6), (6, 7), (7, 8), (5, 9), (7, 8), (6, 9), (1, 11), (0, 1), (2, 3), (2, 12), (0, 2), (1, 4), (2, 5), (3, 4), (6, 7), (6, 8), (1, 9), (4, 7), (2, 8), (3, 4), (4, 5), (4, 6), (5, 7), (5, 8), (7, 9), (8, 9), (2, 8), (3, 9), (4, 9), (5, 6), (6, 7), (7, 8), (1, 11), (3, 5), (2, 6), (4, 6), (4, 6), (2, 7), (5, 8), (6, 8), (7, 8), (4, 9), (5, 6), (7, 10), (4, 12), (1, 4), (3, 4), (2, 5), (4, 5), (3, 7), (4, 7), (5, 8), (6, 8), (11, 12), (9, 11), (4, 13), (1, 4), (2, 4), (2, 4), (7, 8), (2, 10), (3, 4), (4, 5), (4, 11), (5, 6), (9, 12), (5, 9), (6, 7), (5, 9), (6, 7), (3, 10), (6, 8), (7, 8), (8, 9), (3, 13), (0, 3), (1, 2), (1, 3), (2, 4), (5, 7), (6, 8), (8, 9), (3, 10), (4, 8), (5, 10), (6, 9), (9, 11), (2, 9), (3, 8), (1, 9), (5, 10), (9, 10), (5, 11), (6, 9), (7, 9), (8, 9), (5, 13), (1, 5), (2, 5), (4, 5), (5, 7), (4, 8), (5, 6), (8, 9), (0, 10), (1, 5), (2, 3), (3, 4), (5, 7), (7, 9), (8, 9), (2, 10), (3, 4), (5, 8), (7, 9), (2, 12), (0, 2), (3, 5), (4, 5), (4, 7), (5, 8), (6, 7), (6, 8), (0, 9), (1, 3), (3, 8), (8, 9), (0, 10), (6, 7), (9, 10), (5, 11), (4, 5), (6, 7), (3, 13), (0, 3), (1, 4), (3, 5), (4, 5), (6, 10), (9, 10), (11, 12), (4, 11), (5, 7), (6, 8), (5, 9), (8, 10), (6, 13), (1, 6), (3, 4), (3, 5), (4, 9), (6, 8), (7, 8), (9, 10), (3, 13), (0, 3), (6, 7), (5, 8), (6, 7), (2, 9), (6, 9), (4, 14), (0, 4), (1, 2), (2, 4), (3, 5), (4, 7), (7, 8), (2, 10), (3, 5), (7, 8), (2, 11), (3, 4), (3, 5), (5, 6), (7, 8), (2, 12), (0, 2), (2, 3), (2, 4), (6, 7), (7, 10), (5, 9), (7, 8), (7, 9), (6, 10), (7, 13), (8, 9), (5, 14), (0, 5), (1, 3), (1, 3), (3, 4), (6, 7), (7, 8), (8, 9), (8, 10), (9, 10), (4, 14), (0, 4), (2, 3), (2, 4), (5, 6), (8, 11), (9, 10), (7, 13), (1, 7), (4, 6), (5, 6), (3, 8), (4, 5), (4, 9), (5, 7), (6, 7), (5, 8), (7, 8), (7, 9), (8, 9), (2, 10), (5, 11), (7, 12), (8, 9), (6, 13), (1, 6), (3, 6), (5, 6), (4, 10), (6, 7), (3, 11), (6, 7), (6, 11), (7, 9), (2, 12), (4, 7), (4, 9), (5, 6), (5, 7), (5, 10), (8, 9), (7, 10), (9, 10), (4, 14), (0, 4), (4, 6), (1, 7), (6, 7), (8, 9), (10, 13), (4, 10), (5, 6), (7, 8), (8, 9), (9, 14), (1, 9), (5, 7), (3, 8), (6, 8), (3, 9), (7, 9), (8, 9), (2, 12), (0, 2), (4, 6), (5, 6), (6, 8), (6, 11), (4, 7), (5, 7), (9, 10), (10, 12), (2, 10), (3, 4), (4, 5), (5, 6), (7, 13), (2, 7), (3, 4), (3, 5), (5, 7), (6, 7), (5, 8), (8, 9), (9, 10), (8, 11), (5, 9), (6, 9), (8, 9), (6, 14), (3, 6), (0, 6), (1, 7), (3, 5), (9, 10), (7, 10), (8, 10), (9, 10), (3, 11), (2, 3), (6, 7), (6, 12), (5, 14), (0, 5), (3, 5), (5, 6), (6, 7), (6, 8), (7, 8), (3, 9), (4, 5), (4, 8), (7, 8), (10, 11), (9, 10), (2, 12), (0, 2), (1, 2), (4, 7), (5, 7), (3, 8), (4, 5), (6, 7), (3, 8), (7, 9), (8, 9), (11, 12), (5, 14), (0, 5), (4, 6), (5, 6), (5, 9), (6, 7), (2, 8), (5, 6), (7, 10), (8, 9), (10, 12), (8, 10), (4, 14), (0, 4), (3, 4), (10, 11), (9, 12), (4, 14), (1, 4), (3, 4), (3, 6), (8, 9), (8, 10), (9, 10), (7, 11), (4, 7), (5, 6), (8, 9), (4, 14), (1, 4), (7, 8), (4, 9), (6, 7), (10, 11), (5, 13), (4, 5), (7, 8), (9, 10), (10, 12), (9, 10), (11, 13), (5, 11), (7, 8), (8, 9), (9, 10), (7, 11), (6, 7), (10, 11), (12, 14), (5, 12), (4, 5), (7, 8), (3, 9), (3, 10), (6, 7), (8, 9), (10, 14), (3, 10), (2, 7), (3, 4), (4, 5), (4, 7), (5, 8), (3, 9), (7, 8), (7, 10)]
