results/deeplll10/svpchallengedim40seed0dim15delta0.98999995.txt: 135.504 sec
b: [[-10487525, 55966197, 3659784, 54035535, -23290482, 44164635, -36885786, -27233921, -18465572, -24877146, 14166440, 43119232, -4887683, -9125371, -11905183],
 [-1740650, 62483264, -27899134, -15981560, 25733963, 58091229, 43362226, 14534191, -10320901, -13737560, -1552187, 65571075, -13987145, -15601289, -2917621],
 [-19024994, -65511804, -5930240, 8822073, 26554781, -30969428, -13880595, 10514250, -20104340, -24762000, -52537056, 12616622, 16457332, -45961838, 41504786],
 [-59645282, -39940759, 22373563, -22367635, -35252943, -3245999, -20745750, 58776845, 12174756, 7918063, 41855463, -23620293, 4064375, 32183417, -53407943],
 [-25426736, -30837000, -64057518, -45910516, -31435232, 7541750, 28556884, 27811929, -17593547, -46415124, -47116398, 6701189, 31834021, 7955015, -38532054],
 [51790451, -77979674, 14739476, 17089041, 5790206, -23840314, 8739759, 38102341, -6835356, -28572285, 41127831, -863979, -2015025, -69274066, 22655442],
 [-17941790, 52910626, 21851705, 9706943, 46878775, -48721938, 34176343, -10422995, -39306800, 67130920, 29265771, -52827146, 22763807, 12454780, 1013989],
 [-15795431, -6387411, -5047163, 34571544, 53703878, 74873597, 18808781, 27992149, -38120201, -27136616, 27415978, 795787, 60897714, -28809954, -8619891],
 [-72843980, -8727254, -17160013, 4033704, -36930213, 40924706, 2415239, 6054496, 46748560, 1760181, -69292174, -13288327, 65607831, -31903663, 784543],
 [2070342, 43842861, -80779576, 24014952, 29980614, -9848248, 49598828, -15550736, -44758890, -37058139, 14290543, -2125303, -44580564, 20634609, 28905494],
 [9055343, -2576681, 30918374, 46994095, -22060583, -55150820, -14562060, 64460778, -3493344, -12742838, -22422271, 36290450, 29298096, 38387500, 8639989],
 [-4265562, 12664160, -10997567, -42961894, 38426890, 9088393, -85689224, 8673488, 22597234, 33567795, 64450557, 1352118, -2585112, 36889195, -10332964],
 [-27567487, -38533686, -21527979, -77870782, -42445853, 17107054, 50686424, 49771752, -25337174, 1063000, 44298362, -3047783, -41710728, -2480486, 45575140],
 [-3855503, 37868238, -60894501, 805299, 37730920, 35191165, 315326, -23885041, -76124955, 60741120, -39253592, 16638031, -26689974, 11423869, -70312268],
 [78890477, 120648685, 52864342, -2159912, -17720037, 22285437, 20912759, 56861053, 16645518, -39918209, -19242315, -18452793, -12635699, -45683858, -26675040]], shape=[15, 15], strides=[15, 1], layout=Cc (0x5), const ndim=2
v_norms: [14039346803474444, 188976499059877244069655752374435/14039346803474444, 2506765757835135912434338990793703935037188036834/188976499059877244069655752374435, 17087268713473785033728707175008732424275445401434674448496819687/1253382878917567956217169495396851967518594018417, 403084548485143365488069663708934067555001387027227161950939811518281051152691945/34174537426947570067457414350017464848550890802869348896993639374, 5207783113628850938262413042979920564627539092703025571278118912165708041675880505223968397170546/403084548485143365488069663708934067555001387027227161950939811518281051152691945, 61066024608040976718928687655762022908659210675149255564100373115743560437080003238558451382686225271875115466323/5207783113628850938262413042979920564627539092703025571278118912165708041675880505223968397170546, 579307868180980122201240597081102184461581787365881151126679850621207312827503597528438133740612656420431875265208663702454273350/61066024608040976718928687655762022908659210675149255564100373115743560437080003238558451382686225271875115466323, 121764834529880764983654734509839915918337384933150049277463803123577978683349520270439064514488334251842850098870727513687241526250828612084528/11586157363619602444024811941622043689231635747317623022533597012424146256550071950568762674812253128408637505304173274049085467, 24816847429451576130239449763123740246620482019874408904572707208866274784602723456420606656100234107065255061370302486673663044784366587766043667895551705628533/3044120863247019124591368362745997897958434623328751231936595078089449467083738006760976612862208356296071252471768187842181038156270715302113200, 195157932006807575626954047935352984320278730484393643349369038474597352148484790166870354287456878840439516861126872512152598343311141202517419602019433355792107534279319261807/16544564952967717420159633175415826831080321346582939269715138139244183189735148970947071104066822738043503374246868324449108696522911058510695778597034470419022, 1594680695648267522482846392268938051946226791144806560722258920835566179719554336497582152551553521945476189145168737220287903459097638226434826866647843302953255282123571561070470209633405327/195157932006807575626954047935352984320278730484393643349369038474597352148484790166870354287456878840439516861126872512152598343311141202517419602019433355792107534279319261807, 35756865981121442824515724602507823734227803588648793860860979928490347134932731573740357537607250018680132528580756556541785053444292780871100111783249541859611284349167836061018664671751642626767142775206026/4784042086944802567448539176806814155838680373434419682166776762506698539158663009492746457654660565836428567435506211660863710377292914679304480599943529908859765846370714683211410628900215981, 316870382010027839406817336306033461573367064220952562021011291415633715392928644160258983330527839985928332864094750821673550459949843068174429934855210438873786948078844830724434272355050390048009727356066041338460713827009/35756865981121442824515724602507823734227803588648793860860979928490347134932731573740357537607250018680132528580756556541785053444292780871100111783249541859611284349167836061018664671751642626767142775206026, 4479162007073151170053182782743010606980316030715060474323054884337061641018044345714802639116581702744224211114079778384050910591371708226269714637437377066499267496599054455079188695195638785002287791358960525877967803096509204846118949649/316870382010027839406817336306033461573367064220952562021011291415633715392928644160258983330527839985928332864094750821673550459949843068174429934855210438873786948078844830724434272355050390048009727356066041338460713827009], shape=[15], strides=[1], layout=CFcf (0xf), const ndim=1
Mu { arr: [6103662699592453/14039346803474444, -4140633565665997/14039346803474444, -27772007741070529932959138756867/188976499059877244069655752374435, -3419424994541539/14039346803474444, -64080274024056799101575566874753/188976499059877244069655752374435, -449234391522468346295955229707723078765536539487/1253382878917567956217169495396851967518594018417, -3588379398393441/14039346803474444, 60999027159165946966191079727497/188976499059877244069655752374435, 663052020689458250501100885938988678176760852221/2506765757835135912434338990793703935037188036834, 7590542696282845035088217695559954412633409777377810869762774799/17087268713473785033728707175008732424275445401434674448496819687, -2361572739134161/7019673401737222, -35255912419842333154494040884382/188976499059877244069655752374435, 600979644367695513888026754901329954541946008277/1253382878917567956217169495396851967518594018417, 209343703258917368633101585292890379171261755104688674921632240/17087268713473785033728707175008732424275445401434674448496819687, -130955703311078880619643036757896975024265182404645124768384040296824811633923744/403084548485143365488069663708934067555001387027227161950939811518281051152691945, -1755490035313993/7019673401737222, -10334839887975989833877006213266/188976499059877244069655752374435, -507837693675988280601070521469203423298531618964/1253382878917567956217169495396851967518594018417, -4579433212174338835911174747726304402982338068391467269166266508/17087268713473785033728707175008732424275445401434674448496819687, -176461234422255106410198773179208204579469593324680596219609178010029233086486726/403084548485143365488069663708934067555001387027227161950939811518281051152691945, -1972181382989913947099242621150802063399238993559517053629157051812758345884182922046292819577431/5207783113628850938262413042979920564627539092703025571278118912165708041675880505223968397170546, 4127227041088497/14039346803474444, 67037864813809112216685538163647/188976499059877244069655752374435, 386460099927597439508243509297782527788886084988/1253382878917567956217169495396851967518594018417, 4700947670510864122233378551114400840769586283934530012215449442/17087268713473785033728707175008732424275445401434674448496819687, -34930882086999932119083905509383308122530247836300795164054420009140119558116236/403084548485143365488069663708934067555001387027227161950939811518281051152691945, 752578753902099708495827227222648532415771020959145256957675181356221456564847065286363961648737/2603891556814425469131206521489960282313769546351512785639059456082854020837940252611984198585273, 30045361881312761216913636850480989092606683277672952019179742524315145250318044399233649896234591266569196632800/61066024608040976718928687655762022908659210675149255564100373115743560437080003238558451382686225271875115466323, 343744059181077/14039346803474444, -3181290296730129177914033223549/188976499059877244069655752374435, 947344768048986046587702738185583316944778789913/2506765757835135912434338990793703935037188036834, 5881334371240234038185433229797317420600418261543323773676405208/17087268713473785033728707175008732424275445401434674448496819687, 190316279634748919028278850574087296952533091742420344701465323152848949480001431/403084548485143365488069663708934067555001387027227161950939811518281051152691945, -2380142320130407127732189575818264292441312727310156393428031826356418972553184402762960580001119/5207783113628850938262413042979920564627539092703025571278118912165708041675880505223968397170546, -8231552270464547126766105749183121695906570585774298409154050585811515629837797971446718547417858856547408550023/61066024608040976718928687655762022908659210675149255564100373115743560437080003238558451382686225271875115466323, 24459646448451238514144895802423276555791566704900926041807327980118333108231123329652252246992721561198731355897688811944883268/57930786818098012220124059708110218446158178736588115112667985062120731282750359752843813374061265642043187526520866370245427335, 609878719173573/3509836700868611, 18801636778249439535683070178560/37795299811975448813931150474887, 54710131053355724781122332265290641627229736955/2506765757835135912434338990793703935037188036834, -6855265653777438384568877495423452271906210122402041477938082403/17087268713473785033728707175008732424275445401434674448496819687, 99136368084495221596369495145520215686220864425413195520575241056521975889009617/403084548485143365488069663708934067555001387027227161950939811518281051152691945, 74096566527509967830611426078136782948758689488169019789119098604697225634761658452814878166206/2603891556814425469131206521489960282313769546351512785639059456082854020837940252611984198585273, 23974094576510025574491468061167882273856143862337664256338500078606508790137936396214691609051163170387512107124/61066024608040976718928687655762022908659210675149255564100373115743560437080003238558451382686225271875115466323, -119567393993737669350897950318171020944603198639861288670573680644646814714231382774436512823148212106253609353853046640660213511/579307868180980122201240597081102184461581787365881151126679850621207312827503597528438133740612656420431875265208663702454273350, -297956894458631333619851271985750864938158434251657729436254818610957135390807510409758436537410899458889667718518364039792519912091502148243719/608824172649403824918273672549199579591686924665750246387319015617889893416747601352195322572441671259214250494353637568436207631254143060422640, 152676754921479/7019673401737222, -10663095598557408216727701366514/37795299811975448813931150474887, 540440127992271461438694415081883815471075501215/2506765757835135912434338990793703935037188036834, 3781024548761455761568776775653865558337250914796962731198754693/17087268713473785033728707175008732424275445401434674448496819687, -3891407416228780182390313599934405136626565407141215743893037077092359041903555/80616909697028673097613932741786813511000277405445432390187962303656210230538389, 31759110553818173201884931380639676995237093606454924054145361831340061657642115054017100744710/2603891556814425469131206521489960282313769546351512785639059456082854020837940252611984198585273, 4296292615594878271741511357247899604976778809182273870434978465274213416879773166514986670164966761213783514670/61066024608040976718928687655762022908659210675149255564100373115743560437080003238558451382686225271875115466323, -88538260127672467810333953218133759113901857853521209851639245714836286779797514331284061943912003642436523996744323240696598886/289653934090490061100620298540551092230790893682940575563339925310603656413751798764219066870306328210215937632604331851227136675, -57322704412070462585391933231386678485479001568099497394136299510245982744439223275151470814992318687687929501075946692313212283418022892663753/608824172649403824918273672549199579591686924665750246387319015617889893416747601352195322572441671259214250494353637568436207631254143060422640, -1650497830261899497654861566873845513525794959426651037095208978699033221235997147677455466195563710772312783613251592285633808276417734561755118169365191886063/8272282476483858710079816587707913415540160673291469634857569069622091594867574485473535552033411369021751687123434162224554348261455529255347889298517235209511, 85176842882511/3509836700868611, -23076719790685013086128437958152/188976499059877244069655752374435, -1134841790975186260703053317875107264561351295461/2506765757835135912434338990793703935037188036834, 4606468748977941270142604333857081473993371234018938684594854977/17087268713473785033728707175008732424275445401434674448496819687, -32471816214796927749543772270606921028423166186132992919773373458785681911593441/80616909697028673097613932741786813511000277405445432390187962303656210230538389, -1074964417586390720668376315827755051399890328262645968496732452766645162969897726661827679590745/5207783113628850938262413042979920564627539092703025571278118912165708041675880505223968397170546, -13246585451083126300134152025646366332881154933163716119536366373840587838460047666889719826181382071281690433545/61066024608040976718928687655762022908659210675149255564100373115743560437080003238558451382686225271875115466323, 52838940448455474118807326559823069043878913928817804180528692816264365424054462318158375470530789370978309024027410224110580767/289653934090490061100620298540551092230790893682940575563339925310603656413751798764219066870306328210215937632604331851227136675, -138739549963652077745584456231189629241441043681476861876132683337363376779468338231910859821372870966711796769195805941623991272508031680675477/304412086324701912459136836274599789795843462332875123193659507808944946708373800676097661286220835629607125247176818784218103815627071530211320, -3223162304649556890348467664419292618326858701948844926458244710353290093018706696815107849034148909954745245210927872793014008689073237915895936782837467678882/24816847429451576130239449763123740246620482019874408904572707208866274784602723456420606656100234107065255061370302486673663044784366587766043667895551705628533, -45742060430942628393987904121158412759137309964225073980704292701551135641655344114692208001854216314133862268569043309659654376143756587403189204708474379043716704356087422786/195157932006807575626954047935352984320278730484393643349369038474597352148484790166870354287456878840439516861126872512152598343311141202517419602019433355792107534279319261807, -7013546832802731/14039346803474444, 81775331532834178813253329874759/188976499059877244069655752374435, -212346861512470450102143724120969761864279728543/2506765757835135912434338990793703935037188036834, 8228398018833026798616977523118325399605209144738764794495161951/17087268713473785033728707175008732424275445401434674448496819687, 1082114877784752985321757106982364909814740775379321739366223569333166036762967/403084548485143365488069663708934067555001387027227161950939811518281051152691945, 1639110307509598017835530594445579845090549970322973226072817684300909188915843151288448864137567/5207783113628850938262413042979920564627539092703025571278118912165708041675880505223968397170546, -7120365444932491650024148158907561114094148196799332528512480620708460782345444227186858997226461613764865605007/61066024608040976718928687655762022908659210675149255564100373115743560437080003238558451382686225271875115466323, -98630816414775191395047650950572974535992961186796169626639975202436843944061470441404134937810980196127679963912719758717668872/289653934090490061100620298540551092230790893682940575563339925310603656413751798764219066870306328210215937632604331851227136675, -16464106673040241927788811108661400858100387951472844402334227542202855703080510248875601778561952875769357528348243226866718659542441948207201/608824172649403824918273672549199579591686924665750246387319015617889893416747601352195322572441671259214250494353637568436207631254143060422640, 11775313912270897087364972141071929941415978130508080711446520462766522903497502573750453622391866262043814749856141697095820727041652340678378693555919706200507/24816847429451576130239449763123740246620482019874408904572707208866274784602723456420606656100234107065255061370302486673663044784366587766043667895551705628533, -211906469710804256966447266068826242819645967508543131843355333521453944599614696249821863891809446577128391785247532925326782595532177113818532998736431576119586761084698571/699490795723324643824208057115960517276984697076679725266555693457338179743673083035377613933537200144944504878590940903772753918677925457051683161359976185634794029674979433, -201559348736155254932480189607929888793408659260285445195233465905746485069145296122920335958795815365566823768101482873090263121512656641027343511856472373666291640283921393382401839380870345/1594680695648267522482846392268938051946226791144806560722258920835566179719554336497582152551553521945476189145168737220287903459097638226434826866647843302953255282123571561070470209633405327, 4213962007529341/14039346803474444, 18004076768980052311007117195895/37795299811975448813931150474887, -168338356754876600688415130687800728528909756545/1253382878917567956217169495396851967518594018417, -1783687038622310919746955984340551811626816210239213724691690668/17087268713473785033728707175008732424275445401434674448496819687, 128508597185413843560323030038930099027388202511441122064509325939949821064937652/403084548485143365488069663708934067555001387027227161950939811518281051152691945, -1215599636348857258828192947080716452450709573315728714062606035220800446731300167041652551720474/2603891556814425469131206521489960282313769546351512785639059456082854020837940252611984198585273, 27251128573807885922112982995121141407613448280641646019891822486974131393466038895902659734797553348834421280136/61066024608040976718928687655762022908659210675149255564100373115743560437080003238558451382686225271875115466323, -5074040708324422289347266749219428926119642258087241384287069996302129817594286542972234077208741297890152933168575198765770329/579307868180980122201240597081102184461581787365881151126679850621207312827503597528438133740612656420431875265208663702454273350, -280725986752242697289547430946177417041026921997602015209721648640567230984450404420583241802122009766156365362434238296078498247059154135263511/608824172649403824918273672549199579591686924665750246387319015617889893416747601352195322572441671259214250494353637568436207631254143060422640, -1963213800907432138226306082872821381686448566199490183580896520748834976597000482652308678825373483090090829652564789944529872718962808784035752047333347602601/8272282476483858710079816587707913415540160673291469634857569069622091594867574485473535552033411369021751687123434162224554348261455529255347889298517235209511, -79981261940117898974726814132122470035922645263225548000053168089522879643428004774117495449653456606348909212514377234127125920398321263004835946430579808429261579315718968712/195157932006807575626954047935352984320278730484393643349369038474597352148484790166870354287456878840439516861126872512152598343311141202517419602019433355792107534279319261807, -42991606850357499371473531551409941472046077064143041968040383080566180737118785601021041912711021359866238338101366736840391616195626212266618881370865333259140453090525049512632597433778771/1594680695648267522482846392268938051946226791144806560722258920835566179719554336497582152551553521945476189145168737220287903459097638226434826866647843302953255282123571561070470209633405327, -12262437307583230152260673892476102396834560390555743190975702018231371645744567535607888509097525314810381352287396452474853356085958992120814014444476501759672351741016679969677834999003215894755596516036567/35756865981121442824515724602507823734227803588648793860860979928490347134932731573740357537607250018680132528580756556541785053444292780871100111783249541859611284349167836061018664671751642626767142775206026, 5492275126247367/14039346803474444, 88569615935793131880410833609109/188976499059877244069655752374435, -550582121626057152827840233198702413186152456824/1253382878917567956217169495396851967518594018417, -5043685693807496098347930067527897551677226013035517086114565957/17087268713473785033728707175008732424275445401434674448496819687, -27628266761182792449531389176800875579134163226430030947869899554655495337814352/403084548485143365488069663708934067555001387027227161950939811518281051152691945, 2248316241441317315629237922333153412998155191555768343095207251196721003751434422416431396497073/5207783113628850938262413042979920564627539092703025571278118912165708041675880505223968397170546, 2809204189362270184899874234981264681368964228588568504738748784690900158040799259320824221182319346618904147959/61066024608040976718928687655762022908659210675149255564100373115743560437080003238558451382686225271875115466323, -22833218562433649310992892521338922693642112255243908723647367255655514333407516557896867606111960069467037274108413487698463331/115861573636196024440248119416220436892316357473176230225335970124241462565500719505687626748122531284086375053041732740490854670, 6505084918443660377243384716581528408701002308073972784939008735800325849181885247743557805433131368164660238965384018771066965742341310800677/15220604316235095622956841813729989489792173116643756159682975390447247335418690033804883064311041781480356262358840939210905190781353576510566, -4117884308279813189278896587319366329740113292898908269311884025808281962111080698368882505500939428869839785915329732094548765504962523647721327648795356494320/8272282476483858710079816587707913415540160673291469634857569069622091594867574485473535552033411369021751687123434162224554348261455529255347889298517235209511, 83068328727490710291689906709020486473432320299344068161084998197916071631104621431240937201106592961855797476414245692891610790798576966004183317527592772972833085943279816503/195157932006807575626954047935352984320278730484393643349369038474597352148484790166870354287456878840439516861126872512152598343311141202517419602019433355792107534279319261807, -315314259092206924580188403289679182797427143191526449072957416040250909528644579071816917510399096244585036785286440004263828012085252847622105850894263591404789948320574501356585805368473833/1594680695648267522482846392268938051946226791144806560722258920835566179719554336497582152551553521945476189145168737220287903459097638226434826866647843302953255282123571561070470209633405327, -10100140412796152406159204767102133488248223634002649360746865208153645413044563388703558423778118267810845589783951601439097333151884114827013466017022716580083470452784893071387592669471478030414395502749677/35756865981121442824515724602507823734227803588648793860860979928490347134932731573740357537607250018680132528580756556541785053444292780871100111783249541859611284349167836061018664671751642626767142775206026, -92912600412291118300468047751549763235700230356155895211644371151089801301372706415128011991176939352549239083164812597460224916552044394559597208581720362166023735733370128199722351309068905638299278113844447571951153632879/316870382010027839406817336306033461573367064220952562021011291415633715392928644160258983330527839985928332864094750821673550459949843068174429934855210438873786948078844830724434272355050390048009727356066041338460713827009] }
(hist.len, cnt): (1805, 30555)
[(0, 1), (0, 1), (0, 1), (0, 1), (0, 1), (0, 1), (0, 1), (0, 1), (0, 1), (0, 1), (0, 1), (0, 1), (0, 1), (0, 1), (0, 1), (0, 1), (0, 1), (0, 1), (0, 1), (0, 1), (0, 1), (0, 1), (0, 1), (0, 1), (0, 1), (0, 1), (0, 1), (0, 1), (0, 1), (0, 1), (0, 1), (0, 1), (0, 1), (0, 1), (0, 1), (0, 1), (0, 1), (0, 1), (0, 1), (0, 1), (0, 1), (0, 1), (0, 1), (0, 1), (0, 1), (0, 1), (0, 1), (0, 1), (0, 1), (0, 1), (0, 1), (0, 1), (0, 1), (0, 1), (0, 1), (0, 1), (0, 1), (0, 1), (0, 1), (0, 1), (0, 1), (0, 1), (0, 1), (0, 1), (0, 1), (0, 1), (0, 1), (0, 1), (0, 1), (0, 1), (0, 1), (0, 1), (0, 1), (0, 1), (0, 1), (0, 1), (0, 1), (0, 1), (0, 1), (0, 1), (0, 1), (0, 1), (0, 1), (0, 1), (0, 1), (0, 1), (0, 1), (0, 1), (0, 2), (0, 2), (0, 2), (0, 1), (0, 2), (1, 2), (0, 2), (1, 2), (0, 2), (0, 1), (0, 2), (0, 1), (0, 2), (1, 2), (0, 2), (0, 2), (0, 2), (0, 1), (0, 2), (1, 2), (0, 2), (0, 1), (0, 2), (0, 2), (0, 1), (0, 2), (0, 2), (0, 2), (0, 2), (0, 1), (0, 2), (0, 2), (0, 2), (0, 2), (0, 2), (0, 2), (0, 1), (0, 2), (1, 2), (0, 2), (0, 2), (0, 2), (1, 2), (0, 2), (0, 2), (0, 2), (1, 2), (0, 2), (0, 2), (0, 2), (0, 2), (0, 2), (0, 2), (0, 2), (1, 2), (0, 2), (0, 2), (0, 2), (0, 1), (0, 2), (1, 3), (0, 3), (1, 3), (0, 2), (1, 2), (0, 3), (0, 2), (0, 3), (1, 3), (0, 3), (1, 3), (0, 3), (0, 3), (1, 2), (0, 3), (0, 2), (1, 2), (0, 3), (0, 3), (1, 2), (0, 3), (1, 3), (1, 3), (0, 3), (1, 2), (0, 3), (2, 3), (1, 3), (0, 2), (0, 3), (0, 2), (0, 2), (0, 3), (0, 3), (0, 3), (0, 3), (1, 3), (0, 3), (1, 3), (1, 3), (0, 3), (1, 2), (0, 3), (1, 2), (0, 3), (0, 3), (1, 2), (1, 3), (0, 2), (0, 3), (0, 3), (1, 2), (0, 3), (1, 2), (0, 3), (0, 2), (0, 3), (0, 3), (1, 2), (0, 3), (0, 2), (1, 2), (0, 4), (1, 2), (0, 4), (0, 4), (0, 3), (1, 4), (0, 4), (0, 3), (0, 2), (0, 4), (1, 2), (0, 4), (2, 3), (1, 4), (0, 4), (1, 2), (0, 4), (2, 3), (0, 3), (0, 4), (1, 2), (0, 4), (1, 4), (0, 3), (1, 4), (0, 4), (1, 4), (1, 4), (0, 4), (1, 3), (1, 4), (1, 4), (0, 4), (0, 4), (1, 3), (0, 3), (1, 3), (0, 4), (1, 3), (0, 4), (0, 3), (0, 2), (1, 2), (0, 4), (2, 3), (0, 4), (1, 2), (0, 3), (1, 4), (0, 4), (1, 2), (1, 3), (0, 4), (1, 3), (0, 4), (0, 4), (1, 5), (1, 4), (1, 5), (2, 4), (1, 5), (0, 5), (0, 5), (2, 4), (2, 4), (0, 5), (2, 4), (3, 4), (0, 5), (0, 4), (1, 5), (0, 5), (1, 2), (0, 4), (0, 1), (2, 4), (0, 4), (2, 5), (0, 5), (1, 5), (3, 4), (0, 5), (0, 5), (3, 5), (0, 4), (2, 4), (1, 5), (0, 4), (2, 3), (0, 5), (0, 4), (0, 5), (3, 4), (1, 5), (1, 3), (0, 5), (1, 2), (2, 3), (1, 4), (2, 4), (0, 5), (0, 4), (2, 3), (4, 6), (0, 6), (1, 3), (0, 4), (2, 4), (3, 4), (2, 6), (2, 5), (0, 6), (3, 4), (2, 5), (3, 5), (0, 6), (2, 3), (1, 4), (0, 5), (0, 4), (3, 5), (2, 6), (1, 5), (0, 6), (2, 3), (0, 4), (0, 5), (2, 3), (4, 5), (0, 6), (1, 2), (3, 4), (0, 6), (0, 4), (0, 5), (0, 4), (1, 6), (2, 3), (4, 5), (0, 6), (1, 3), (3, 5), (4, 6), (0, 6), (3, 4), (0, 6), (0, 4), (4, 5), (0, 6), (1, 2), (2, 5), (0, 5), (1, 2), (1, 3), (2, 3), (4, 5), (0, 6), (0, 6), (0, 3), (0, 5), (0, 3), (1, 2), (0, 4), (1, 6), (1, 4), (2, 3), (0, 5), (3, 4), (0, 6), (1, 2), (1, 3), (0, 4), (2, 3), (3, 4), (0, 6), (3, 5), (0, 6), (1, 5), (4, 5), (0, 6), (2, 3), (4, 6), (1, 7), (0, 6), (3, 6), (3, 6), (0, 7), (2, 3), (1, 4), (0, 6), (2, 3), (2, 4), (0, 5), (1, 2), (4, 6), (0, 7), (0, 2), (3, 7), (1, 7), (2, 3), (3, 5), (1, 6), (2, 5), (0, 7), (1, 4), (4, 5), (1, 6), (2, 5), (3, 4), (3, 6), (4, 5), (0, 7), (1, 3), (2, 3), (4, 5), (4, 6), (5, 6), (0, 7), (1, 2), (3, 6), (0, 7), (1, 5), (0, 7), (2, 3), (3, 5), (4, 5), (0, 6), (2, 5), (4, 5), (4, 6), (0, 7), (1, 2), (4, 6), (2, 7), (0, 5), (0, 7), (0, 6), (1, 3), (4, 5), (4, 6), (3, 7), (3, 5), (4, 5), (4, 6), (1, 7), (2, 3), (2, 5), (1, 7), (3, 4), (4, 6), (0, 7), (2, 4), (0, 7), (1, 7), (2, 3), (2, 4), (2, 6), (0, 7), (1, 2), (3, 5), (1, 7), (2, 4), (2, 4), (2, 5), (2, 4), (1, 6), (2, 3), (0, 7), (1, 4), (2, 5), (1, 7), (4, 5), (3, 6), (1, 4), (2, 3), (3, 4), (1, 5), (0, 7), (4, 5), (2, 6), (4, 5), (4, 6), (4, 7), (6, 7), (0, 8), (4, 7), (4, 6), (0, 8), (0, 5), (2, 6), (5, 6), (3, 7), (6, 7), (0, 8), (1, 2), (1, 3), (6, 7), (1, 8), (3, 5), (0, 6), (4, 5), (6, 7), (0, 8), (2, 3), (2, 7), (4, 5), (6, 7), (1, 8), (2, 5), (4, 5), (1, 7), (4, 5), (3, 6), (3, 7), (6, 7), (1, 8), (4, 6), (5, 7), (6, 7), (0, 8), (2, 3), (0, 4), (2, 3), (0, 5), (2, 5), (0, 7), (3, 4), (0, 5), (4, 5), (0, 6), (3, 5), (0, 7), (1, 5), (1, 6), (3, 4), (0, 7), (1, 2), (1, 6), (4, 5), (4, 6), (5, 6), (0, 8), (2, 3), (2, 4), (4, 5), (6, 7), (0, 8), (2, 5), (1, 6), (3, 4), (3, 5), (4, 5), (0, 8), (2, 3), (1, 6), (2, 3), (5, 6), (3, 7), (0, 8), (1, 3), (3, 4), (3, 8), (5, 6), (4, 8), (2, 6), (6, 7), (1, 8), (4, 5), (3, 6), (2, 4), (3, 4), (3, 5), (4, 6), (0, 7), (4, 6), (5, 6), (1, 7), (3, 6), (0, 8), (2, 4), (5, 6), (2, 7), (1, 8), (2, 3), (0, 4), (0, 5), (1, 3), (4, 8), (5, 6), (7, 8), (0, 9), (1, 2), (1, 4), (4, 7), (5, 6), (0, 8), (1, 2), (3, 6), (1, 8), (6, 7), (3, 9), (5, 6), (6, 7), (1, 9), (2, 3), (3, 4), (4, 5), (3, 7), (0, 9), (1, 2), (4, 5), (1, 7), (3, 4), (2, 6), (3, 5), (4, 8), (4, 6), (5, 6), (7, 8), (1, 9), (3, 5), (3, 6), (3, 5), (5, 6), (6, 7), (1, 8), (3, 5), (3, 6), (5, 7), (0, 9), (2, 3), (0, 9), (3, 5), (4, 5), (1, 6), (1, 8), (5, 6), (2, 9), (4, 5), (3, 6), (4, 5), (4, 7), (7, 8), (1, 9), (4, 5), (4, 6), (5, 6), (2, 7), (1, 8), (5, 6), (0, 9), (1, 2), (1, 8), (1, 5), (2, 3), (4, 5), (6, 7), (7, 8), (1, 9), (3, 4), (5, 8), (7, 8), (1, 9), (3, 4), (1, 5), (0, 9), (0, 4), (1, 2), (1, 3), (6, 7), (0, 9), (0, 2), (0, 7), (1, 2), (3, 5), (4, 5), (3, 6), (4, 5), (3, 7), (1, 9), (2, 3), (5, 7), (6, 7), (0, 8), (1, 4), (2, 5), (0, 9), (1, 3), (2, 3), (2, 4), (4, 5), (1, 6), (7, 8), (2, 9), (4, 5), (5, 6), (7, 8), (4, 9), (1, 5), (4, 5), (3, 7), (2, 6), (5, 6), (0, 8), (4, 5), (3, 7), (3, 5), (3, 10), (2, 7), (3, 4), (5, 9), (1, 10), (1, 5), (1, 3), (4, 5), (4, 7), (1, 8), (5, 6), (6, 7), (4, 8), (0, 9), (1, 4), (3, 4), (1, 9), (3, 5), (4, 5), (4, 6), (4, 7), (5, 6), (1, 9), (4, 7), (6, 7), (3, 8), (4, 9), (5, 8), (6, 7), (7, 8), (5, 9), (7, 8), (6, 9), (0, 10), (5, 6), (7, 8), (6, 9), (2, 10), (4, 5), (3, 9), (2, 10), (3, 4), (5, 6), (7, 8), (3, 10), (4, 5), (5, 6), (6, 7), (7, 8), (1, 9), (2, 3), (6, 7), (2, 9), (3, 6), (4, 6), (5, 7), (7, 8), (0, 10), (1, 3), (2, 3), (3, 4), (3, 5), (2, 6), (3, 5), (6, 7), (2, 8), (6, 7), (8, 9), (2, 10), (0, 5), (2, 3), (3, 4), (5, 7), (4, 8), (5, 7), (7, 8), (1, 10), (3, 7), (4, 5), (3, 8), (0, 9), (6, 7), (3, 9), (2, 10), (4, 5), (3, 7), (5, 6), (1, 7), (2, 10), (2, 4), (2, 6), (3, 6), (1, 7), (3, 4), (7, 9), (5, 10), (0, 5), (0, 1), (2, 3), (6, 7), (2, 8), (3, 6), (7, 8), (0, 10), (0, 2), (0, 4), (4, 5), (1, 6), (5, 7), (6, 7), (3, 8), (5, 6), (1, 7), (3, 5), (4, 5), (3, 8), (4, 6), (5, 6), (6, 7), (8, 9), (7, 9), (8, 9), (0, 10), (1, 3), (2, 3), (2, 4), (1, 6), (4, 6), (4, 7), (7, 8), (2, 9), (1, 2), (0, 3), (4, 7), (3, 8), (0, 9), (1, 7), (6, 7), (7, 8), (4, 10), (4, 6), (3, 8), (1, 10), (2, 3), (4, 5), (2, 6), (6, 7), (1, 8), (2, 5), (4, 5), (5, 6), (5, 8), (6, 10), (1, 11), (3, 4), (3, 7), (5, 8), (0, 10), (5, 11), (4, 5), (0, 7), (4, 5), (5, 6), (6, 7), (7, 10), (1, 11), (0, 1), (2, 3), (3, 4), (5, 8), (6, 7), (3, 10), (3, 7), (7, 8), (0, 9), (2, 5), (2, 6), (3, 5), (4, 5), (2, 7), (7, 8), (0, 10), (3, 9), (5, 7), (6, 7), (6, 8), (5, 9), (6, 7), (4, 10), (2, 7), (2, 9), (3, 5), (6, 7), (5, 10), (7, 8), (0, 9), (3, 4), (3, 5), (4, 5), (7, 9), (3, 10), (4, 6), (5, 6), (5, 7), (6, 7), (5, 9), (6, 8), (7, 8), (9, 10), (1, 11), (0, 1), (2, 3), (2, 4), (3, 4), (0, 5), (3, 6), (7, 8), (0, 9), (2, 4), (4, 5), (3, 10), (2, 5), (5, 6), (5, 9), (8, 10), (6, 11), (5, 6), (4, 6), (1, 4), (2, 4), (3, 5), (4, 5), (2, 6), (3, 5), (4, 5), (6, 7), (4, 9), (6, 8), (7, 8), (8, 9), (2, 10), (3, 4), (4, 5), (3, 9), (7, 9), (8, 9), (4, 10), (5, 8), (6, 8), (7, 10), (9, 10), (2, 11), (0, 2), (0, 8), (4, 5), (0, 5), (2, 3), (4, 5), (8, 9), (2, 10), (3, 4), (0, 5), (2, 3), (3, 4), (4, 6), (1, 7), (3, 4), (2, 5), (1, 11), (0, 1), (2, 4), (3, 4), (3, 8), (4, 7), (5, 7), (1, 9), (2, 4), (3, 4), (5, 6), (2, 8), (3, 8), (1, 10), (5, 6), (2, 7), (8, 9), (7, 11), (2, 7), (4, 5), (1, 6), (2, 3), (3, 4), (2, 5), (3, 4), (2, 6), (1, 7), (2, 3), (4, 5), (2, 6), (3, 5), (5, 9), (3, 6), (5, 6), (4, 6), (5, 6), (7, 8), (0, 9), (5, 6), (0, 10), (0, 2), (3, 5), (4, 5), (0, 9), (1, 2), (3, 4), (5, 6), (6, 7), (7, 8), (5, 9), (7, 8), (1, 11), (0, 1), (4, 9), (1, 8), (3, 8), (4, 8), (0, 10), (3, 4), (4, 6), (7, 9), (7, 9), (8, 9), (2, 11), (1, 2), (3, 4), (7, 8), (1, 9), (6, 7), (2, 10), (0, 5), (6, 8), (7, 8), (8, 9), (4, 10), (5, 7), (8, 10), (9, 10), (1, 11), (3, 5), (4, 5), (2, 12), (0, 2), (3, 4), (2, 6), (3, 6), (4, 5), (7, 8), (2, 9), (0, 10), (7, 9), (8, 9), (7, 10), (1, 11), (0, 1), (4, 5), (6, 7), (8, 10), (9, 10), (2, 11), (1, 2), (2, 3), (2, 12), (0, 2), (2, 3), (5, 6), (1, 8), (5, 6), (9, 11), (4, 9), (2, 12), (0, 2), (4, 5), (2, 8), (4, 8), (5, 9), (8, 9), (1, 10), (0, 3), (4, 5), (4, 6), (3, 7), (3, 8), (5, 9), (7, 8), (8, 11), (7, 8), (4, 12), (3, 4), (5, 6), (3, 7), (4, 7), (5, 8), (6, 7), (3, 8), (9, 10), (6, 11), (3, 6), (1, 3), (2, 3), (4, 5), (5, 7), (5, 7), (1, 9), (2, 3), (3, 4), (5, 7), (4, 8), (0, 10), (1, 6), (2, 4), (3, 4), (3, 5), (5, 6), (3, 11), (6, 7), (1, 9), (3, 4), (3, 6), (4, 5), (4, 6), (5, 6), (9, 10), (1, 11), (0, 1), (1, 2), (2, 4), (1, 5), (0, 6), (5, 7), (2, 8), (3, 4), (1, 5), (4, 5), (0, 6), (1, 2), (7, 8), (2, 11), (1, 2), (4, 10), (5, 8), (9, 10), (3, 12), (1, 3), (2, 3), (7, 8), (5, 10), (6, 11), (5, 6), (4, 11), (5, 7), (6, 7), (8, 9), (3, 12), (0, 3), (1, 2), (1, 3), (2, 5), (6, 7), (6, 8), (9, 10), (7, 11), (3, 12), (1, 3), (2, 3), (0, 5), (4, 5), (2, 6), (0, 7), (1, 4), (4, 5), (3, 6), (4, 5), (8, 9), (4, 10), (5, 6), (9, 10), (2, 11), (1, 2), (1, 3), (6, 7), (6, 11), (3, 6), (0, 6), (2, 3), (5, 6), (1, 7), (4, 5), (6, 7), (2, 12), (0, 2), (4, 6), (3, 7), (4, 6), (4, 6), (5, 6), (2, 10), (3, 4), (2, 12), (0, 2), (2, 4), (3, 4), (1, 5), (2, 5), (4, 5), (6, 8), (7, 8), (3, 9), (5, 6), (7, 8), (10, 11), (5, 10), (4, 7), (6, 10), (7, 8), (2, 12), (0, 2), (1, 2), (1, 5), (6, 7), (6, 9), (7, 8), (5, 10), (7, 8), (7, 11), (2, 12), (0, 2), (1, 2), (5, 7), (6, 7), (6, 9), (7, 8), (0, 10), (4, 6), (5, 6), (2, 7), (3, 4), (6, 8), (4, 13), (1, 4), (2, 4), (4, 5), (5, 7), (9, 10), (11, 12), (3, 13), (2, 3), (4, 5), (3, 7), (4, 7), (5, 6), (5, 8), (2, 9), (5, 13), (3, 5), (4, 5), (7, 8), (8, 10), (9, 10), (7, 11), (4, 7), (5, 7), (3, 13), (0, 3), (1, 2), (3, 4), (5, 7), (3, 8), (9, 10), (2, 12), (1, 2), (6, 7), (2, 9), (3, 6), (6, 7), (5, 8), (6, 7), (7, 8), (7, 9), (4, 10), (9, 10), (10, 11), (9, 10), (10, 11), (3, 13), (1, 3), (2, 6), (0, 7), (7, 8), (4, 8), (6, 8), (7, 8), (9, 10), (7, 11), (5, 7), (5, 7), (4, 13), (3, 4), (2, 4), (3, 4), (7, 8), (7, 12), (1, 7), (2, 5), (2, 7), (3, 4), (5, 6), (2, 8), (5, 7), (6, 8), (3, 13), (0, 3), (3, 4), (4, 6), (5, 6), (4, 7), (5, 6), (5, 7), (2, 8), (3, 5), (4, 5), (3, 6), (5, 8), (8, 11), (7, 8), (9, 10), (11, 12), (3, 13), (0, 3), (1, 3), (2, 5), (3, 4), (5, 6), (6, 7), (4, 8), (5, 9), (6, 8), (8, 9), (3, 13), (0, 3), (6, 7), (1, 8), (1, 11), (4, 13), (3, 4), (7, 10), (6, 11), (1, 6), (3, 13), (0, 3), (2, 3), (1, 4), (2, 3), (3, 5), (4, 6), (6, 9), (9, 10), (8, 11), (5, 8), (6, 7), (7, 8), (1, 9), (2, 3), (5, 6), (6, 8), (7, 9), (9, 11), (10, 12), (3, 10), (5, 7), (6, 7), (4, 8), (5, 6), (5, 7), (7, 9), (9, 10), (2, 11), (2, 6), (4, 6), (5, 6), (4, 9), (5, 10), (6, 7), (8, 9), (7, 12), (2, 7), (2, 4), (5, 7), (6, 7), (7, 8), (5, 9), (6, 7), (6, 9), (7, 9), (8, 9), (7, 10), (8, 9), (1, 11), (0, 1), (2, 4), (3, 5), (3, 13), (0, 3), (1, 2), (5, 7), (6, 7), (0, 9), (2, 5), (3, 5), (3, 6), (6, 7), (5, 8), (6, 7), (5, 9), (6, 8), (7, 8), (4, 12), (2, 4), (5, 8), (6, 8), (5, 9), (7, 8), (3, 13), (1, 3), (3, 4), (2, 6), (2, 7), (4, 5), (5, 6), (5, 7), (8, 9), (0, 10), (3, 4), (3, 5), (4, 5), (7, 8), (7, 12), (6, 7), (8, 9), (5, 13), (2, 5), (3, 4), (0, 5), (2, 4), (3, 4), (5, 6), (6, 7), (5, 8), (2, 9), (7, 8), (9, 10), (1, 11), (0, 1), (2, 3), (4, 7), (5, 6), (5, 7), (3, 9), (4, 5), (4, 6), (6, 7), (7, 8), (8, 9), (10, 11), (2, 12), (0, 2), (2, 3), (0, 4), (1, 3), (4, 10), (6, 7), (9, 10), (6, 13), (4, 7), (5, 7), (6, 8), (10, 14), (4, 10), (2, 6), (4, 5), (1, 10), (4, 5), (2, 6), (3, 5), (4, 6), (5, 6), (3, 7), (4, 8), (2, 12), (0, 2), (2, 4), (3, 4), (7, 8), (8, 9), (9, 11), (6, 9), (3, 13), (0, 3), (2, 3), (2, 4), (4, 5), (4, 6), (5, 6), (7, 8), (7, 10), (3, 10), (4, 5), (4, 11), (8, 9), (9, 11), (7, 13), (6, 7), (4, 7), (3, 4), (4, 5), (6, 7), (4, 7), (6, 7), (9, 10), (11, 12), (10, 14), (3, 10), (4, 5), (6, 7), (1, 8), (3, 4), (2, 5), (3, 5), (4, 5), (3, 6), (2, 7), (3, 9), (6, 7), (0, 10), (1, 2), (4, 5), (3, 6), (4, 5), (5, 6), (6, 7), (7, 8), (8, 9), (9, 10), (4, 11), (5, 6), (9, 13), (2, 9), (8, 9), (11, 12), (10, 11), (4, 14), (0, 4), (2, 3), (1, 4), (2, 3), (4, 6), (5, 6), (6, 7), (5, 8), (5, 11), (6, 8), (4, 14), (0, 4), (3, 6), (4, 6), (5, 6), (4, 7), (5, 9), (3, 11), (4, 5), (4, 9), (5, 6), (7, 8), (8, 9), (5, 10), (6, 7), (8, 11), (9, 10), (5, 12), (2, 5), (6, 11), (7, 9), (8, 9), (7, 11), (8, 9), (10, 11), (6, 14), (2, 6), (3, 4), (4, 5), (1, 6), (2, 3), (5, 8), (4, 10), (5, 8), (2, 12), (1, 2), (2, 4), (3, 4), (4, 5), (2, 5), (3, 5), (4, 5), (2, 6), (4, 5), (7, 8), (7, 13), (3, 7), (4, 5), (5, 7), (6, 7), (7, 9), (8, 9), (0, 10), (2, 3), (5, 8), (7, 9), (5, 10), (6, 7), (6, 8), (6, 9), (7, 8), (8, 10), (9, 10), (7, 11), (6, 7), (2, 8), (6, 7), (5, 8), (3, 9), (4, 5), (4, 6), (6, 8), (7, 8), (6, 9), (8, 9), (4, 14), (0, 4), (5, 7), (7, 8), (7, 9), (5, 11), (7, 8), (6, 9), (7, 10), (8, 11), (9, 11), (7, 12), (8, 9), (10, 12), (4, 14), (1, 4), (3, 4), (4, 6), (6, 7), (3, 8), (4, 5), (4, 7), (4, 9), (5, 10), (6, 7), (11, 14), (3, 11), (5, 6), (5, 8), (6, 8), (10, 11), (9, 12), (4, 9), (5, 6), (5, 8), (1, 9), (7, 8), (10, 11), (3, 13), (0, 3), (3, 5), (2, 6), (3, 5), (5, 7), (7, 8), (2, 9), (7, 10), (4, 14), (0, 4), (2, 4), (3, 5), (5, 6), (4, 7), (6, 8), (4, 7), (5, 7), (3, 9), (4, 6), (5, 6), (6, 7), (2, 8), (3, 4), (5, 7), (8, 10), (9, 10), (2, 12), (0, 2), (2, 5), (3, 5), (4, 5), (5, 6), (6, 7), (4, 8), (5, 7), (3, 8), (4, 5), (9, 14), (4, 9), (5, 7), (1, 11), (0, 1), (2, 3), (6, 9), (8, 9), (7, 9), (8, 9), (10, 13), (1, 10), (7, 10), (9, 10), (11, 14), (7, 11), (0, 9), (6, 8), (3, 9), (8, 10), (6, 9), (8, 9), (7, 10), (8, 9), (8, 10), (9, 10), (1, 11), (0, 1), (1, 2), (4, 5), (5, 6), (6, 7), (7, 8), (8, 9), (3, 11), (5, 8), (6, 7), (7, 8), (6, 9), (7, 8), (4, 12), (8, 9), (6, 9), (8, 9), (6, 10), (3, 11), (9, 12), (10, 12), (9, 10), (7, 14), (5, 7), (5, 9), (8, 9), (8, 10), (9, 10), (3, 11), (2, 3), (4, 5), (4, 6), (3, 8), (5, 6), (6, 7), (4, 8), (5, 8), (6, 7), (6, 8), (8, 9), (8, 10)]
