results/deeplll10/svpchallengedim40seed3dim15delta1.txt: 92.224 sec
b: [[1014900073, 167005252, -376803691, 594213442, 322451822, -401706127, -409084302, 550926536, 298572918, 409531408, 165906260, -108359356, 201483943, 14, 0],
 [-346142837, 509593136, 28382909, -726896760, 557478939, 214881260, 778127054, -63663183, 463065257, -776204667, 152550885, 261669583, 156290291, -5, 0],
 [-17262230, 399064648, 164220005, -430014079, 591122829, -220741789, 298084938, -763579504, -183168575, -941117208, -306727102, -539328378, -507177488, 16, 0],
 [315098897, -167653268, -520937705, 818863232, -52698263, 279881758, 392015870, -19812562, -207346850, 694572444, 614797031, -175659301, 934442627, 11, 0],
 [353228141, 489004822, -29766968, -434971860, 417807439, -408126550, 144290820, 236516336, -764570542, -186343412, 242530230, 266218065, 962276309, 2, 0],
 [494474538, 700384533, 169305934, -233593887, 17488417, -1056981731, -25430983, 176761318, -299896779, 24581097, 854361273, -425635368, -312774006, -3, 0],
 [367476177, 380187281, 152460555, -357633125, 936870038, 697904494, 349247013, -470039696, 629391438, 476730849, -485644234, -104854377, -365603219, 16, 0],
 [-209384249, -930986107, -53452497, -143570991, -270283691, -913370573, -365779555, 534388713, -162279371, 150932358, -733117142, -222933630, 364729033, -10, 0],
 [-635257836, 588063430, -240460264, 1055555924, -842958253, -32304530, -409299707, 349276141, 547887489, 344896668, -355280075, 340154446, -238258747, -4, 0],
 [663049049, -53068717, -322759432, -232563806, 3988210, 299707674, 405001508, -691346710, 643550007, 138942792, 871900996, 888903837, -46966497, 12, 0],
 [-335495597, 367874183, -152244747, 683100732, 1417328299, -476826698, -286644755, -49652175, 460802916, -132189761, -70912556, -567503190, 551862702, 8, 0],
 [312819877, 204521927, -175029176, 131176887, 189849520, 651522666, -820582060, -401254679, 176129415, 194838487, 639397079, -1032021395, 236228539, -4, 0],
 [-334806241, -309395663, -842908671, -1108581330, 476859956, 449852640, 437162772, -358607016, 260819931, -167267607, -70454653, -683258017, -544610880, -29, 0],
 [315479396, 278098652, -28612736, 142099316, 247491128, -512672839, 56414, 65124566, 390824543, -642277240, 162734849, 775997691, -595525143, -39, 0],
 [-700359245, -276227587, 404738316, 67328665, -181167317, -225519655, -761984234, -214375125, -91598508, -731997851, -590712157, -549279596, -189091454, -14, 1]], shape=[15, 15], strides=[15, 1], layout=Cc (0x5), const ndim=2
v_norms: [2625920730696192960, 6119999584180282782799561650987909719/2625920730696192960, 13033484456186399460838004338641964180740904508030123659/6119999584180282782799561650987909719, 26433900349803216777460713534649446663868855086012146670672024010244251566/13033484456186399460838004338641964180740904508030123659, 53849312840768551473823939489223129468428130162518258304017107454239887860107327392444428799/26433900349803216777460713534649446663868855086012146670672024010244251566, 101391815444993653060689272240745527121448977730443065910009512279673278699020965896673742210685544833839162424/53849312840768551473823939489223129468428130162518258304017107454239887860107327392444428799, 179795258057353790622754208972007267725547540655110772520370387746899616271434317434509028496000844264736373180186205448743004929/101391815444993653060689272240745527121448977730443065910009512279673278699020965896673742210685544833839162424, 274541983188961178461179364727772412601247621744126821125984545216878350465776301391087536035739329296653560980809863273262931052624953468727622766/179795258057353790622754208972007267725547540655110772520370387746899616271434317434509028496000844264736373180186205448743004929, 3999749164973466179331536305573761622959124633467353300221648973644598076842996739690350165461909801013298621137427059277390599003169871439636039018693181358496065/2268942009826125441827928634113821591745848113587824967983343348899821078229556209843698644923465531377302156866197217134404388864669036931633246, 684163829473217153803209784466490978368858198913546867928740310860267807469783335572308873464362264354223484476314865314771450462057097675951702698899193696491040080999458586104612886/483969648961789407699115892974425156378054080649549749326819525810996367298002605502532370020891085922609133157628674172564262479383554444195960721261874944378023865, 1019094684960168072528173507162467776419687637752914612946489558739886490835386601309447158840066724701921486923291687779537827886603962504495372695578249883678218582238655502309762591714259762874710457/684163829473217153803209784466490978368858198913546867928740310860267807469783335572308873464362264354223484476314865314771450462057097675951702698899193696491040080999458586104612886, 1333004041225790557624079332093119257529847685544189163606313301775981502806423054312246121847865795026701029154769486442558637308697682042212464465091836384058554995606666225902934552988404735461749230601619400013834857/1019094684960168072528173507162467776419687637752914612946489558739886490835386601309447158840066724701921486923291687779537827886603962504495372695578249883678218582238655502309762591714259762874710457, 1473990645504165347901269023576202023737341338840531659262739911873027332616936416247315501045374212999396724517677469024061442327824983547091693525194604464900776615896721882462730254208216649030314112426969215561557768021933749370576861/1333004041225790557624079332093119257529847685544189163606313301775981502806423054312246121847865795026701029154769486442558637308697682042212464465091836384058554995606666225902934552988404735461749230601619400013834857, 3555822303820348596126553004628936474041015535377025692352552146379066324338315123754919151117534890525948044022890187454352924360155754362269122969205393295793750186796242258607490889162196269041214588937709727697784976369467234839970239849/1473990645504165347901269023576202023737341338840531659262739911873027332616936416247315501045374212999396724517677469024061442327824983547091693525194604464900776615896721882462730254208216649030314112426969215561557768021933749370576861, 1], shape=[15], strides=[1], layout=CFcf (0xf), const ndim=1
Mu { arr: [-1119951251592577741/2625920730696192960, -133293691980278159/328240091337024120, 2659893958255783466080514547457155368/6119999584180282782799561650987909719, 1205809300993090703/2625920730696192960, -1035816680881468161867627592481531197/6119999584180282782799561650987909719, -6079129676267422878383892579275398180236835402933587631/13033484456186399460838004338641964180740904508030123659, 57941661449386349/328240091337024120, 222020361554244592081894862716929752/556363598561843889345414695544355429, -219721119916346914190828665844116300140474569994900243/13033484456186399460838004338641964180740904508030123659, 7334294600674440128332055337666056521169759108771983754174069467112727043/26433900349803216777460713534649446663868855086012146670672024010244251566, 999603730351701809/2625920730696192960, 83645231073169012270259143471550359/556363598561843889345414695544355429, 5580763836934513011070903333819324021894178758603238793/13033484456186399460838004338641964180740904508030123659, -301258468951344370748867506291669600503897138184196389363446975013365056/4405650058300536129576785589108241110644809181002024445112004001707375261, 22356604629780480917229791833202116686594159812097928154331585479765904903529090013633073384/53849312840768551473823939489223129468428130162518258304017107454239887860107327392444428799, 8894579666587683/875306910232064320, 2833085344335796991879865803298009429/6119999584180282782799561650987909719, 3402007374107518718245881081066221128164943422677237239/13033484456186399460838004338641964180740904508030123659, -255200067213131034325776476258635358063896511447962233177048257141499815/26433900349803216777460713534649446663868855086012146670672024010244251566, -25784849632626667108303514403294085338465518909417346748791337867739623270617178781313181237/53849312840768551473823939489223129468428130162518258304017107454239887860107327392444428799, -37459256374755639075677793265888814492291214449790802574981077078740818820731533906901658399011283955054817905/101391815444993653060689272240745527121448977730443065910009512279673278699020965896673742210685544833839162424, 70004222632799159/656480182674048240, -3021734237974383706009891128294691924/6119999584180282782799561650987909719, -786654620218433390239233199188721822876240506839720807/13033484456186399460838004338641964180740904508030123659, -3086942765929636494888959046522461349101146361734432713679871906399956077/8811300116601072259153571178216482221289618362004048890224008003414750522, 18049170598235342262836439601764969830209629181155777285838014095078377940960550605278816491/53849312840768551473823939489223129468428130162518258304017107454239887860107327392444428799, -25331873063514713385343257419931190708424688234311638936769720832032273442915556924282140917315373557312602871/101391815444993653060689272240745527121448977730443065910009512279673278699020965896673742210685544833839162424, -74189949252935793835109028581840275923263112934637820187008864997508348116518464525722937481515102056319609051384724184296311225/179795258057353790622754208972007267725547540655110772520370387746899616271434317434509028496000844264736373180186205448743004929, 433368340905328291/2625920730696192960, -2373144256414482116809256839854628409/6119999584180282782799561650987909719, -5737090717027985219681004241243326534321721469644184427/13033484456186399460838004338641964180740904508030123659, -3943887781552665473297774339438305378065549785188227648671776530316161670/13216950174901608388730356767324723331934427543006073335336012005122125783, -25800998585931954174800705186648879756675731844863387159712723082321331280353701940740284314/53849312840768551473823939489223129468428130162518258304017107454239887860107327392444428799, 5844448954924196671417445788329279663670964231485936981148902311493977308638258805703479602193181906152806081/101391815444993653060689272240745527121448977730443065910009512279673278699020965896673742210685544833839162424, -59280377624328023528116976428913805284201282393225522354305638548922313197737082113523227076664667773717308871748200822661235025/179795258057353790622754208972007267725547540655110772520370387746899616271434317434509028496000844264736373180186205448743004929, -8934119941299992137308044886635440393255442364030364229985055905381808455769371048047923406548932144520303238643496420829551459483892426926600087/24958362108087379860107214975252037509204329249466074647816776837898031860525118308280685094158120845150323725528169388478448277511359406247965706, 134869300215244123/1312960365348096480, 2606450663832830370806277384399669566/6119999584180282782799561650987909719, -4249289838694145834343819401360276325256794325953009451/13033484456186399460838004338641964180740904508030123659, 279046921329635135252423678116984307901409026865263368319883033550889100/1201540924991055308066396069756793030175857049364188485030546545920193253, -16067379637464706678097498962505853917395634856475211512654186625428730048627770532369468188/53849312840768551473823939489223129468428130162518258304017107454239887860107327392444428799, 19535751125465740148169557813832490352041510486660869455749993549479730449958956250896969866668569162859294633/101391815444993653060689272240745527121448977730443065910009512279673278699020965896673742210685544833839162424, 48171160247127741797955808285018870909282410123376659588797714679239788998633670532395110406157015079868916709917388837260693439/179795258057353790622754208972007267725547540655110772520370387746899616271434317434509028496000844264736373180186205448743004929, -62417241108098653475367361863532407613340016421121086286907330420376622524479248787009324345386174134618703293073640478544374784783428542332524974/137270991594480589230589682363886206300623810872063410562992272608439175232888150695543768017869664648326780490404931636631465526312476734363811383, -21589217085185049053803613364922689868832973436043059795159711458704954491644349563847274000572926115168456229130429241104573186083248247390381297711519062078281552/43997240814708127972646899361311377852550370968140886302438138710090578845272964136593851820081007811146284832511697652051296589034868585835996429205624994943456715, 291764057631398867/656480182674048240, 2655293695685058092419484725893243548/6119999584180282782799561650987909719, 5212788086935500406658045198712008820328247379662264310/13033484456186399460838004338641964180740904508030123659, 3705998438009376303388659595054430429276601407486944370360801626751053483/13216950174901608388730356767324723331934427543006073335336012005122125783, -5694295531046086217252397343057090420670945179984955674057891485020846521358083191379897550/53849312840768551473823939489223129468428130162518258304017107454239887860107327392444428799, -28650615596040509816911608217290594251163964996324624496721577043645923769598700776051074771955921869883837129/101391815444993653060689272240745527121448977730443065910009512279673278699020965896673742210685544833839162424, -21288232713974218850265814197586657745140281994974987547230326659779977417425210903228278395475149176950814728079665846567666567/179795258057353790622754208972007267725547540655110772520370387746899616271434317434509028496000844264736373180186205448743004929, 4345603117841999089702867788942195064320818304710932558987553386466756669382170217214784140866605164405502713453464820640973573784894952269259003/12479181054043689930053607487626018754602164624733037323908388418949015930262559154140342547079060422575161862764084694239224138755679703123982853, 1833296422790076243184909784222984487339915233472484679562468769588112375578083726763077063769392465086052951771127453217051516247335903793027488990896961742888302/3999749164973466179331536305573761622959124633467353300221648973644598076842996739690350165461909801013298621137427059277390599003169871439636039018693181358496065, -269522418629498897541563601741667359301126898285997783183807877638433318142478342508228824838640747714740622858039541514409873500943201109279129935617992766845394461155248799293095001/684163829473217153803209784466490978368858198913546867928740310860267807469783335572308873464362264354223484476314865314771450462057097675951702698899193696491040080999458586104612886, 33647637054695599/109413363779008040, -872748469350976038970067300402450424/6119999584180282782799561650987909719, 3174339970407285532997618544253366455709136408139452150/13033484456186399460838004338641964180740904508030123659, 3607140327298786835022398829599298979577718534068588099321875313842997615/8811300116601072259153571178216482221289618362004048890224008003414750522, -14171039997281290490890141206200228481554316549089571016413678452122746350658849481119495039/53849312840768551473823939489223129468428130162518258304017107454239887860107327392444428799, 4461439148980027343180669049994282162342578342999829037200889911874069163765828894939948847291348879818191607/50695907722496826530344636120372763560724488865221532955004756139836639349510482948336871105342772416919581212, 39701128834934112038258539482731140986032575724529936111219884201710507068660660186184911102518879536599228256868195426797736250/179795258057353790622754208972007267725547540655110772520370387746899616271434317434509028496000844264736373180186205448743004929, -94054449364622744003350608274767565493003860205227312914352170031916511312683770731766889419401219165005344303383136034112826450792161028864597089/274541983188961178461179364727772412601247621744126821125984545216878350465776301391087536035739329296653560980809863273262931052624953468727622766, -11598458821739077291884224882609738559342168948168421077883754603535580156571405103073439765040392272777385047383006211959113018267856311442838778719014151780513053/43997240814708127972646899361311377852550370968140886302438138710090578845272964136593851820081007811146284832511697652051296589034868585835996429205624994943456715, -143913903066386242518822357119689799389267388406988398983466734423184992684407043459704602823578725811810748633564942478758190002047981940321726014064426245954112595882375681089905073/342081914736608576901604892233245489184429099456773433964370155430133903734891667786154436732181132177111742238157432657385725231028548837975851349449596848245520040499729293052306443, 389028908913204872259579377158406795091414276828207326873135628499056480080161135180290270146852163567971865230166139659196487931035190047512220258266728678522331784215189408299462631989578412994446700/1019094684960168072528173507162467776419687637752914612946489558739886490835386601309447158840066724701921486923291687779537827886603962504495372695578249883678218582238655502309762591714259762874710457, -73371534042426313/164120045668512060, 2470726680456358750185537003849132272/6119999584180282782799561650987909719, 4269448924328158309100123323519047213842114990122020072/13033484456186399460838004338641964180740904508030123659, 35190297594389121013973702625849992848424968864848362522328385870888394/400513641663685102688798689918931010058619016454729495010182181973397751, -22880846521799893500989184049509561918045435141321776227942218830244487748403688871045346864/53849312840768551473823939489223129468428130162518258304017107454239887860107327392444428799, -1491008083754278603087165507762745695461855682216690136169133971879699163254461073093766188035449872110425937/25347953861248413265172318060186381780362244432610766477502378069918319674755241474168435552671386208459790606, 44534243696925826819112441333626907028740076393810215907871616044082933505890196393955395925035482495236860396550006080969351044/179795258057353790622754208972007267725547540655110772520370387746899616271434317434509028496000844264736373180186205448743004929, 67135711231566976336744843954753541914968751054168897315499685515074904096306368071585714028847130238492646456872611435084501073216210145120031700/137270991594480589230589682363886206300623810872063410562992272608439175232888150695543768017869664648326780490404931636631465526312476734363811383, -18149678822887395332390017085817813272465348726989983870240905284481866186720041531541754515177021349709801559461276737083810750231315569415860690812949107765594306/43997240814708127972646899361311377852550370968140886302438138710090578845272964136593851820081007811146284832511697652051296589034868585835996429205624994943456715, -19004533579555909996320226070491899148533244625467973780815696884920461303959494598126046928405924730266058011744053971083405584437600978294282483786333028531973445146793837640002166/342081914736608576901604892233245489184429099456773433964370155430133903734891667786154436732181132177111742238157432657385725231028548837975851349449596848245520040499729293052306443, -195708384806202490362634044586241142380386857848150251029025893412947675934018011751152157758982307262706832750820998778617446110207017338419934233798676696662365800939042959138885638704965561062766308/1019094684960168072528173507162467776419687637752914612946489558739886490835386601309447158840066724701921486923291687779537827886603962504495372695578249883678218582238655502309762591714259762874710457, 637220520937778956129945839548038037187540296407005027571939751456225749751261800818200734262281187035522632633709092723684146300818813553294926292575678850779719450339914916414410780868792750802312478574998057490243731/1333004041225790557624079332093119257529847685544189163606313301775981502806423054312246121847865795026701029154769486442558637308697682042212464465091836384058554995606666225902934552988404735461749230601619400013834857, 11500663821028037/65648018267404824, 2527815766657861355807756929438605800/6119999584180282782799561650987909719, 2352437665008480990971702530779504684706417781158715202/13033484456186399460838004338641964180740904508030123659, -12546919124138200967554634106685080376912726725113024317727459250147377671/26433900349803216777460713534649446663868855086012146670672024010244251566, -285156044268140045108289333761813685094164620183138146790665172316974924229045824932946629/3167606637692267733754349381719007615789890009559897547295123967896463991771019258379084047, 13911908680323104065323349721373220698044462383061082567139198460267207546112731354884517894999470749966387023/101391815444993653060689272240745527121448977730443065910009512279673278699020965896673742210685544833839162424, -55280797151134827416471508575621831288676245810340806038561046481753116116131398533745787015749864736252360156004115563296688783/179795258057353790622754208972007267725547540655110772520370387746899616271434317434509028496000844264736373180186205448743004929, -354769560871255477633204520278161150001111820407774477250320004594349457360073094178127412544031113533385753927039502585363594740677909595299667/959937004157206917696431345202001442661704971133310563377568339919155071558658396472334042083004647890397066366468053403017241442744592547998681, -6318958476069079384121444148502825984862834936967619328959189141197083749212213153780044798427441124112853147564797731958280548827757493930178951688925642031876/799949832994693235866307261114752324591824926693470660044329794728919615368599347938070033092381960202659724227485411855478119800633974287927207803738636271699213, 160839134218183534746595369886560288335871067814922731007437256058675635206563590424993497743789780015925180971409533843349087402071800463329147370484227103793619742108584415488302100/342081914736608576901604892233245489184429099456773433964370155430133903734891667786154436732181132177111742238157432657385725231028548837975851349449596848245520040499729293052306443, 83584190202132404996009979368442673101874584069340314099432683532246381486347869339103518301489206250343905587110994646708454297855724717145945653776319546211812686272528755412917334398520198840978576/1019094684960168072528173507162467776419687637752914612946489558739886490835386601309447158840066724701921486923291687779537827886603962504495372695578249883678218582238655502309762591714259762874710457, -658448870928198295595825183870049308762199535755648683447059870885693235353364970006749630715129566647246366243769750385015291227449653135491370590312045403233523065377919379176874544137825592621991568329326043666108120/1333004041225790557624079332093119257529847685544189163606313301775981502806423054312246121847865795026701029154769486442558637308697682042212464465091836384058554995606666225902934552988404735461749230601619400013834857, 24704678746841905228652002281901784974884009491641308948230485606971999721160710883031532497533354018790755075864196012338533987646806552494220610694996414540485102930916722330161667515913793146638176758163434435916316422403375045942010/1473990645504165347901269023576202023737341338840531659262739911873027332616936416247315501045374212999396724517677469024061442327824983547091693525194604464900776615896721882462730254208216649030314112426969215561557768021933749370576861, -104734675858545547/262592073069619296, -2229004101285603385355300503617150550/6119999584180282782799561650987909719, 6372380404686707190746948862794385589256279626203932887/13033484456186399460838004338641964180740904508030123659, -10270385340573331396406928244012007372677402389569861365630371534779222333/26433900349803216777460713534649446663868855086012146670672024010244251566, -1937812673564997897922630278553714261331311701772114157868549762624727936514586003280479325/53849312840768551473823939489223129468428130162518258304017107454239887860107327392444428799, -11188387764794683849441168755104791284249672981704831973714682204798804347378192355487984533303453310944664067/50695907722496826530344636120372763560724488865221532955004756139836639349510482948336871105342772416919581212, -88684610376774659939387715751294866256953699378666090882713784718750226040736249347085580742529939424140473389690616541429923354/179795258057353790622754208972007267725547540655110772520370387746899616271434317434509028496000844264736373180186205448743004929, 39864573445857018662018201097472919533169479299593321811208488848381256074663571216875345980219857768515732880171026188655231207622338633098745089/274541983188961178461179364727772412601247621744126821125984545216878350465776301391087536035739329296653560980809863273262931052624953468727622766, 1324540189825018961492528514456961050217486624557264330116690428041903454696331841558381840893883801294296618488992582862192961518272164562040713962715863149102143/8799448162941625594529379872262275570510074193628177260487627742018115769054592827318770364016201562229256966502339530410259317806973717167199285841124998988691343, -32125019086871262938527148976048640036350895010269724262197824435688558128716999222835663369759696082591709403096394944931267977519777001368540964793627763771346507107907086397150225/97737689924745307686172826352355854052694028416220981132677187265752543924254762224615553352051752050603354925187837902110207208865299667993100385557027670927291440142779798014944698, 361932749272233084343358907811269529794696974134884576757415312697013507538744130708012564761636524422602240578824645253171186238084732240032719534555132045313468231317899954970428511620339911426954395/1019094684960168072528173507162467776419687637752914612946489558739886490835386601309447158840066724701921486923291687779537827886603962504495372695578249883678218582238655502309762591714259762874710457, 59260771454779813020624714606272779985062066154813213260988167619879556491517900088231518238997126580833556974002480308241809473693967608630531005731878418278031201827067734313822766611672664836260197089656559067805720/190429148746541508232011333156159893932835383649169880515187614539425928972346150616035160263980827860957289879252783777508376758385383148887494923584548054865507856515238032271847793284057819351678461514517057144833551, -367355398844842715319475160740417734759124335870144302648746050057665596537421434970039928768661856336908927976162228808902745094489535274460756003238769905705050053010446603302685540998056434014301936077314151486601429079491052600338263/1473990645504165347901269023576202023737341338840531659262739911873027332616936416247315501045374212999396724517677469024061442327824983547091693525194604464900776615896721882462730254208216649030314112426969215561557768021933749370576861, 376134070741661074016092834397478169839358811486041465928623965244723360708585165512843526367922782479748643171431312283/1885688814152629107154277619922876764304596912286249014523708361083916319771495841954230015734021842775617758303354433043] }
(hist.len, cnt): (1379, 20161)
[(0, 1), (0, 1), (0, 1), (0, 1), (0, 1), (0, 1), (0, 1), (0, 1), (0, 1), (0, 1), (0, 1), (0, 1), (0, 1), (0, 1), (0, 1), (0, 1), (0, 1), (0, 1), (0, 1), (0, 1), (0, 1), (0, 1), (0, 1), (0, 1), (0, 1), (0, 1), (0, 1), (0, 1), (0, 1), (0, 1), (0, 1), (0, 1), (0, 1), (0, 1), (0, 1), (0, 1), (0, 1), (0, 1), (0, 1), (0, 1), (0, 1), (0, 1), (0, 1), (0, 1), (0, 1), (0, 1), (0, 1), (0, 1), (0, 1), (0, 1), (0, 1), (0, 1), (0, 1), (0, 1), (0, 1), (0, 1), (0, 1), (0, 1), (0, 1), (0, 1), (0, 1), (0, 1), (0, 1), (0, 1), (0, 1), (0, 1), (0, 1), (0, 1), (0, 1), (0, 1), (0, 1), (0, 1), (0, 1), (0, 1), (0, 1), (0, 1), (0, 1), (0, 2), (0, 2), (0, 1), (0, 2), (0, 2), (0, 1), (1, 2), (0, 2), (0, 2), (0, 2), (0, 2), (0, 1), (0, 2), (1, 2), (0, 2), (0, 2), (0, 2), (0, 2), (0, 2), (1, 2), (0, 2), (0, 1), (0, 2), (0, 2), (0, 2), (0, 2), (0, 2), (0, 2), (0, 2), (0, 2), (0, 2), (0, 2), (0, 1), (0, 2), (0, 2), (1, 2), (0, 2), (0, 2), (0, 2), (0, 2), (0, 2), (0, 2), (0, 2), (0, 2), (0, 2), (0, 2), (0, 1), (0, 1), (0, 2), (0, 2), (0, 2), (0, 2), (0, 2), (0, 2), (0, 2), (0, 2), (1, 2), (0, 2), (0, 2), (0, 2), (2, 3), (0, 3), (0, 3), (1, 2), (0, 3), (0, 2), (0, 3), (0, 3), (0, 3), (1, 2), (0, 3), (0, 3), (0, 3), (0, 3), (0, 3), (1, 2), (1, 3), (0, 2), (0, 3), (0, 3), (0, 3), (0, 2), (1, 3), (0, 3), (0, 3), (0, 3), (0, 3), (0, 3), (0, 2), (0, 2), (1, 2), (0, 3), (1, 3), (0, 3), (0, 3), (0, 3), (0, 3), (0, 3), (1, 3), (0, 3), (0, 3), (1, 3), (0, 3), (0, 3), (0, 2), (0, 2), (1, 2), (0, 3), (1, 2), (0, 3), (0, 2), (0, 3), (0, 3), (1, 2), (0, 3), (0, 2), (0, 3), (0, 3), (1, 2), (0, 3), (0, 3), (1, 3), (1, 3), (0, 3), (1, 3), (0, 3), (0, 4), (0, 4), (2, 3), (0, 4), (0, 3), (2, 3), (1, 4), (1, 4), (2, 3), (0, 4), (1, 4), (0, 4), (0, 4), (0, 2), (0, 3), (0, 3), (0, 4), (1, 2), (2, 3), (0, 4), (2, 3), (0, 4), (2, 3), (0, 4), (2, 3), (1, 3), (2, 3), (0, 4), (2, 3), (1, 4), (0, 4), (1, 2), (1, 3), (0, 4), (1, 2), (0, 4), (1, 2), (0, 4), (1, 2), (0, 4), (2, 3), (0, 4), (0, 4), (0, 4), (0, 4), (1, 2), (0, 4), (1, 2), (1, 3), (2, 3), (0, 4), (0, 2), (0, 4), (0, 4), (1, 2), (0, 4), (1, 3), (0, 4), (1, 3), (0, 4), (2, 3), (0, 4), (2, 3), (1, 4), (0, 3), (0, 4), (2, 3), (0, 4), (1, 5), (0, 5), (2, 3), (0, 5), (1, 2), (1, 3), (2, 5), (1, 5), (2, 4), (3, 4), (1, 5), (1, 3), (3, 4), (0, 5), (0, 4), (1, 2), (1, 3), (0, 5), (0, 5), (2, 3), (0, 4), (3, 4), (0, 5), (1, 3), (0, 5), (0, 2), (1, 3), (0, 5), (2, 3), (1, 5), (3, 4), (0, 5), (1, 2), (0, 5), (0, 5), (0, 5), (3, 4), (0, 5), (2, 4), (2, 4), (0, 5), (0, 4), (1, 2), (2, 3), (0, 5), (1, 4), (0, 5), (1, 2), (1, 4), (3, 4), (0, 5), (1, 2), (0, 4), (2, 3), (0, 5), (0, 5), (0, 5), (2, 3), (0, 4), (1, 2), (0, 5), (0, 5), (3, 4), (2, 5), (0, 5), (1, 2), (1, 3), (2, 3), (1, 4), (0, 4), (0, 5), (1, 5), (1, 4), (2, 3), (0, 6), (1, 2), (2, 3), (0, 6), (1, 2), (3, 4), (0, 6), (2, 4), (2, 5), (0, 6), (2, 4), (3, 4), (0, 6), (1, 6), (2, 3), (2, 6), (4, 5), (1, 6), (3, 4), (0, 6), (1, 5), (1, 6), (3, 4), (2, 6), (3, 4), (1, 6), (1, 4), (3, 5), (2, 4), (3, 4), (1, 6), (0, 4), (0, 5), (0, 6), (3, 4), (0, 5), (0, 2), (1, 2), (0, 3), (1, 2), (2, 3), (4, 5), (0, 6), (3, 4), (0, 5), (0, 6), (2, 3), (0, 4), (3, 4), (2, 5), (4, 5), (0, 6), (1, 2), (3, 5), (4, 5), (1, 6), (2, 4), (3, 5), (0, 6), (2, 4), (3, 4), (3, 5), (1, 6), (4, 5), (0, 6), (1, 5), (0, 3), (4, 5), (2, 6), (2, 5), (4, 5), (0, 6), (0, 5), (2, 3), (0, 6), (1, 2), (1, 4), (2, 5), (4, 5), (2, 6), (2, 6), (1, 7), (2, 4), (4, 5), (3, 6), (4, 5), (1, 7), (3, 4), (2, 5), (2, 6), (3, 5), (1, 7), (2, 4), (5, 6), (2, 7), (4, 6), (0, 7), (0, 2), (3, 4), (0, 5), (1, 6), (2, 3), (4, 6), (0, 7), (0, 1), (3, 4), (2, 6), (4, 5), (2, 7), (3, 5), (2, 6), (2, 6), (3, 4), (5, 6), (0, 7), (0, 3), (4, 5), (0, 6), (1, 2), (3, 4), (1, 5), (2, 4), (3, 6), (0, 7), (0, 4), (0, 2), (3, 5), (0, 7), (1, 6), (0, 7), (1, 3), (2, 3), (0, 7), (2, 3), (2, 4), (0, 6), (3, 4), (4, 5), (2, 6), (0, 7), (4, 5), (5, 6), (0, 7), (0, 3), (2, 4), (5, 6), (0, 7), (1, 3), (2, 4), (5, 6), (0, 7), (1, 2), (1, 5), (2, 4), (0, 7), (1, 2), (3, 5), (0, 6), (1, 3), (2, 3), (4, 5), (0, 7), (1, 3), (4, 5), (0, 7), (3, 4), (4, 5), (2, 6), (0, 7), (1, 2), (1, 4), (2, 6), (0, 7), (3, 5), (3, 5), (0, 6), (2, 4), (2, 6), (3, 4), (4, 5), (1, 7), (5, 6), (0, 7), (1, 3), (1, 5), (0, 7), (0, 2), (3, 4), (4, 5), (3, 7), (2, 8), (5, 6), (1, 8), (3, 4), (3, 5), (0, 6), (4, 5), (4, 6), (5, 6), (2, 7), (3, 4), (4, 5), (6, 7), (0, 8), (1, 3), (3, 4), (2, 6), (3, 4), (1, 7), (5, 6), (0, 8), (2, 6), (2, 4), (0, 8), (0, 6), (5, 6), (5, 7), (1, 8), (0, 6), (0, 8), (1, 2), (2, 5), (0, 7), (1, 3), (1, 4), (2, 3), (3, 4), (6, 7), (0, 8), (1, 2), (2, 5), (0, 6), (2, 3), (1, 4), (5, 6), (2, 7), (4, 7), (0, 8), (2, 6), (4, 5), (3, 7), (6, 7), (0, 8), (1, 2), (3, 4), (4, 5), (0, 8), (1, 3), (5, 6), (0, 7), (1, 2), (1, 5), (2, 3), (3, 5), (1, 8), (2, 3), (4, 5), (6, 7), (0, 8), (1, 6), (1, 7), (3, 6), (3, 7), (4, 5), (0, 8), (1, 2), (1, 3), (0, 5), (4, 7), (5, 6), (1, 8), (5, 7), (0, 8), (2, 3), (3, 7), (4, 5), (5, 6), (0, 8), (1, 2), (5, 6), (4, 7), (5, 7), (6, 7), (1, 8), (2, 3), (1, 4), (1, 5), (4, 5), (0, 6), (0, 2), (2, 7), (4, 5), (0, 8), (1, 2), (2, 4), (2, 8), (0, 7), (0, 2), (3, 4), (0, 5), (1, 7), (3, 4), (6, 7), (0, 8), (2, 3), (2, 5), (6, 7), (3, 8), (0, 9), (3, 4), (1, 8), (5, 7), (0, 9), (2, 4), (7, 8), (2, 9), (3, 7), (0, 8), (1, 2), (3, 4), (5, 8), (6, 8), (7, 8), (0, 9), (1, 7), (2, 3), (4, 5), (1, 8), (2, 3), (3, 4), (4, 5), (6, 7), (0, 9), (2, 3), (1, 5), (3, 5), (1, 6), (2, 4), (0, 7), (2, 7), (0, 9), (1, 2), (2, 5), (2, 7), (0, 8), (2, 3), (2, 7), (5, 7), (0, 9), (0, 2), (3, 6), (4, 5), (0, 8), (3, 5), (5, 6), (1, 7), (2, 3), (3, 4), (2, 5), (6, 7), (1, 8), (2, 3), (1, 4), (3, 4), (2, 5), (4, 6), (0, 8), (6, 7), (0, 9), (1, 2), (3, 7), (5, 6), (0, 8), (3, 5), (4, 5), (0, 9), (1, 2), (2, 3), (3, 4), (6, 8), (7, 8), (0, 9), (0, 6), (1, 9), (2, 5), (4, 5), (4, 6), (3, 7), (4, 6), (1, 7), (2, 5), (3, 5), (4, 5), (3, 6), (4, 7), (5, 7), (6, 7), (0, 8), (2, 4), (1, 5), (4, 8), (5, 6), (1, 9), (2, 3), (4, 6), (4, 8), (5, 6), (2, 9), (0, 9), (1, 2), (1, 4), (4, 5), (6, 7), (4, 8), (5, 6), (2, 7), (3, 4), (1, 8), (4, 6), (5, 6), (5, 7), (6, 7), (0, 9), (2, 3), (1, 4), (2, 4), (3, 4), (1, 6), (2, 5), (1, 7), (1, 4), (5, 7), (5, 8), (7, 8), (1, 9), (4, 5), (3, 6), (5, 6), (7, 8), (1, 9), (2, 3), (4, 6), (0, 10), (3, 4), (1, 5), (4, 5), (7, 8), (0, 10), (2, 6), (4, 6), (5, 6), (2, 7), (0, 10), (1, 4), (3, 4), (1, 5), (0, 6), (5, 6), (3, 7), (5, 6), (4, 7), (5, 6), (6, 7), (2, 8), (0, 9), (1, 2), (2, 3), (4, 5), (5, 7), (6, 7), (6, 8), (7, 9), (2, 10), (1, 6), (1, 8), (2, 3), (3, 4), (5, 6), (0, 10), (2, 4), (3, 6), (3, 7), (8, 9), (2, 10), (3, 5), (5, 6), (2, 7), (7, 8), (7, 9), (8, 9), (0, 10), (1, 4), (3, 5), (4, 8), (2, 9), (5, 6), (0, 10), (2, 4), (3, 4), (4, 7), (5, 6), (6, 7), (1, 8), (2, 3), (0, 9), (2, 4), (2, 6), (7, 8), (1, 10), (5, 6), (7, 8), (3, 9), (4, 5), (0, 10), (2, 3), (2, 4), (3, 6), (3, 8), (3, 5), (2, 9), (5, 6), (4, 7), (5, 6), (4, 7), (5, 6), (5, 7), (8, 9), (0, 10), (1, 2), (4, 7), (6, 7), (0, 9), (1, 4), (4, 5), (6, 8), (7, 9), (8, 9), (0, 10), (3, 6), (4, 5), (5, 6), (3, 7), (4, 8), (5, 8), (0, 10), (1, 2), (1, 3), (2, 5), (6, 9), (2, 10), (5, 7), (6, 7), (1, 8), (3, 4), (3, 5), (6, 8), (1, 10), (2, 3), (4, 5), (4, 6), (0, 7), (2, 4), (3, 7), (6, 7), (1, 8), (2, 4), (3, 4), (3, 5), (4, 6), (0, 10), (1, 5), (2, 3), (3, 6), (5, 9), (6, 9), (7, 8), (0, 10), (2, 5), (4, 5), (2, 6), (7, 8), (8, 9), (2, 10), (3, 4), (6, 7), (2, 8), (2, 9), (3, 4), (4, 5), (5, 6), (6, 7), (9, 10), (1, 11), (0, 1), (2, 6), (5, 6), (7, 10), (8, 9), (1, 11), (0, 1), (1, 4), (3, 6), (7, 8), (0, 9), (0, 3), (5, 7), (7, 8), (1, 10), (0, 10), (4, 5), (5, 6), (3, 9), (4, 5), (6, 7), (3, 8), (6, 7), (2, 10), (5, 6), (5, 7), (4, 8), (5, 7), (1, 11), (2, 3), (3, 4), (5, 7), (5, 8), (8, 9), (0, 10), (3, 5), (4, 7), (2, 10), (4, 6), (4, 7), (7, 8), (1, 9), (6, 7), (7, 8), (3, 10), (4, 5), (1, 6), (3, 6), (4, 5), (5, 6), (0, 10), (2, 3), (5, 6), (4, 7), (6, 7), (4, 9), (6, 7), (6, 8), (7, 8), (7, 9), (5, 10), (7, 8), (8, 10), (3, 11), (3, 6), (3, 7), (4, 5), (6, 7), (7, 8), (6, 10), (8, 9), (2, 11), (5, 6), (3, 7), (1, 8), (4, 8), (5, 8), (2, 10), (1, 4), (1, 5), (2, 5), (3, 4), (3, 5), (1, 6), (7, 8), (7, 9), (8, 10), (9, 10), (7, 11), (0, 7), (1, 6), (2, 5), (3, 4), (3, 5), (4, 5), (3, 6), (4, 5), (5, 6), (1, 7), (3, 5), (4, 5), (1, 9), (4, 7), (8, 9), (0, 10), (1, 2), (2, 3), (0, 5), (6, 7), (8, 9), (9, 10), (3, 11), (1, 3), (2, 3), (0, 5), (0, 6), (1, 2), (0, 8), (3, 5), (6, 8), (0, 10), (3, 4), (6, 7), (7, 8), (0, 9), (2, 3), (4, 7), (5, 7), (6, 7), (5, 8), (8, 9), (2, 10), (4, 5), (2, 6), (3, 4), (1, 9), (7, 9), (7, 9), (8, 9), (5, 11), (8, 9), (3, 10), (4, 6), (2, 7), (3, 4), (4, 8), (5, 7), (2, 12), (1, 2), (3, 5), (4, 6), (1, 8), (4, 5), (5, 8), (6, 10), (1, 11), (0, 1), (1, 3), (2, 3), (3, 5), (5, 6), (2, 8), (6, 7), (5, 8), (6, 7), (6, 8), (7, 8), (8, 9), (6, 10), (8, 9), (7, 10), (8, 9), (2, 12), (1, 2), (4, 5), (7, 9), (7, 9), (9, 10), (1, 11), (0, 1), (1, 2), (8, 10), (3, 12), (1, 3), (5, 7), (6, 9), (6, 10), (7, 8), (8, 9), (8, 10), (3, 12), (1, 3), (2, 3), (4, 5), (2, 6), (0, 4), (1, 3), (1, 8), (2, 3), (6, 9), (1, 7), (4, 7), (5, 6), (2, 7), (3, 5), (4, 6), (6, 7), (1, 8), (2, 9), (3, 4), (4, 7), (9, 10), (8, 10), (9, 10), (8, 11), (9, 10), (2, 12), (0, 2), (0, 2), (3, 6), (4, 5), (5, 7), (6, 8), (7, 8), (4, 9), (0, 10), (2, 5), (5, 6), (3, 11), (5, 6), (5, 7), (1, 8), (8, 9), (6, 10), (1, 8), (2, 3), (5, 6), (9, 10), (2, 12), (0, 2), (1, 2), (5, 7), (3, 9), (4, 6), (7, 8), (8, 9), (1, 10), (2, 3), (5, 6), (6, 7), (8, 9), (1, 11), (2, 5), (6, 7), (3, 9), (9, 10), (2, 12), (0, 2), (3, 7), (2, 9), (2, 12), (0, 2), (1, 2), (6, 7), (6, 8), (7, 8), (6, 9), (6, 8), (3, 9), (4, 5), (5, 6), (6, 7), (7, 8), (8, 9), (8, 10), (9, 10), (2, 12), (0, 2), (5, 6), (9, 10), (6, 11), (7, 8), (2, 12), (0, 2), (1, 3), (5, 6), (6, 7), (4, 8), (7, 8), (4, 9), (5, 6), (6, 8), (2, 12), (1, 2), (1, 5), (4, 5), (4, 6), (3, 7), (7, 8), (1, 10), (1, 3), (3, 4), (0, 6), (5, 6), (6, 9), (9, 10), (4, 11), (3, 4), (5, 7), (1, 11), (0, 1), (2, 3), (4, 5), (5, 8), (6, 8), (1, 8), (3, 6), (4, 5), (1, 6), (2, 3), (2, 4), (3, 5), (5, 6), (6, 7), (9, 11), (6, 9), (7, 8), (6, 12), (3, 6), (5, 6), (1, 7), (2, 3), (0, 8), (2, 5), (3, 6), (1, 9), (2, 4), (3, 4), (4, 5), (5, 6), (8, 9), (9, 10), (4, 11), (5, 6), (5, 9), (6, 9), (7, 8), (7, 9), (8, 10), (2, 12), (0, 2), (1, 5), (2, 3), (6, 11), (7, 9), (8, 9), (7, 11), (11, 12), (9, 11), (7, 13), (4, 7), (1, 7), (2, 3), (3, 5), (4, 5), (5, 9), (2, 8), (3, 5), (4, 5), (3, 7), (4, 6), (4, 6), (4, 8), (5, 6), (5, 8), (6, 8), (7, 8), (2, 10), (6, 9), (7, 9), (4, 9), (5, 8), (6, 7), (6, 9), (7, 8), (7, 9), (8, 9), (9, 10), (6, 11), (9, 11), (8, 9), (9, 10), (3, 13), (0, 3), (3, 4), (5, 6), (5, 7), (8, 9), (1, 10), (2, 4), (3, 4), (4, 7), (6, 9), (7, 9), (7, 10), (9, 11), (6, 12), (2, 6), (5, 6), (1, 7), (4, 7), (5, 6), (7, 10), (8, 10), (7, 11), (2, 9), (3, 8), (5, 8), (7, 8), (5, 9), (1, 10), (3, 4), (4, 8), (7, 8), (8, 9), (3, 13), (0, 3), (1, 3), (3, 4), (4, 8), (5, 6), (9, 10), (8, 10), (9, 10), (7, 11), (2, 7), (3, 6), (5, 6), (5, 7), (6, 7), (9, 11)]
