results/lll/ndim25seed3cnt1000dim25delta1.txt: 744.919 sec
b: [[0, 0, 0, 0, 0, ..., 0, 0, 0, 0, 0],
 [0, 0, 0, 0, 1, ..., 0, 0, 0, 0, 0],
 [0, 0, 0, 0, 0, ..., 0, 0, 0, 0, 0],
 [0, 1, 0, 0, 0, ..., 0, 0, 0, 0, 0],
 [0, 0, 0, 0, 0, ..., 0, 0, 0, 0, 0],
 ...,
 [0, 0, 0, 0, 0, ..., 0, 0, 0, 0, 0],
 [0, 0, 0, 0, 0, ..., 0, 0, 0, 0, -1],
 [0, 0, 0, 0, 0, ..., 0, 0, 0, 0, 0],
 [0, 0, 0, 0, 0, ..., 0, 0, 0, 0, 0],
 [0, 0, 0, 0, 0, ..., 0, 0, 0, 0, 0]], shape=[25, 25], strides=[25, 1], layout=Cc (0x5), const ndim=2
v_norms: [1, 1, 1, 1, 1, 1, 1, 1, 1, 1, 1, 1, 1, 1, 1, 1, 1, 1, 1, 1, 1, 1, 1, 1, 1], shape=[25], strides=[1], layout=CFcf (0xf), const ndim=1
Mu { arr: [0, 0, 0, 0, 0, 0, 0, 0, 0, 0, 0, 0, 0, 0, 0, 0, 0, 0, 0, 0, 0, 0, 0, 0, 0, 0, 0, 0, 0, 0, 0, 0, 0, 0, 0, 0, 0, 0, 0, 0, 0, 0, 0, 0, 0, 0, 0, 0, 0, 0, 0, 0, 0, 0, 0, 0, 0, 0, 0, 0, 0, 0, 0, 0, 0, 0, 0, 0, 0, 0, 0, 0, 0, 0, 0, 0, 0, 0, 0, 0, 0, 0, 0, 0, 0, 0, 0, 0, 0, 0, 0, 0, 0, 0, 0, 0, 0, 0, 0, 0, 0, 0, 0, 0, 0, 0, 0, 0, 0, 0, 0, 0, 0, 0, 0, 0, 0, 0, 0, 0, 0, 0, 0, 0, 0, 0, 0, 0, 0, 0, 0, 0, 0, 0, 0, 0, 0, 0, 0, 0, 0, 0, 0, 0, 0, 0, 0, 0, 0, 0, 0, 0, 0, 0, 0, 0, 0, 0, 0, 0, 0, 0, 0, 0, 0, 0, 0, 0, 0, 0, 0, 0, 0, 0, 0, 0, 0, 0, 0, 0, 0, 0, 0, 0, 0, 0, 0, 0, 0, 0, 0, 0, 0, 0, 0, 0, 0, 0, 0, 0, 0, 0, 0, 0, 0, 0, 0, 0, 0, 0, 0, 0, 0, 0, 0, 0, 0, 0, 0, 0, 0, 0, 0, 0, 0, 0, 0, 0, 0, 0, 0, 0, 0, 0, 0, 0, 0, 0, 0, 0, 0, 0, 0, 0, 0, 0, 0, 0, 0, 0, 0, 0, 0, 0, 0, 0, 0, 0, 0, 0, 0, 0, 0, 0, 0, 0, 0, 0, 0, 0, 0, 0, 0, 0, 0, 0, 0, 0, 0, 0, 0, 0, 0, 0, 0, 0, 0, 0, 0, 0, 0, 0, 0, 0, 0, 0, 0, 0, 0, 0] }
(hist.len, cnt): (8942, 17807)
[(0, 1), (2, 3), (1, 2), (0, 1), (1, 2), (2, 3), (1, 2), (0, 1), (2, 3), (1, 2), (3, 4), (2, 3), (1, 2), (0, 1), (3, 4), (2, 3), (1, 2), (0, 1), (3, 4), (2, 3), (1, 2), (0, 1), (3, 4), (4, 5), (3, 4), (2, 3), (1, 2), (0, 1), (3, 4), (2, 3), (1, 2), (4, 5), (3, 4), (2, 3), (1, 2), (0, 1), (2, 3), (1, 2), (3, 4), (2, 3), (1, 2), (0, 1), (3, 4), (2, 3), (1, 2), (4, 5), (3, 4), (2, 3), (1, 2), (0, 1), (2, 3), (4, 5), (3, 4), (5, 6), (4, 5), (3, 4), (2, 3), (1, 2), (0, 1), (2, 3), (1, 2), (0, 1), (5, 6), (4, 5), (3, 4), (2, 3), (3, 4), (5, 6), (4, 5), (3, 4), (2, 3), (1, 2), (0, 1), (4, 5), (3, 4), (2, 3), (3, 4), (2, 3), (4, 5), (3, 4), (2, 3), (6, 7), (5, 6), (4, 5), (3, 4), (2, 3), (1, 2), (0, 1), (3, 4), (2, 3), (4, 5), (3, 4), (6, 7), (5, 6), (4, 5), (3, 4), (2, 3), (1, 2), (0, 1), (2, 3), (1, 2), (3, 4), (2, 3), (1, 2), (0, 1), (1, 2), (4, 5), (3, 4), (6, 7), (5, 6), (4, 5), (3, 4), (2, 3), (1, 2), (5, 6), (6, 7), (5, 6), (4, 5), (3, 4), (2, 3), (1, 2), (0, 1), (4, 5), (3, 4), (2, 3), (7, 8), (6, 7), (5, 6), (4, 5), (3, 4), (2, 3), (1, 2), (3, 4), (4, 5), (3, 4), (5, 6), (4, 5), (3, 4), (4, 5), (5, 6), (4, 5), (3, 4), (2, 3), (1, 2), (0, 1), (3, 4), (2, 3), (5, 6), (4, 5), (3, 4), (2, 3), (1, 2), (0, 1), (5, 6), (4, 5), (3, 4), (2, 3), (1, 2), (7, 8), (6, 7), (5, 6), (4, 5), (3, 4), (7, 8), (6, 7), (5, 6), (8, 9), (7, 8), (6, 7), (5, 6), (4, 5), (3, 4), (2, 3), (1, 2), (0, 1), (3, 4), (7, 8), (6, 7), (5, 6), (4, 5), (7, 8), (6, 7), (8, 9), (7, 8), (6, 7), (5, 6), (4, 5), (3, 4), (2, 3), (1, 2), (2, 3), (4, 5), (3, 4), (2, 3), (1, 2), (6, 7), (5, 6), (4, 5), (3, 4), (8, 9), (7, 8), (6, 7), (5, 6), (9, 10), (8, 9), (7, 8), (6, 7), (5, 6), (4, 5), (3, 4), (2, 3), (4, 5), (8, 9), (7, 8), (6, 7), (9, 10), (8, 9), (7, 8), (6, 7), (5, 6), (4, 5), (3, 4), (2, 3), (1, 2), (2, 3), (3, 4), (2, 3), (5, 6), (6, 7), (7, 8), (6, 7), (9, 10), (8, 9), (7, 8), (6, 7), (5, 6), (4, 5), (3, 4), (2, 3), (1, 2), (0, 1), (3, 4), (2, 3), (1, 2), (4, 5), (3, 4), (5, 6), (6, 7), (5, 6), (7, 8), (6, 7), (5, 6), (4, 5), (3, 4), (6, 7), (5, 6), (6, 7), (8, 9), (7, 8), (6, 7), (7, 8), (9, 10), (8, 9), (7, 8), (6, 7), (5, 6), (4, 5), (3, 4), (2, 3), (1, 2), (3, 4), (2, 3), (1, 2), (0, 1), (5, 6), (4, 5), (6, 7), (5, 6), (6, 7), (7, 8), (6, 7), (5, 6), (4, 5), (7, 8), (6, 7), (5, 6), (6, 7), (7, 8), (6, 7), (9, 10), (8, 9), (7, 8), (6, 7), (5, 6), (4, 5), (3, 4), (2, 3), (1, 2), (0, 1), (10, 11), (9, 10), (8, 9), (7, 8), (6, 7), (5, 6), (4, 5), (3, 4), (2, 3), (1, 2), (3, 4), (5, 6), (7, 8), (6, 7), (7, 8), (9, 10), (8, 9), (7, 8), (10, 11), (9, 10), (8, 9), (7, 8), (6, 7), (5, 6), (4, 5), (3, 4), (2, 3), (3, 4), (4, 5), (3, 4), (2, 3), (1, 2), (0, 1), (5, 6), (4, 5), (3, 4), (2, 3), (1, 2), (0, 1), (4, 5), (6, 7), (7, 8), (6, 7), (8, 9), (9, 10), (8, 9), (7, 8), (6, 7), (8, 9), (7, 8), (9, 10), (8, 9), (7, 8), (9, 10), (10, 11), (9, 10), (8, 9), (7, 8), (6, 7), (5, 6), (4, 5), (3, 4), (2, 3), (1, 2), (0, 1), (2, 3), (1, 2), (3, 4), (5, 6), (4, 5), (3, 4), (2, 3), (5, 6), (6, 7), (5, 6), (6, 7), (7, 8), (6, 7), (10, 11), (9, 10), (8, 9), (7, 8), (6, 7), (5, 6), (4, 5), (3, 4), (2, 3), (1, 2), (6, 7), (8, 9), (7, 8), (6, 7), (5, 6), (4, 5), (3, 4), (4, 5), (3, 4), (2, 3), (3, 4), (7, 8), (8, 9), (7, 8), (6, 7), (10, 11), (9, 10), (8, 9), (7, 8), (6, 7), (5, 6), (4, 5), (3, 4), (2, 3), (1, 2), (0, 1), (2, 3), (5, 6), (6, 7), (7, 8), (8, 9), (7, 8), (9, 10), (8, 9), (7, 8), (10, 11), (9, 10), (8, 9), (7, 8), (6, 7), (5, 6), (4, 5), (3, 4), (2, 3), (1, 2), (2, 3), (5, 6), (4, 5), (7, 8), (6, 7), (7, 8), (8, 9), (7, 8), (6, 7), (5, 6), (4, 5), (3, 4), (9, 10), (10, 11), (9, 10), (8, 9), (7, 8), (6, 7), (5, 6), (4, 5), (3, 4), (2, 3), (1, 2), (0, 1), (1, 2), (3, 4), (2, 3), (3, 4), (5, 6), (4, 5), (6, 7), (8, 9), (10, 11), (11, 12), (10, 11), (9, 10), (8, 9), (7, 8), (6, 7), (5, 6), (4, 5), (3, 4), (2, 3), (1, 2), (2, 3), (4, 5), (3, 4), (2, 3), (5, 6), (4, 5), (7, 8), (6, 7), (5, 6), (6, 7), (8, 9), (7, 8), (10, 11), (9, 10), (8, 9), (7, 8), (6, 7), (5, 6), (4, 5), (3, 4), (2, 3), (1, 2), (0, 1), (1, 2), (2, 3), (1, 2), (7, 8), (9, 10), (8, 9), (7, 8), (9, 10), (8, 9), (9, 10), (11, 12), (10, 11), (9, 10), (8, 9), (7, 8), (6, 7), (5, 6), (4, 5), (3, 4), (2, 3), (1, 2), (0, 1), (4, 5), (7, 8), (6, 7), (5, 6), (4, 5), (3, 4), (2, 3), (3, 4), (5, 6), (7, 8), (8, 9), (9, 10), (8, 9), (7, 8), (6, 7), (5, 6), (4, 5), (3, 4), (2, 3), (1, 2), (3, 4), (11, 12), (10, 11), (9, 10), (8, 9), (7, 8), (6, 7), (5, 6), (4, 5), (3, 4), (2, 3), (1, 2), (3, 4), (2, 3), (1, 2), (2, 3), (5, 6), (4, 5), (7, 8), (9, 10), (11, 12), (10, 11), (9, 10), (8, 9), (7, 8), (6, 7), (5, 6), (4, 5), (3, 4), (2, 3), (1, 2), (0, 1), (1, 2), (4, 5), (3, 4), (5, 6), (4, 5), (3, 4), (8, 9), (7, 8), (9, 10), (8, 9), (7, 8), (6, 7), (5, 6), (4, 5), (3, 4), (2, 3), (1, 2), (2, 3), (4, 5), (5, 6), (6, 7), (5, 6), (10, 11), (9, 10), (8, 9), (7, 8), (6, 7), (5, 6), (4, 5), (3, 4), (2, 3), (1, 2), (0, 1), (6, 7), (7, 8), (6, 7), (5, 6), (4, 5), (3, 4), (7, 8), (8, 9), (7, 8), (6, 7), (8, 9), (10, 11), (11, 12), (10, 11), (9, 10), (8, 9), (7, 8), (6, 7), (5, 6), (4, 5), (3, 4), (2, 3), (1, 2), (3, 4), (2, 3), (3, 4), (4, 5), (3, 4), (4, 5), (8, 9), (7, 8), (6, 7), (9, 10), (10, 11), (9, 10), (8, 9), (7, 8), (6, 7), (5, 6), (4, 5), (3, 4), (2, 3), (1, 2), (0, 1), (3, 4), (4, 5), (3, 4), (6, 7), (8, 9), (12, 13), (11, 12), (10, 11), (9, 10), (8, 9), (7, 8), (6, 7), (5, 6), (4, 5), (3, 4), (2, 3), (1, 2), (2, 3), (1, 2), (2, 3), (7, 8), (9, 10), (10, 11), (9, 10), (8, 9), (7, 8), (6, 7), (5, 6), (4, 5), (6, 7), (8, 9), (9, 10), (8, 9), (7, 8), (11, 12), (10, 11), (9, 10), (8, 9), (7, 8), (6, 7), (5, 6), (4, 5), (3, 4), (2, 3), (1, 2), (4, 5), (3, 4), (5, 6), (4, 5), (3, 4), (2, 3), (6, 7), (12, 13), (11, 12), (10, 11), (9, 10), (8, 9), (7, 8), (6, 7), (5, 6), (4, 5), (3, 4), (2, 3), (1, 2), (0, 1), (6, 7), (5, 6), (4, 5), (3, 4), (7, 8), (8, 9), (9, 10), (8, 9), (11, 12), (10, 11), (12, 13), (11, 12), (10, 11), (9, 10), (8, 9), (7, 8), (6, 7), (5, 6), (4, 5), (3, 4), (2, 3), (1, 2), (0, 1), (4, 5), (6, 7), (5, 6), (4, 5), (3, 4), (2, 3), (1, 2), (0, 1), (5, 6), (7, 8), (8, 9), (10, 11), (9, 10), (8, 9), (7, 8), (6, 7), (5, 6), (4, 5), (3, 4), (2, 3), (5, 6), (4, 5), (5, 6), (9, 10), (8, 9), (9, 10), (8, 9), (11, 12), (10, 11), (9, 10), (8, 9), (7, 8), (6, 7), (5, 6), (4, 5), (3, 4), (6, 7), (5, 6), (7, 8), (6, 7), (5, 6), (6, 7), (9, 10), (10, 11), (9, 10), (8, 9), (7, 8), (6, 7), (10, 11), (9, 10), (8, 9), (10, 11), (9, 10), (10, 11), (11, 12), (10, 11), (9, 10), (8, 9), (7, 8), (6, 7), (5, 6), (4, 5), (3, 4), (2, 3), (1, 2), (0, 1), (1, 2), (2, 3), (1, 2), (3, 4), (2, 3), (11, 12), (10, 11), (9, 10), (8, 9), (7, 8), (6, 7), (5, 6), (4, 5), (3, 4), (2, 3), (3, 4), (4, 5), (7, 8), (11, 12), (13, 14), (12, 13), (11, 12), (10, 11), (9, 10), (8, 9), (7, 8), (6, 7), (5, 6), (6, 7), (8, 9), (7, 8), (6, 7), (5, 6), (4, 5), (3, 4), (2, 3), (3, 4), (8, 9), (7, 8), (6, 7), (8, 9), (7, 8), (9, 10), (10, 11), (11, 12), (10, 11), (9, 10), (8, 9), (7, 8), (6, 7), (8, 9), (11, 12), (10, 11), (11, 12), (12, 13), (11, 12), (10, 11), (9, 10), (8, 9), (7, 8), (6, 7), (9, 10), (13, 14), (12, 13), (11, 12), (10, 11), (9, 10), (8, 9), (7, 8), (6, 7), (5, 6), (4, 5), (3, 4), (2, 3), (1, 2), (0, 1), (3, 4), (2, 3), (3, 4), (8, 9), (9, 10), (8, 9), (7, 8), (6, 7), (5, 6), (7, 8), (6, 7), (5, 6), (8, 9), (9, 10), (8, 9), (7, 8), (8, 9), (12, 13), (11, 12), (10, 11), (11, 12), (10, 11), (9, 10), (8, 9), (7, 8), (13, 14), (12, 13), (11, 12), (10, 11), (9, 10), (8, 9), (7, 8), (6, 7), (5, 6), (4, 5), (3, 4), (2, 3), (1, 2), (0, 1), (1, 2), (4, 5), (3, 4), (6, 7), (5, 6), (6, 7), (7, 8), (6, 7), (5, 6), (4, 5), (5, 6), (4, 5), (10, 11), (9, 10), (8, 9), (7, 8), (6, 7), (5, 6), (4, 5), (3, 4), (2, 3), (1, 2), (3, 4), (2, 3), (1, 2), (6, 7), (5, 6), (4, 5), (3, 4), (6, 7), (5, 6), (4, 5), (7, 8), (10, 11), (9, 10), (10, 11), (11, 12), (10, 11), (9, 10), (12, 13), (11, 12), (10, 11), (9, 10), (11, 12), (13, 14), (12, 13), (11, 12), (10, 11), (9, 10), (8, 9), (7, 8), (6, 7), (5, 6), (4, 5), (3, 4), (2, 3), (1, 2), (2, 3), (3, 4), (4, 5), (5, 6), (7, 8), (6, 7), (5, 6), (4, 5), (3, 4), (2, 3), (1, 2), (3, 4), (2, 3), (3, 4), (7, 8), (6, 7), (8, 9), (7, 8), (6, 7), (5, 6), (4, 5), (3, 4), (2, 3), (9, 10), (8, 9), (7, 8), (6, 7), (5, 6), (4, 5), (3, 4), (7, 8), (9, 10), (8, 9), (7, 8), (6, 7), (5, 6), (4, 5), (10, 11), (11, 12), (10, 11), (9, 10), (8, 9), (7, 8), (6, 7), (5, 6), (4, 5), (3, 4), (2, 3), (1, 2), (0, 1), (1, 2), (2, 3), (3, 4), (4, 5), (7, 8), (6, 7), (5, 6), (4, 5), (5, 6), (4, 5), (7, 8), (11, 12), (10, 11), (9, 10), (8, 9), (7, 8), (9, 10), (8, 9), (7, 8), (12, 13), (11, 12), (13, 14), (12, 13), (11, 12), (10, 11), (9, 10), (8, 9), (7, 8), (6, 7), (5, 6), (4, 5), (3, 4), (2, 3), (1, 2), (2, 3), (1, 2), (0, 1), (1, 2), (3, 4), (2, 3), (1, 2), (5, 6), (4, 5), (3, 4), (2, 3), (5, 6), (10, 11), (9, 10), (8, 9), (7, 8), (6, 7), (5, 6), (4, 5), (3, 4), (2, 3), (1, 2), (0, 1), (8, 9), (10, 11), (9, 10), (12, 13), (11, 12), (10, 11), (9, 10), (8, 9), (7, 8), (6, 7), (5, 6), (4, 5), (3, 4), (2, 3), (1, 2), (0, 1), (7, 8), (9, 10), (12, 13), (11, 12), (10, 11), (9, 10), (8, 9), (7, 8), (10, 11), (13, 14), (12, 13), (11, 12), (10, 11), (9, 10), (8, 9), (7, 8), (6, 7), (5, 6), (4, 5), (3, 4), (2, 3), (4, 5), (7, 8), (6, 7), (7, 8), (8, 9), (7, 8), (8, 9), (7, 8), (11, 12), (10, 11), (9, 10), (8, 9), (7, 8), (12, 13), (13, 14), (12, 13), (11, 12), (10, 11), (9, 10), (8, 9), (7, 8), (6, 7), (5, 6), (4, 5), (9, 10), (12, 13), (13, 14), (14, 15), (13, 14), (12, 13), (11, 12), (10, 11), (9, 10), (8, 9), (7, 8), (6, 7), (5, 6), (4, 5), (3, 4), (2, 3), (1, 2), (8, 9), (11, 12), (10, 11), (9, 10), (8, 9), (7, 8), (6, 7), (5, 6), (4, 5), (3, 4), (2, 3), (1, 2), (0, 1), (5, 6), (4, 5), (3, 4), (2, 3), (1, 2), (6, 7), (5, 6), (4, 5), (3, 4), (9, 10), (11, 12), (10, 11), (9, 10), (8, 9), (7, 8), (6, 7), (5, 6), (11, 12), (10, 11), (12, 13), (11, 12), (10, 11), (9, 10), (8, 9), (7, 8), (6, 7), (5, 6), (4, 5), (3, 4), (2, 3), (1, 2), (0, 1), (5, 6), (4, 5), (5, 6), (10, 11), (9, 10), (8, 9), (7, 8), (9, 10), (10, 11), (9, 10), (8, 9), (7, 8), (12, 13), (11, 12), (12, 13), (13, 14), (12, 13), (11, 12), (13, 14), (12, 13), (11, 12), (10, 11), (9, 10), (8, 9), (7, 8), (6, 7), (5, 6), (4, 5), (3, 4), (5, 6), (12, 13), (11, 12), (10, 11), (12, 13), (11, 12), (13, 14), (12, 13), (14, 15), (13, 14), (12, 13), (11, 12), (10, 11), (9, 10), (8, 9), (7, 8), (6, 7), (5, 6), (4, 5), (3, 4), (2, 3), (1, 2), (0, 1), (5, 6), (6, 7), (5, 6), (4, 5), (3, 4), (2, 3), (3, 4), (8, 9), (7, 8), (6, 7), (5, 6), (7, 8), (11, 12), (10, 11), (9, 10), (8, 9), (7, 8), (6, 7), (5, 6), (8, 9), (11, 12), (13, 14), (14, 15), (13, 14), (12, 13), (11, 12), (10, 11), (9, 10), (8, 9), (7, 8), (6, 7), (5, 6), (4, 5), (3, 4), (2, 3), (1, 2), (0, 1), (6, 7), (9, 10), (12, 13), (11, 12), (10, 11), (9, 10), (8, 9), (11, 12), (10, 11), (14, 15), (13, 14), (12, 13), (11, 12), (10, 11), (9, 10), (8, 9), (7, 8), (6, 7), (5, 6), (4, 5), (3, 4), (2, 3), (5, 6), (4, 5), (5, 6), (6, 7), (5, 6), (6, 7), (7, 8), (6, 7), (5, 6), (4, 5), (8, 9), (7, 8), (6, 7), (5, 6), (4, 5), (6, 7), (8, 9), (9, 10), (8, 9), (9, 10), (10, 11), (9, 10), (8, 9), (7, 8), (6, 7), (11, 12), (10, 11), (9, 10), (12, 13), (11, 12), (10, 11), (9, 10), (8, 9), (7, 8), (6, 7), (5, 6), (4, 5), (5, 6), (6, 7), (9, 10), (10, 11), (13, 14), (12, 13), (11, 12), (12, 13), (14, 15), (13, 14), (12, 13), (11, 12), (10, 11), (9, 10), (8, 9), (7, 8), (6, 7), (5, 6), (7, 8), (8, 9), (7, 8), (6, 7), (11, 12), (10, 11), (11, 12), (12, 13), (11, 12), (10, 11), (9, 10), (8, 9), (7, 8), (6, 7), (8, 9), (12, 13), (11, 12), (13, 14), (12, 13), (11, 12), (10, 11), (9, 10), (8, 9), (7, 8), (6, 7), (5, 6), (4, 5), (3, 4), (2, 3), (1, 2), (4, 5), (3, 4), (2, 3), (1, 2), (0, 1), (4, 5), (9, 10), (8, 9), (7, 8), (6, 7), (5, 6), (4, 5), (6, 7), (5, 6), (6, 7), (7, 8), (12, 13), (13, 14), (12, 13), (14, 15), (13, 14), (12, 13), (11, 12), (10, 11), (9, 10), (8, 9), (7, 8), (6, 7), (5, 6), (4, 5), (3, 4), (2, 3), (1, 2), (0, 1), (1, 2), (4, 5), (3, 4), (4, 5), (6, 7), (5, 6), (8, 9), (9, 10), (8, 9), (10, 11), (9, 10), (8, 9), (7, 8), (6, 7), (5, 6), (4, 5), (3, 4), (2, 3), (4, 5), (3, 4), (4, 5), (6, 7), (7, 8), (6, 7), (5, 6), (7, 8), (9, 10), (11, 12), (10, 11), (9, 10), (8, 9), (7, 8), (6, 7), (8, 9), (9, 10), (8, 9), (9, 10), (10, 11), (12, 13), (11, 12), (10, 11), (9, 10), (8, 9), (7, 8), (6, 7), (5, 6), (4, 5), (6, 7), (12, 13), (11, 12), (13, 14), (12, 13), (11, 12), (10, 11), (9, 10), (8, 9), (7, 8), (11, 12), (10, 11), (11, 12), (12, 13), (14, 15), (13, 14), (12, 13), (11, 12), (10, 11), (9, 10), (8, 9), (7, 8), (6, 7), (5, 6), (4, 5), (3, 4), (4, 5), (7, 8), (6, 7), (5, 6), (4, 5), (8, 9), (7, 8), (9, 10), (10, 11), (9, 10), (8, 9), (7, 8), (6, 7), (5, 6), (6, 7), (5, 6), (9, 10), (8, 9), (7, 8), (6, 7), (7, 8), (11, 12), (10, 11), (9, 10), (8, 9), (7, 8), (6, 7), (5, 6), (11, 12), (10, 11), (9, 10), (8, 9), (7, 8), (6, 7), (5, 6), (4, 5), (3, 4), (2, 3), (1, 2), (7, 8), (8, 9), (9, 10), (12, 13), (11, 12), (10, 11), (9, 10), (8, 9), (7, 8), (6, 7), (5, 6), (4, 5), (3, 4), (5, 6), (6, 7), (5, 6), (4, 5), (5, 6), (4, 5), (8, 9), (7, 8), (6, 7), (5, 6), (4, 5), (3, 4), (2, 3), (1, 2), (0, 1), (1, 2), (2, 3), (1, 2), (3, 4), (8, 9), (9, 10), (8, 9), (7, 8), (6, 7), (5, 6), (4, 5), (3, 4), (2, 3), (1, 2), (0, 1), (2, 3), (4, 5), (3, 4), (5, 6), (4, 5), (3, 4), (2, 3), (6, 7), (7, 8), (6, 7), (8, 9), (10, 11), (12, 13), (14, 15), (13, 14), (12, 13), (11, 12), (10, 11), (9, 10), (8, 9), (7, 8), (6, 7), (5, 6), (4, 5), (3, 4), (2, 3), (1, 2), (0, 1), (3, 4), (7, 8), (6, 7), (5, 6), (4, 5), (3, 4), (7, 8), (8, 9), (7, 8), (6, 7), (5, 6), (4, 5), (3, 4), (2, 3), (8, 9), (9, 10), (8, 9), (7, 8), (6, 7), (9, 10), (10, 11), (9, 10), (8, 9), (7, 8), (6, 7), (5, 6), (4, 5), (3, 4), (4, 5), (7, 8), (6, 7), (9, 10), (11, 12), (10, 11), (9, 10), (8, 9), (7, 8), (9, 10), (11, 12), (12, 13), (11, 12), (10, 11), (9, 10), (10, 11), (11, 12), (12, 13), (13, 14), (12, 13), (11, 12), (10, 11), (9, 10), (8, 9), (7, 8), (6, 7), (5, 6), (4, 5), (3, 4), (4, 5), (6, 7), (8, 9), (9, 10), (10, 11), (9, 10), (8, 9), (9, 10), (8, 9), (11, 12), (10, 11), (9, 10), (8, 9), (7, 8), (11, 12), (10, 11), (13, 14), (12, 13), (11, 12), (15, 16), (14, 15), (13, 14), (12, 13), (11, 12), (10, 11), (9, 10), (8, 9), (7, 8), (6, 7), (5, 6), (4, 5), (8, 9), (7, 8), (6, 7), (9, 10), (12, 13), (11, 12), (13, 14), (12, 13), (11, 12), (10, 11), (9, 10), (8, 9), (7, 8), (8, 9), (13, 14), (12, 13), (13, 14), (12, 13), (15, 16), (14, 15), (13, 14), (12, 13), (11, 12), (10, 11), (9, 10), (8, 9), (7, 8), (6, 7), (5, 6), (4, 5), (3, 4), (2, 3), (1, 2), (2, 3), (3, 4), (2, 3), (4, 5), (3, 4), (2, 3), (5, 6), (4, 5), (3, 4), (2, 3), (4, 5), (6, 7), (5, 6), (7, 8), (6, 7), (8, 9), (7, 8), (6, 7), (5, 6), (4, 5), (3, 4), (2, 3), (6, 7), (5, 6), (4, 5), (5, 6), (6, 7), (9, 10), (11, 12), (10, 11), (11, 12), (12, 13), (11, 12), (10, 11), (9, 10), (8, 9), (9, 10), (13, 14), (12, 13), (11, 12), (10, 11), (9, 10), (8, 9), (7, 8), (6, 7), (8, 9), (9, 10), (8, 9), (11, 12), (12, 13), (11, 12), (10, 11), (9, 10), (8, 9), (7, 8), (6, 7), (5, 6), (4, 5), (5, 6), (7, 8), (6, 7), (5, 6), (4, 5), (5, 6), (7, 8), (6, 7), (7, 8), (8, 9), (7, 8), (6, 7), (5, 6), (4, 5), (8, 9), (7, 8), (6, 7), (8, 9), (7, 8), (10, 11), (14, 15), (15, 16), (14, 15), (13, 14), (12, 13), (11, 12), (10, 11), (9, 10), (8, 9), (7, 8), (6, 7), (5, 6), (4, 5), (3, 4), (2, 3), (1, 2), (0, 1), (6, 7), (7, 8), (10, 11), (9, 10), (8, 9), (7, 8), (6, 7), (5, 6), (4, 5), (3, 4), (6, 7), (5, 6), (6, 7), (10, 11), (9, 10), (12, 13), (11, 12), (10, 11), (9, 10), (15, 16), (14, 15), (13, 14), (12, 13), (11, 12), (10, 11), (9, 10), (8, 9), (7, 8), (6, 7), (5, 6), (4, 5), (3, 4), (2, 3), (1, 2), (0, 1), (6, 7), (12, 13), (11, 12), (10, 11), (9, 10), (8, 9), (7, 8), (6, 7), (5, 6), (4, 5), (3, 4), (2, 3), (6, 7), (12, 13), (11, 12), (10, 11), (9, 10), (8, 9), (7, 8), (6, 7), (12, 13), (13, 14), (12, 13), (11, 12), (10, 11), (9, 10), (8, 9), (7, 8), (10, 11), (9, 10), (8, 9), (11, 12), (10, 11), (12, 13), (11, 12), (10, 11), (9, 10), (8, 9), (10, 11), (11, 12), (10, 11), (13, 14), (15, 16), (14, 15), (13, 14), (12, 13), (11, 12), (10, 11), (9, 10), (8, 9), (7, 8), (6, 7), (5, 6), (4, 5), (6, 7), (5, 6), (4, 5), (3, 4), (4, 5), (5, 6), (4, 5), (8, 9), (7, 8), (9, 10), (8, 9), (7, 8), (9, 10), (11, 12), (10, 11), (13, 14), (12, 13), (11, 12), (10, 11), (9, 10), (8, 9), (7, 8), (6, 7), (5, 6), (4, 5), (3, 4), (2, 3), (6, 7), (5, 6), (4, 5), (3, 4), (5, 6), (4, 5), (3, 4), (6, 7), (5, 6), (10, 11), (9, 10), (14, 15), (13, 14), (12, 13), (11, 12), (10, 11), (9, 10), (8, 9), (7, 8), (6, 7), (5, 6), (4, 5), (3, 4), (2, 3), (1, 2), (0, 1), (1, 2), (9, 10), (10, 11), (9, 10), (10, 11), (11, 12), (10, 11), (11, 12), (10, 11), (11, 12), (13, 14), (12, 13), (11, 12), (10, 11), (9, 10), (8, 9), (7, 8), (6, 7), (5, 6), (4, 5), (7, 8), (11, 12), (10, 11), (9, 10), (8, 9), (7, 8), (6, 7), (5, 6), (10, 11), (9, 10), (8, 9), (7, 8), (6, 7), (10, 11), (11, 12), (10, 11), (11, 12), (12, 13), (11, 12), (10, 11), (9, 10), (8, 9), (7, 8), (6, 7), (5, 6), (4, 5), (3, 4), (8, 9), (7, 8), (6, 7), (5, 6), (7, 8), (6, 7), (11, 12), (13, 14), (12, 13), (11, 12), (10, 11), (9, 10), (8, 9), (7, 8), (6, 7), (5, 6), (4, 5), (3, 4), (2, 3), (3, 4), (4, 5), (3, 4), (5, 6), (4, 5), (3, 4), (9, 10), (12, 13), (13, 14), (12, 13), (14, 15), (13, 14), (12, 13), (11, 12), (10, 11), (9, 10), (8, 9), (7, 8), (6, 7), (5, 6), (7, 8), (9, 10), (8, 9), (7, 8), (10, 11), (9, 10), (8, 9), (7, 8), (6, 7), (5, 6), (11, 12), (10, 11), (9, 10), (11, 12), (10, 11), (11, 12), (13, 14), (12, 13), (11, 12), (10, 11), (9, 10), (11, 12), (13, 14), (14, 15), (13, 14), (14, 15), (15, 16), (14, 15), (13, 14), (12, 13), (11, 12), (14, 15), (16, 17), (15, 16), (14, 15), (13, 14), (12, 13), (11, 12), (10, 11), (9, 10), (8, 9), (7, 8), (6, 7), (5, 6), (4, 5), (3, 4), (2, 3), (1, 2), (0, 1), (2, 3), (7, 8), (6, 7), (9, 10), (8, 9), (7, 8), (6, 7), (5, 6), (4, 5), (8, 9), (9, 10), (11, 12), (12, 13), (11, 12), (13, 14), (12, 13), (11, 12), (13, 14), (12, 13), (15, 16), (16, 17), (15, 16), (14, 15), (13, 14), (12, 13), (11, 12), (10, 11), (9, 10), (8, 9), (7, 8), (6, 7), (5, 6), (4, 5), (5, 6), (6, 7), (5, 6), (7, 8), (6, 7), (5, 6), (4, 5), (3, 4), (2, 3), (1, 2), (2, 3), (4, 5), (3, 4), (2, 3), (1, 2), (4, 5), (8, 9), (7, 8), (6, 7), (5, 6), (4, 5), (3, 4), (2, 3), (1, 2), (0, 1), (3, 4), (2, 3), (1, 2), (3, 4), (13, 14), (12, 13), (11, 12), (12, 13), (14, 15), (13, 14), (12, 13), (11, 12), (10, 11), (9, 10), (8, 9), (7, 8), (6, 7), (5, 6), (4, 5), (3, 4), (4, 5), (7, 8), (6, 7), (5, 6), (7, 8), (12, 13), (11, 12), (12, 13), (13, 14), (12, 13), (11, 12), (14, 15), (13, 14), (12, 13), (13, 14), (14, 15), (13, 14), (16, 17), (15, 16), (14, 15), (13, 14), (12, 13), (11, 12), (10, 11), (9, 10), (8, 9), (7, 8), (6, 7), (5, 6), (4, 5), (3, 4), (2, 3), (1, 2), (0, 1), (1, 2), (2, 3), (1, 2), (2, 3), (3, 4), (2, 3), (1, 2), (0, 1), (10, 11), (9, 10), (10, 11), (11, 12), (10, 11), (9, 10), (8, 9), (7, 8), (8, 9), (10, 11), (12, 13), (11, 12), (10, 11), (9, 10), (8, 9), (7, 8), (6, 7), (5, 6), (4, 5), (7, 8), (8, 9), (11, 12), (10, 11), (9, 10), (8, 9), (7, 8), (6, 7), (9, 10), (15, 16), (14, 15), (13, 14), (12, 13), (11, 12), (10, 11), (9, 10), (8, 9), (7, 8), (6, 7), (5, 6), (4, 5), (3, 4), (2, 3), (1, 2), (3, 4), (2, 3), (4, 5), (5, 6), (6, 7), (7, 8), (9, 10), (12, 13), (13, 14), (15, 16), (14, 15), (13, 14), (12, 13), (11, 12), (10, 11), (9, 10), (8, 9), (7, 8), (6, 7), (5, 6), (4, 5), (3, 4), (12, 13), (11, 12), (10, 11), (9, 10), (8, 9), (10, 11), (9, 10), (13, 14), (12, 13), (11, 12), (10, 11), (12, 13), (15, 16), (14, 15), (15, 16), (16, 17), (15, 16), (14, 15), (13, 14), (12, 13), (11, 12), (10, 11), (9, 10), (8, 9), (7, 8), (6, 7), (11, 12), (10, 11), (13, 14), (12, 13), (11, 12), (10, 11), (9, 10), (8, 9), (11, 12), (10, 11), (11, 12), (12, 13), (13, 14), (12, 13), (14, 15), (15, 16), (14, 15), (13, 14), (12, 13), (11, 12), (10, 11), (9, 10), (8, 9), (9, 10), (8, 9), (7, 8), (6, 7), (5, 6), (4, 5), (3, 4), (5, 6), (4, 5), (7, 8), (8, 9), (7, 8), (6, 7), (7, 8), (12, 13), (11, 12), (10, 11), (9, 10), (8, 9), (7, 8), (6, 7), (5, 6), (4, 5), (7, 8), (6, 7), (5, 6), (12, 13), (15, 16), (16, 17), (15, 16), (14, 15), (13, 14), (12, 13), (11, 12), (10, 11), (9, 10), (8, 9), (7, 8), (6, 7), (5, 6), (4, 5), (3, 4), (2, 3), (1, 2), (0, 1), (2, 3), (3, 4), (2, 3), (8, 9), (7, 8), (9, 10), (10, 11), (9, 10), (8, 9), (7, 8), (8, 9), (10, 11), (9, 10), (8, 9), (11, 12), (10, 11), (9, 10), (8, 9), (7, 8), (6, 7), (5, 6), (4, 5), (3, 4), (10, 11), (9, 10), (8, 9), (9, 10), (11, 12), (12, 13), (11, 12), (10, 11), (9, 10), (8, 9), (14, 15), (13, 14), (12, 13), (11, 12), (10, 11), (9, 10), (8, 9), (7, 8), (6, 7), (5, 6), (4, 5), (3, 4), (2, 3), (4, 5), (3, 4), (10, 11), (9, 10), (8, 9), (7, 8), (6, 7), (11, 12), (10, 11), (9, 10), (8, 9), (7, 8), (6, 7), (11, 12), (13, 14), (14, 15), (15, 16), (14, 15), (16, 17), (15, 16), (14, 15), (13, 14), (12, 13), (11, 12), (10, 11), (9, 10), (8, 9), (7, 8), (6, 7), (5, 6), (4, 5), (3, 4), (2, 3), (1, 2), (2, 3), (3, 4), (2, 3), (1, 2), (5, 6), (8, 9), (11, 12), (13, 14), (12, 13), (11, 12), (14, 15), (13, 14), (12, 13), (11, 12), (10, 11), (9, 10), (8, 9), (7, 8), (6, 7), (5, 6), (4, 5), (3, 4), (2, 3), (1, 2), (2, 3), (4, 5), (10, 11), (9, 10), (10, 11), (9, 10), (8, 9), (9, 10), (11, 12), (10, 11), (9, 10), (8, 9), (7, 8), (6, 7), (8, 9), (11, 12), (10, 11), (12, 13), (11, 12), (10, 11), (12, 13), (14, 15), (15, 16), (16, 17), (15, 16), (14, 15), (13, 14), (12, 13), (11, 12), (10, 11), (9, 10), (8, 9), (7, 8), (6, 7), (5, 6), (4, 5), (3, 4), (4, 5), (9, 10), (10, 11), (9, 10), (8, 9), (10, 11), (9, 10), (10, 11), (11, 12), (10, 11), (13, 14), (12, 13), (11, 12), (10, 11), (9, 10), (8, 9), (7, 8), (6, 7), (5, 6), (4, 5), (3, 4), (5, 6), (10, 11), (9, 10), (8, 9), (7, 8), (6, 7), (5, 6), (4, 5), (5, 6), (11, 12), (10, 11), (9, 10), (8, 9), (7, 8), (8, 9), (9, 10), (8, 9), (12, 13), (11, 12), (12, 13), (14, 15), (13, 14), (12, 13), (11, 12), (10, 11), (9, 10), (8, 9), (7, 8), (6, 7), (9, 10), (10, 11), (9, 10), (15, 16), (14, 15), (13, 14), (12, 13), (11, 12), (10, 11), (9, 10), (8, 9), (7, 8), (6, 7), (5, 6), (4, 5), (8, 9), (7, 8), (9, 10), (10, 11), (12, 13), (14, 15), (13, 14), (12, 13), (11, 12), (13, 14), (16, 17), (15, 16), (14, 15), (13, 14), (12, 13), (11, 12), (10, 11), (9, 10), (8, 9), (7, 8), (6, 7), (5, 6), (4, 5), (3, 4), (2, 3), (1, 2), (0, 1), (4, 5), (3, 4), (2, 3), (4, 5), (3, 4), (2, 3), (1, 2), (4, 5), (3, 4), (6, 7), (5, 6), (4, 5), (3, 4), (2, 3), (1, 2), (4, 5), (3, 4), (5, 6), (10, 11), (11, 12), (10, 11), (11, 12), (10, 11), (9, 10), (8, 9), (7, 8), (6, 7), (5, 6), (4, 5), (6, 7), (7, 8), (6, 7), (5, 6), (6, 7), (7, 8), (10, 11), (9, 10), (8, 9), (7, 8), (12, 13), (11, 12), (10, 11), (9, 10), (8, 9), (7, 8), (6, 7), (9, 10), (8, 9), (7, 8), (9, 10), (10, 11), (11, 12), (14, 15), (16, 17), (15, 16), (17, 18), (16, 17), (15, 16), (14, 15), (13, 14), (12, 13), (11, 12), (10, 11), (9, 10), (8, 9), (7, 8), (6, 7), (5, 6), (4, 5), (3, 4), (2, 3), (1, 2), (0, 1), (1, 2), (7, 8), (9, 10), (8, 9), (7, 8), (6, 7), (7, 8), (8, 9), (9, 10), (10, 11), (11, 12), (13, 14), (12, 13), (13, 14), (14, 15), (13, 14), (17, 18), (16, 17), (15, 16), (14, 15), (13, 14), (12, 13), (11, 12), (10, 11), (9, 10), (8, 9), (7, 8), (6, 7), (5, 6), (6, 7), (7, 8), (6, 7), (5, 6), (4, 5), (6, 7), (12, 13), (11, 12), (10, 11), (9, 10), (8, 9), (7, 8), (6, 7), (5, 6), (4, 5), (3, 4), (6, 7), (9, 10), (11, 12), (10, 11), (9, 10), (8, 9), (7, 8), (6, 7), (5, 6), (4, 5), (3, 4), (2, 3), (4, 5), (14, 15), (16, 17), (15, 16), (17, 18), (16, 17), (15, 16), (14, 15), (13, 14), (12, 13), (11, 12), (10, 11), (9, 10), (8, 9), (7, 8), (10, 11), (15, 16), (14, 15), (13, 14), (12, 13), (11, 12), (15, 16), (14, 15), (13, 14), (15, 16), (14, 15), (13, 14), (16, 17), (15, 16), (14, 15), (13, 14), (12, 13), (11, 12), (10, 11), (9, 10), (8, 9), (11, 12), (14, 15), (17, 18), (16, 17), (15, 16), (14, 15), (13, 14), (12, 13), (11, 12), (10, 11), (9, 10), (8, 9), (7, 8), (6, 7), (5, 6), (4, 5), (3, 4), (2, 3), (3, 4), (5, 6), (4, 5), (3, 4), (6, 7), (5, 6), (7, 8), (11, 12), (13, 14), (12, 13), (11, 12), (10, 11), (9, 10), (8, 9), (7, 8), (6, 7), (5, 6), (4, 5), (3, 4), (2, 3), (1, 2), (7, 8), (10, 11), (9, 10), (8, 9), (14, 15), (13, 14), (12, 13), (11, 12), (10, 11), (9, 10), (8, 9), (7, 8), (6, 7), (5, 6), (4, 5), (3, 4), (2, 3), (4, 5), (7, 8), (6, 7), (7, 8), (9, 10), (10, 11), (9, 10), (8, 9), (7, 8), (6, 7), (5, 6), (4, 5), (6, 7), (5, 6), (7, 8), (8, 9), (9, 10), (8, 9), (10, 11), (13, 14), (12, 13), (11, 12), (10, 11), (9, 10), (8, 9), (9, 10), (15, 16), (14, 15), (13, 14), (12, 13), (14, 15), (13, 14), (12, 13), (11, 12), (16, 17), (15, 16), (14, 15), (13, 14), (12, 13), (13, 14), (12, 13), (11, 12), (10, 11), (9, 10), (8, 9), (7, 8), (6, 7), (5, 6), (4, 5), (3, 4), (2, 3), (1, 2), (4, 5), (3, 4), (2, 3), (8, 9), (7, 8), (6, 7), (9, 10), (10, 11), (11, 12), (12, 13), (11, 12), (10, 11), (9, 10), (8, 9), (7, 8), (6, 7), (5, 6), (8, 9), (9, 10), (8, 9), (10, 11), (11, 12), (10, 11), (9, 10), (8, 9), (7, 8), (6, 7), (10, 11), (9, 10), (8, 9), (7, 8), (13, 14), (12, 13), (11, 12), (13, 14), (12, 13), (16, 17), (15, 16), (16, 17), (17, 18), (16, 17), (15, 16), (14, 15), (13, 14), (12, 13), (11, 12), (10, 11), (9, 10), (8, 9), (7, 8), (6, 7), (5, 6), (4, 5), (3, 4), (2, 3), (4, 5), (8, 9), (7, 8), (6, 7), (5, 6), (4, 5), (5, 6), (9, 10), (11, 12), (13, 14), (14, 15), (13, 14), (15, 16), (14, 15), (13, 14), (12, 13), (11, 12), (10, 11), (9, 10), (8, 9), (7, 8), (6, 7), (5, 6), (4, 5), (14, 15), (13, 14), (12, 13), (16, 17), (15, 16), (14, 15), (13, 14), (12, 13), (11, 12), (10, 11), (9, 10), (8, 9), (7, 8), (6, 7), (5, 6), (7, 8), (9, 10), (12, 13), (11, 12), (10, 11), (9, 10), (12, 13), (13, 14), (17, 18), (16, 17), (15, 16), (14, 15), (13, 14), (12, 13), (11, 12), (10, 11), (11, 12), (10, 11), (13, 14), (12, 13), (13, 14), (15, 16), (14, 15), (13, 14), (12, 13), (14, 15), (13, 14), (16, 17), (15, 16), (14, 15), (13, 14), (12, 13), (11, 12), (10, 11), (9, 10), (8, 9), (12, 13), (14, 15), (13, 14), (12, 13), (11, 12), (10, 11), (9, 10), (8, 9), (7, 8), (6, 7), (8, 9), (7, 8), (8, 9), (9, 10), (11, 12), (10, 11), (9, 10), (8, 9), (7, 8), (6, 7), (5, 6), (7, 8), (6, 7), (7, 8), (8, 9), (9, 10), (10, 11), (12, 13), (11, 12), (10, 11), (13, 14), (12, 13), (11, 12), (10, 11), (14, 15), (13, 14), (15, 16), (14, 15), (13, 14), (12, 13), (11, 12), (10, 11), (9, 10), (8, 9), (7, 8), (10, 11), (11, 12), (13, 14), (15, 16), (16, 17), (15, 16), (17, 18), (16, 17), (15, 16), (14, 15), (13, 14), (12, 13), (11, 12), (10, 11), (9, 10), (8, 9), (7, 8), (6, 7), (5, 6), (10, 11), (9, 10), (8, 9), (7, 8), (9, 10), (8, 9), (7, 8), (9, 10), (11, 12), (14, 15), (13, 14), (14, 15), (15, 16), (14, 15), (13, 14), (12, 13), (11, 12), (10, 11), (9, 10), (8, 9), (7, 8), (6, 7), (5, 6), (4, 5), (3, 4), (2, 3), (1, 2), (5, 6), (4, 5), (5, 6), (6, 7), (5, 6), (4, 5), (3, 4), (2, 3), (1, 2), (0, 1), (1, 2), (2, 3), (3, 4), (2, 3), (1, 2), (2, 3), (4, 5), (5, 6), (4, 5), (7, 8), (6, 7), (5, 6), (4, 5), (8, 9), (7, 8), (6, 7), (7, 8), (9, 10), (8, 9), (7, 8), (8, 9), (9, 10), (10, 11), (9, 10), (8, 9), (9, 10), (12, 13), (15, 16), (14, 15), (16, 17), (15, 16), (14, 15), (13, 14), (12, 13), (11, 12), (10, 11), (9, 10), (8, 9), (7, 8), (6, 7), (10, 11), (11, 12), (10, 11), (12, 13), (13, 14), (12, 13), (11, 12), (12, 13), (13, 14), (12, 13), (11, 12), (10, 11), (13, 14), (15, 16), (17, 18), (18, 19), (17, 18), (16, 17), (15, 16), (14, 15), (13, 14), (12, 13), (11, 12), (10, 11), (9, 10), (8, 9), (7, 8), (6, 7), (5, 6), (4, 5), (3, 4), (2, 3), (1, 2), (0, 1), (3, 4), (4, 5), (3, 4), (5, 6), (4, 5), (3, 4), (2, 3), (6, 7), (8, 9), (7, 8), (6, 7), (9, 10), (8, 9), (9, 10), (8, 9), (12, 13), (11, 12), (10, 11), (13, 14), (12, 13), (11, 12), (10, 11), (9, 10), (8, 9), (7, 8), (6, 7), (5, 6), (4, 5), (3, 4), (2, 3), (1, 2), (0, 1), (1, 2), (3, 4), (7, 8), (10, 11), (9, 10), (11, 12), (10, 11), (11, 12), (13, 14), (14, 15), (13, 14), (12, 13), (11, 12), (10, 11), (17, 18), (16, 17), (15, 16), (18, 19), (17, 18), (16, 17), (15, 16), (14, 15), (13, 14), (12, 13), (11, 12), (10, 11), (9, 10), (8, 9), (7, 8), (6, 7), (5, 6), (4, 5), (3, 4), (2, 3), (1, 2), (0, 1), (5, 6), (7, 8), (6, 7), (5, 6), (4, 5), (3, 4), (2, 3), (7, 8), (8, 9), (7, 8), (6, 7), (7, 8), (8, 9), (9, 10), (8, 9), (7, 8), (9, 10), (10, 11), (9, 10), (11, 12), (12, 13), (11, 12), (13, 14), (12, 13), (14, 15), (13, 14), (12, 13), (11, 12), (10, 11), (11, 12), (12, 13), (13, 14), (12, 13), (15, 16), (16, 17), (15, 16), (14, 15), (16, 17), (15, 16), (17, 18), (16, 17), (15, 16), (14, 15), (13, 14), (12, 13), (11, 12), (10, 11), (9, 10), (8, 9), (7, 8), (6, 7), (5, 6), (4, 5), (3, 4), (2, 3), (1, 2), (6, 7), (8, 9), (7, 8), (6, 7), (5, 6), (4, 5), (6, 7), (9, 10), (8, 9), (7, 8), (6, 7), (5, 6), (4, 5), (3, 4), (2, 3), (1, 2), (0, 1), (3, 4), (4, 5), (3, 4), (2, 3), (1, 2), (3, 4), (6, 7), (10, 11), (9, 10), (13, 14), (12, 13), (11, 12), (10, 11), (9, 10), (8, 9), (7, 8), (6, 7), (5, 6), (4, 5), (3, 4), (5, 6), (9, 10), (12, 13), (11, 12), (10, 11), (9, 10), (8, 9), (7, 8), (8, 9), (9, 10), (8, 9), (9, 10), (12, 13), (11, 12), (10, 11), (9, 10), (8, 9), (7, 8), (13, 14), (12, 13), (11, 12), (10, 11), (9, 10), (10, 11), (12, 13), (15, 16), (14, 15), (13, 14), (12, 13), (11, 12), (10, 11), (9, 10), (8, 9), (7, 8), (6, 7), (5, 6), (4, 5), (3, 4), (2, 3), (1, 2), (2, 3), (3, 4), (2, 3), (6, 7), (7, 8), (6, 7), (5, 6), (4, 5), (3, 4), (2, 3), (3, 4), (8, 9), (7, 8), (6, 7), (5, 6), (6, 7), (7, 8), (9, 10), (8, 9), (7, 8), (6, 7), (11, 12), (13, 14), (12, 13), (11, 12), (12, 13), (13, 14), (16, 17), (15, 16), (14, 15), (13, 14), (12, 13), (13, 14), (12, 13), (11, 12), (10, 11), (9, 10), (8, 9), (7, 8), (6, 7), (9, 10), (13, 14), (12, 13), (11, 12), (10, 11), (9, 10), (8, 9), (7, 8), (6, 7), (5, 6), (4, 5), (3, 4), (2, 3), (1, 2), (0, 1), (6, 7), (10, 11), (14, 15), (13, 14), (12, 13), (11, 12), (10, 11), (9, 10), (8, 9), (7, 8), (6, 7), (5, 6), (9, 10), (10, 11), (12, 13), (11, 12), (13, 14), (14, 15), (15, 16), (16, 17), (15, 16), (14, 15), (13, 14), (12, 13), (11, 12), (10, 11), (9, 10), (10, 11), (13, 14), (14, 15), (15, 16), (17, 18), (16, 17), (15, 16), (14, 15), (15, 16), (14, 15), (18, 19), (17, 18), (16, 17), (15, 16), (14, 15), (13, 14), (12, 13), (11, 12), (10, 11), (9, 10), (8, 9), (7, 8), (6, 7), (5, 6), (4, 5), (3, 4), (2, 3), (1, 2), (2, 3), (4, 5), (3, 4), (2, 3), (3, 4), (6, 7), (5, 6), (4, 5), (6, 7), (12, 13), (11, 12), (10, 11), (9, 10), (8, 9), (10, 11), (9, 10), (8, 9), (10, 11), (12, 13), (11, 12), (12, 13), (14, 15), (13, 14), (12, 13), (14, 15), (15, 16), (14, 15), (16, 17), (15, 16), (14, 15), (13, 14), (12, 13), (11, 12), (10, 11), (9, 10), (8, 9), (7, 8), (6, 7), (5, 6), (6, 7), (9, 10), (8, 9), (7, 8), (6, 7), (5, 6), (4, 5), (3, 4), (4, 5), (5, 6), (4, 5), (6, 7), (9, 10), (17, 18), (16, 17), (15, 16), (14, 15), (13, 14), (12, 13), (11, 12), (10, 11), (9, 10), (8, 9), (7, 8), (6, 7), (5, 6), (4, 5), (6, 7), (5, 6), (4, 5), (13, 14), (12, 13), (11, 12), (18, 19), (17, 18), (16, 17), (15, 16), (14, 15), (13, 14), (12, 13), (11, 12), (10, 11), (9, 10), (8, 9), (7, 8), (8, 9), (7, 8), (6, 7), (7, 8), (9, 10), (10, 11), (9, 10), (8, 9), (10, 11), (11, 12), (10, 11), (9, 10), (14, 15), (13, 14), (12, 13), (11, 12), (13, 14), (14, 15), (13, 14), (12, 13), (11, 12), (10, 11), (9, 10), (12, 13), (11, 12), (16, 17), (17, 18), (16, 17), (15, 16), (14, 15), (13, 14), (12, 13), (11, 12), (16, 17), (18, 19), (17, 18), (16, 17), (15, 16), (14, 15), (13, 14), (12, 13), (11, 12), (10, 11), (9, 10), (8, 9), (7, 8), (6, 7), (5, 6), (4, 5), (3, 4), (2, 3), (1, 2), (0, 1), (2, 3), (1, 2), (0, 1), (2, 3), (4, 5), (5, 6), (4, 5), (6, 7), (8, 9), (7, 8), (6, 7), (8, 9), (9, 10), (8, 9), (7, 8), (15, 16), (14, 15), (16, 17), (15, 16), (14, 15), (16, 17), (18, 19), (17, 18), (16, 17), (15, 16), (14, 15), (13, 14), (12, 13), (11, 12), (10, 11), (9, 10), (8, 9), (7, 8), (6, 7), (5, 6), (4, 5), (3, 4), (2, 3), (1, 2), (2, 3), (3, 4), (2, 3), (3, 4), (5, 6), (4, 5), (5, 6), (6, 7), (5, 6), (4, 5), (3, 4), (4, 5), (7, 8), (6, 7), (9, 10), (11, 12), (12, 13), (11, 12), (10, 11), (9, 10), (8, 9), (7, 8), (11, 12), (10, 11), (12, 13), (11, 12), (10, 11), (9, 10), (8, 9), (13, 14), (12, 13), (14, 15), (13, 14), (12, 13), (11, 12), (10, 11), (12, 13), (11, 12), (16, 17), (15, 16), (17, 18), (16, 17), (15, 16), (14, 15), (13, 14), (12, 13), (11, 12), (10, 11), (9, 10), (8, 9), (7, 8), (6, 7), (5, 6), (4, 5), (6, 7), (5, 6), (4, 5), (3, 4), (2, 3), (1, 2), (0, 1), (4, 5), (7, 8), (8, 9), (7, 8), (11, 12), (10, 11), (11, 12), (13, 14), (12, 13), (13, 14), (16, 17), (15, 16), (14, 15), (13, 14), (15, 16), (17, 18), (16, 17), (15, 16), (14, 15), (13, 14), (12, 13), (11, 12), (10, 11), (9, 10), (8, 9), (7, 8), (6, 7), (5, 6), (4, 5), (3, 4), (2, 3), (1, 2), (0, 1), (2, 3), (4, 5), (14, 15), (13, 14), (12, 13), (11, 12), (10, 11), (9, 10), (8, 9), (7, 8), (6, 7), (5, 6), (4, 5), (3, 4), (2, 3), (1, 2), (2, 3), (5, 6), (6, 7), (5, 6), (4, 5), (5, 6), (6, 7), (7, 8), (8, 9), (7, 8), (9, 10), (10, 11), (11, 12), (12, 13), (11, 12), (10, 11), (9, 10), (11, 12), (13, 14), (14, 15), (15, 16), (14, 15), (16, 17), (15, 16), (14, 15), (13, 14), (12, 13), (11, 12), (10, 11), (12, 13), (13, 14), (12, 13), (13, 14), (14, 15), (13, 14), (12, 13), (11, 12), (10, 11), (9, 10), (8, 9), (7, 8), (6, 7), (5, 6), (4, 5), (3, 4), (12, 13), (13, 14), (15, 16), (16, 17), (18, 19), (17, 18), (16, 17), (15, 16), (14, 15), (13, 14), (12, 13), (11, 12), (10, 11), (9, 10), (8, 9), (7, 8), (6, 7), (5, 6), (4, 5), (3, 4), (2, 3), (1, 2), (6, 7), (5, 6), (4, 5), (6, 7), (5, 6), (6, 7), (7, 8), (8, 9), (12, 13), (11, 12), (10, 11), (9, 10), (12, 13), (11, 12), (14, 15), (16, 17), (15, 16), (14, 15), (13, 14), (12, 13), (11, 12), (13, 14), (14, 15), (13, 14), (14, 15), (16, 17), (15, 16), (14, 15), (13, 14), (12, 13), (11, 12), (10, 11), (9, 10), (8, 9), (7, 8), (6, 7), (5, 6), (4, 5), (3, 4), (2, 3), (4, 5), (3, 4), (4, 5), (7, 8), (13, 14), (19, 20), (18, 19), (17, 18), (16, 17), (15, 16), (14, 15), (13, 14), (12, 13), (11, 12), (10, 11), (9, 10), (8, 9), (7, 8), (6, 7), (5, 6), (6, 7), (7, 8), (6, 7), (5, 6), (4, 5), (8, 9), (10, 11), (11, 12), (10, 11), (9, 10), (12, 13), (11, 12), (10, 11), (9, 10), (12, 13), (11, 12), (14, 15), (13, 14), (12, 13), (11, 12), (10, 11), (9, 10), (8, 9), (10, 11), (13, 14), (18, 19), (17, 18), (19, 20), (18, 19), (17, 18), (16, 17), (15, 16), (14, 15), (13, 14), (12, 13), (11, 12), (10, 11), (9, 10), (15, 16), (14, 15), (16, 17), (15, 16), (14, 15), (13, 14), (12, 13), (11, 12), (10, 11), (9, 10), (8, 9), (7, 8), (6, 7), (5, 6), (4, 5), (3, 4), (2, 3), (1, 2), (0, 1), (1, 2), (8, 9), (7, 8), (17, 18), (16, 17), (15, 16), (14, 15), (13, 14), (14, 15), (18, 19), (17, 18), (19, 20), (18, 19), (17, 18), (16, 17), (15, 16), (14, 15), (13, 14), (12, 13), (11, 12), (10, 11), (9, 10), (8, 9), (7, 8), (6, 7), (5, 6), (4, 5), (3, 4), (2, 3), (1, 2), (0, 1), (1, 2), (5, 6), (4, 5), (5, 6), (8, 9), (7, 8), (10, 11), (12, 13), (11, 12), (10, 11), (12, 13), (11, 12), (10, 11), (9, 10), (10, 11), (9, 10), (13, 14), (12, 13), (11, 12), (10, 11), (9, 10), (8, 9), (7, 8), (6, 7), (5, 6), (4, 5), (3, 4), (2, 3), (3, 4), (11, 12), (12, 13), (11, 12), (10, 11), (9, 10), (8, 9), (7, 8), (6, 7), (11, 12), (12, 13), (11, 12), (10, 11), (9, 10), (8, 9), (12, 13), (14, 15), (15, 16), (16, 17), (15, 16), (14, 15), (13, 14), (12, 13), (11, 12), (10, 11), (9, 10), (8, 9), (7, 8), (6, 7), (5, 6), (4, 5), (3, 4), (2, 3), (3, 4), (5, 6), (7, 8), (8, 9), (7, 8), (6, 7), (13, 14), (12, 13), (11, 12), (10, 11), (9, 10), (8, 9), (7, 8), (13, 14), (14, 15), (13, 14), (12, 13), (11, 12), (10, 11), (9, 10), (8, 9), (7, 8), (6, 7), (5, 6), (6, 7), (7, 8), (12, 13), (11, 12), (12, 13), (14, 15), (13, 14), (12, 13), (11, 12), (10, 11), (14, 15), (13, 14), (14, 15), (15, 16), (14, 15), (13, 14), (12, 13), (11, 12), (12, 13), (11, 12), (13, 14), (12, 13), (11, 12), (10, 11), (9, 10), (12, 13), (11, 12), (15, 16), (16, 17), (15, 16), (14, 15), (17, 18), (16, 17), (15, 16), (14, 15), (13, 14), (12, 13), (11, 12), (10, 11), (9, 10), (8, 9), (7, 8), (6, 7), (7, 8), (8, 9), (9, 10), (14, 15), (13, 14), (12, 13), (11, 12), (10, 11), (16, 17), (17, 18), (16, 17), (18, 19), (19, 20), (18, 19), (17, 18), (16, 17), (15, 16), (14, 15), (13, 14), (12, 13), (11, 12), (10, 11), (9, 10), (8, 9), (7, 8), (6, 7), (5, 6), (4, 5), (3, 4), (2, 3), (1, 2), (0, 1), (5, 6), (4, 5), (5, 6), (7, 8), (6, 7), (5, 6), (4, 5), (7, 8), (6, 7), (8, 9), (7, 8), (6, 7), (5, 6), (4, 5), (3, 4), (2, 3), (1, 2), (0, 1), (1, 2), (2, 3), (7, 8), (10, 11), (14, 15), (13, 14), (12, 13), (11, 12), (10, 11), (9, 10), (11, 12), (10, 11), (11, 12), (13, 14), (12, 13), (13, 14), (17, 18), (16, 17), (15, 16), (14, 15), (13, 14), (12, 13), (11, 12), (10, 11), (9, 10), (8, 9), (7, 8), (6, 7), (5, 6), (4, 5), (3, 4), (2, 3), (1, 2), (0, 1), (8, 9), (9, 10), (8, 9), (9, 10), (8, 9), (11, 12), (10, 11), (9, 10), (8, 9), (13, 14), (14, 15), (18, 19), (17, 18), (16, 17), (15, 16), (14, 15), (13, 14), (12, 13), (11, 12), (12, 13), (13, 14), (12, 13), (18, 19), (17, 18), (19, 20), (18, 19), (17, 18), (16, 17), (15, 16), (17, 18), (16, 17), (15, 16), (14, 15), (13, 14), (12, 13), (11, 12), (10, 11), (9, 10), (8, 9), (7, 8), (6, 7), (5, 6), (4, 5), (3, 4), (2, 3), (4, 5), (7, 8), (6, 7), (8, 9), (9, 10), (10, 11), (11, 12), (12, 13), (11, 12), (10, 11), (9, 10), (11, 12), (10, 11), (11, 12), (13, 14), (19, 20), (18, 19), (17, 18), (16, 17), (15, 16), (14, 15), (13, 14), (12, 13), (11, 12), (10, 11), (9, 10), (8, 9), (7, 8), (6, 7), (5, 6), (4, 5), (3, 4), (2, 3), (5, 6), (9, 10), (8, 9), (7, 8), (6, 7), (5, 6), (4, 5), (3, 4), (4, 5), (5, 6), (8, 9), (7, 8), (9, 10), (8, 9), (11, 12), (10, 11), (9, 10), (14, 15), (13, 14), (12, 13), (11, 12), (10, 11), (9, 10), (8, 9), (7, 8), (6, 7), (5, 6), (4, 5), (3, 4), (5, 6), (6, 7), (7, 8), (6, 7), (5, 6), (8, 9), (7, 8), (9, 10), (12, 13), (11, 12), (10, 11), (9, 10), (12, 13), (13, 14), (12, 13), (11, 12), (10, 11), (9, 10), (11, 12), (10, 11), (9, 10), (11, 12), (14, 15), (13, 14), (15, 16), (14, 15), (13, 14), (16, 17), (15, 16), (14, 15), (13, 14), (12, 13), (11, 12), (10, 11), (9, 10), (8, 9), (7, 8), (6, 7), (5, 6), (6, 7), (8, 9), (7, 8), (9, 10), (8, 9), (10, 11), (9, 10), (8, 9), (7, 8), (6, 7), (5, 6), (4, 5), (3, 4), (2, 3), (5, 6), (9, 10), (8, 9), (11, 12), (12, 13), (11, 12), (10, 11), (9, 10), (8, 9), (7, 8), (9, 10), (10, 11), (9, 10), (8, 9), (10, 11), (13, 14), (12, 13), (14, 15), (13, 14), (12, 13), (17, 18), (16, 17), (15, 16), (14, 15), (17, 18), (18, 19), (17, 18), (16, 17), (15, 16), (14, 15), (13, 14), (12, 13), (11, 12), (10, 11), (9, 10), (12, 13), (13, 14), (14, 15), (13, 14), (12, 13), (11, 12), (10, 11), (9, 10), (8, 9), (7, 8), (6, 7), (7, 8), (8, 9), (12, 13), (11, 12), (15, 16), (14, 15), (13, 14), (12, 13), (11, 12), (10, 11), (9, 10), (8, 9), (7, 8), (6, 7), (5, 6), (4, 5), (3, 4), (2, 3), (1, 2), (0, 1), (1, 2), (4, 5), (5, 6), (4, 5), (6, 7), (8, 9), (7, 8), (6, 7), (8, 9), (7, 8), (9, 10), (10, 11), (11, 12), (14, 15), (13, 14), (12, 13), (16, 17), (15, 16), (14, 15), (13, 14), (15, 16), (18, 19), (17, 18), (16, 17), (15, 16), (14, 15), (13, 14), (12, 13), (11, 12), (10, 11), (9, 10), (8, 9), (7, 8), (6, 7), (5, 6), (4, 5), (3, 4), (2, 3), (1, 2), (5, 6), (6, 7), (5, 6), (8, 9), (9, 10), (10, 11), (9, 10), (11, 12), (12, 13), (13, 14), (14, 15), (13, 14), (12, 13), (11, 12), (10, 11), (9, 10), (8, 9), (7, 8), (8, 9), (10, 11), (9, 10), (8, 9), (10, 11), (9, 10), (11, 12), (10, 11), (12, 13), (11, 12), (13, 14), (14, 15), (16, 17), (17, 18), (16, 17), (15, 16), (14, 15), (13, 14), (12, 13), (11, 12), (10, 11), (11, 12), (13, 14), (12, 13), (11, 12), (10, 11), (9, 10), (8, 9), (7, 8), (6, 7), (5, 6), (4, 5), (3, 4), (2, 3), (1, 2), (5, 6), (6, 7), (5, 6), (4, 5), (5, 6), (7, 8), (8, 9), (7, 8), (8, 9), (11, 12), (10, 11), (13, 14), (12, 13), (11, 12), (10, 11), (9, 10), (8, 9), (7, 8), (6, 7), (5, 6), (4, 5), (3, 4), (2, 3), (7, 8), (6, 7), (5, 6), (4, 5), (3, 4), (2, 3), (9, 10), (10, 11), (9, 10), (8, 9), (7, 8), (6, 7), (5, 6), (4, 5), (8, 9), (7, 8), (6, 7), (12, 13), (11, 12), (14, 15), (13, 14), (12, 13), (11, 12), (10, 11), (9, 10), (8, 9), (7, 8), (6, 7), (10, 11), (11, 12), (10, 11), (9, 10), (8, 9), (7, 8), (6, 7), (5, 6), (12, 13), (11, 12), (10, 11), (9, 10), (8, 9), (13, 14), (16, 17), (15, 16), (14, 15), (15, 16), (17, 18), (16, 17), (15, 16), (18, 19), (17, 18), (16, 17), (15, 16), (14, 15), (13, 14), (12, 13), (11, 12), (10, 11), (9, 10), (8, 9), (7, 8), (6, 7), (5, 6), (7, 8), (9, 10), (12, 13), (11, 12), (10, 11), (12, 13), (13, 14), (12, 13), (14, 15), (15, 16), (16, 17), (18, 19), (17, 18), (16, 17), (15, 16), (18, 19), (17, 18), (19, 20), (18, 19), (17, 18), (16, 17), (15, 16), (14, 15), (13, 14), (12, 13), (11, 12), (10, 11), (9, 10), (8, 9), (7, 8), (6, 7), (8, 9), (10, 11), (9, 10), (8, 9), (11, 12), (10, 11), (12, 13), (11, 12), (13, 14), (17, 18), (16, 17), (15, 16), (14, 15), (13, 14), (16, 17), (15, 16), (20, 21), (19, 20), (18, 19), (17, 18), (16, 17), (15, 16), (14, 15), (13, 14), (12, 13), (11, 12), (10, 11), (11, 12), (12, 13), (11, 12), (13, 14), (14, 15), (13, 14), (12, 13), (15, 16), (14, 15), (13, 14), (12, 13), (16, 17), (15, 16), (14, 15), (13, 14), (12, 13), (11, 12), (10, 11), (9, 10), (8, 9), (7, 8), (6, 7), (5, 6), (4, 5), (5, 6), (6, 7), (7, 8), (6, 7), (11, 12), (10, 11), (9, 10), (8, 9), (7, 8), (9, 10), (10, 11), (9, 10), (11, 12), (10, 11), (9, 10), (12, 13), (11, 12), (10, 11), (12, 13), (13, 14), (12, 13), (11, 12), (10, 11), (9, 10), (8, 9), (7, 8), (6, 7), (5, 6), (4, 5), (3, 4), (2, 3), (3, 4), (2, 3), (4, 5), (3, 4), (2, 3), (1, 2), (0, 1), (5, 6), (4, 5), (6, 7), (5, 6), (4, 5), (3, 4), (2, 3), (1, 2), (0, 1), (1, 2), (4, 5), (3, 4), (2, 3), (8, 9), (9, 10), (10, 11), (9, 10), (11, 12), (10, 11), (9, 10), (12, 13), (11, 12), (14, 15), (13, 14), (12, 13), (11, 12), (10, 11), (9, 10), (8, 9), (14, 15), (13, 14), (18, 19), (19, 20), (18, 19), (20, 21), (19, 20), (18, 19), (17, 18), (16, 17), (15, 16), (14, 15), (13, 14), (12, 13), (11, 12), (10, 11), (9, 10), (8, 9), (7, 8), (6, 7), (5, 6), (4, 5), (3, 4), (6, 7), (5, 6), (6, 7), (5, 6), (7, 8), (6, 7), (5, 6), (4, 5), (3, 4), (2, 3), (1, 2), (2, 3), (8, 9), (7, 8), (6, 7), (5, 6), (4, 5), (12, 13), (11, 12), (10, 11), (9, 10), (8, 9), (7, 8), (6, 7), (8, 9), (9, 10), (12, 13), (11, 12), (12, 13), (11, 12), (10, 11), (11, 12), (12, 13), (13, 14), (12, 13), (14, 15), (15, 16), (18, 19), (19, 20), (18, 19), (17, 18), (16, 17), (15, 16), (14, 15), (13, 14), (12, 13), (11, 12), (10, 11), (9, 10), (8, 9), (7, 8), (6, 7), (5, 6), (4, 5), (3, 4), (2, 3), (4, 5), (3, 4), (5, 6), (4, 5), (5, 6), (6, 7), (5, 6), (7, 8), (6, 7), (8, 9), (7, 8), (6, 7), (12, 13), (11, 12), (12, 13), (16, 17), (19, 20), (18, 19), (17, 18), (19, 20), (20, 21), (19, 20), (18, 19), (17, 18), (16, 17), (15, 16), (14, 15), (13, 14), (12, 13), (11, 12), (10, 11), (9, 10), (8, 9), (7, 8), (10, 11), (9, 10), (8, 9), (10, 11), (11, 12), (14, 15), (13, 14), (12, 13), (11, 12), (10, 11), (9, 10), (8, 9), (11, 12), (15, 16), (14, 15), (13, 14), (12, 13), (11, 12), (10, 11), (15, 16), (16, 17), (18, 19), (17, 18), (16, 17), (15, 16), (14, 15), (13, 14), (12, 13), (11, 12), (10, 11), (9, 10), (8, 9), (7, 8), (6, 7), (5, 6), (4, 5), (7, 8), (6, 7), (5, 6), (4, 5), (3, 4), (2, 3), (1, 2), (0, 1), (2, 3), (4, 5), (3, 4), (2, 3), (1, 2), (0, 1), (2, 3), (3, 4), (4, 5), (5, 6), (4, 5), (3, 4), (2, 3), (1, 2), (0, 1), (8, 9), (7, 8), (9, 10), (8, 9), (10, 11), (9, 10), (11, 12), (10, 11), (12, 13), (11, 12), (10, 11), (13, 14), (12, 13), (14, 15), (20, 21), (19, 20), (18, 19), (17, 18), (16, 17), (15, 16), (14, 15), (13, 14), (12, 13), (11, 12), (10, 11), (9, 10), (8, 9), (7, 8), (6, 7), (7, 8), (6, 7), (8, 9), (7, 8), (6, 7), (5, 6), (4, 5), (9, 10), (10, 11), (11, 12), (10, 11), (9, 10), (8, 9), (7, 8), (6, 7), (5, 6), (14, 15), (17, 18), (19, 20), (18, 19), (17, 18), (16, 17), (15, 16), (14, 15), (13, 14), (12, 13), (11, 12), (10, 11), (9, 10), (8, 9), (7, 8), (14, 15), (13, 14), (12, 13), (11, 12), (12, 13), (14, 15), (13, 14), (12, 13), (17, 18), (19, 20), (18, 19), (20, 21), (19, 20), (18, 19), (17, 18), (16, 17), (15, 16), (14, 15), (13, 14), (12, 13), (11, 12), (10, 11), (9, 10), (8, 9), (7, 8), (6, 7), (5, 6), (4, 5), (3, 4), (2, 3), (1, 2), (4, 5), (3, 4), (4, 5), (6, 7), (5, 6), (4, 5), (8, 9), (7, 8), (6, 7), (5, 6), (4, 5), (7, 8), (6, 7), (7, 8), (8, 9), (7, 8), (9, 10), (10, 11), (9, 10), (17, 18), (16, 17), (15, 16), (16, 17), (15, 16), (14, 15), (13, 14), (15, 16), (18, 19), (19, 20), (18, 19), (20, 21), (19, 20), (18, 19), (17, 18), (16, 17), (15, 16), (14, 15), (13, 14), (12, 13), (11, 12), (10, 11), (9, 10), (8, 9), (7, 8), (6, 7), (5, 6), (4, 5), (3, 4), (2, 3), (1, 2), (0, 1), (2, 3), (1, 2), (2, 3), (3, 4), (4, 5), (5, 6), (4, 5), (7, 8), (12, 13), (13, 14), (12, 13), (11, 12), (10, 11), (9, 10), (8, 9), (7, 8), (6, 7), (5, 6), (4, 5), (3, 4), (5, 6), (6, 7), (12, 13), (11, 12), (14, 15), (16, 17), (17, 18), (16, 17), (19, 20), (18, 19), (17, 18), (16, 17), (18, 19), (20, 21), (19, 20), (18, 19), (17, 18), (16, 17), (15, 16), (14, 15), (13, 14), (12, 13), (11, 12), (10, 11), (9, 10), (8, 9), (7, 8), (6, 7), (5, 6), (8, 9), (7, 8), (6, 7), (5, 6), (4, 5), (3, 4), (2, 3), (1, 2), (4, 5), (3, 4), (10, 11), (12, 13), (11, 12), (10, 11), (9, 10), (8, 9), (7, 8), (6, 7), (5, 6), (4, 5), (3, 4), (2, 3), (1, 2), (6, 7), (13, 14), (12, 13), (15, 16), (14, 15), (13, 14), (12, 13), (11, 12), (10, 11), (9, 10), (8, 9), (7, 8), (6, 7), (5, 6), (4, 5), (3, 4), (2, 3), (1, 2), (0, 1), (11, 12), (14, 15), (13, 14), (14, 15), (18, 19), (17, 18), (16, 17), (15, 16), (14, 15), (13, 14), (12, 13), (11, 12), (10, 11), (9, 10), (8, 9), (7, 8), (6, 7), (5, 6), (4, 5), (3, 4), (4, 5), (8, 9), (7, 8), (6, 7), (7, 8), (11, 12), (10, 11), (9, 10), (8, 9), (7, 8), (6, 7), (5, 6), (4, 5), (11, 12), (12, 13), (11, 12), (13, 14), (15, 16), (17, 18), (18, 19), (17, 18), (16, 17), (15, 16), (14, 15), (13, 14), (17, 18), (16, 17), (15, 16), (14, 15), (17, 18), (16, 17), (17, 18), (18, 19), (19, 20), (18, 19), (17, 18), (16, 17), (15, 16), (19, 20), (20, 21), (19, 20), (18, 19), (17, 18), (16, 17), (15, 16), (14, 15), (13, 14), (12, 13), (11, 12), (10, 11), (9, 10), (8, 9), (7, 8), (8, 9), (12, 13), (11, 12), (12, 13), (13, 14), (12, 13), (11, 12), (13, 14), (12, 13), (14, 15), (13, 14), (12, 13), (11, 12), (10, 11), (13, 14), (12, 13), (14, 15), (13, 14), (15, 16), (16, 17), (15, 16), (14, 15), (13, 14), (12, 13), (11, 12), (12, 13), (13, 14), (15, 16), (14, 15), (13, 14), (12, 13), (15, 16), (14, 15), (15, 16), (16, 17), (19, 20), (18, 19), (17, 18), (16, 17), (15, 16), (14, 15), (13, 14), (17, 18), (16, 17), (17, 18), (16, 17), (18, 19), (19, 20), (18, 19), (17, 18), (16, 17), (15, 16), (14, 15), (13, 14), (12, 13), (11, 12), (10, 11), (9, 10), (16, 17), (15, 16), (14, 15), (13, 14), (20, 21), (19, 20), (18, 19), (17, 18), (16, 17), (15, 16), (14, 15), (13, 14), (12, 13), (11, 12), (10, 11), (9, 10), (8, 9), (7, 8), (6, 7), (5, 6), (4, 5), (3, 4), (2, 3), (1, 2), (0, 1), (3, 4), (2, 3), (3, 4), (7, 8), (6, 7), (5, 6), (4, 5), (3, 4), (2, 3), (7, 8), (8, 9), (7, 8), (9, 10), (8, 9), (7, 8), (6, 7), (5, 6), (7, 8), (6, 7), (5, 6), (4, 5), (5, 6), (7, 8), (9, 10), (10, 11), (12, 13), (11, 12), (16, 17), (15, 16), (14, 15), (16, 17), (18, 19), (19, 20), (18, 19), (17, 18), (16, 17), (15, 16), (14, 15), (13, 14), (12, 13), (11, 12), (10, 11), (9, 10), (8, 9), (7, 8), (6, 7), (5, 6), (4, 5), (3, 4), (2, 3), (3, 4), (9, 10), (8, 9), (10, 11), (9, 10), (8, 9), (11, 12), (10, 11), (12, 13), (11, 12), (10, 11), (9, 10), (8, 9), (7, 8), (8, 9), (9, 10), (8, 9), (10, 11), (9, 10), (8, 9), (7, 8), (6, 7), (5, 6), (7, 8), (8, 9), (7, 8), (6, 7), (8, 9), (10, 11), (11, 12), (10, 11), (9, 10), (8, 9), (15, 16), (17, 18), (16, 17), (15, 16), (14, 15), (13, 14), (12, 13), (11, 12), (10, 11), (12, 13), (14, 15), (17, 18), (16, 17), (15, 16), (14, 15), (13, 14), (12, 13), (18, 19), (19, 20), (18, 19), (17, 18), (16, 17), (15, 16), (14, 15), (15, 16), (19, 20), (20, 21), (19, 20), (18, 19), (17, 18), (16, 17), (15, 16), (14, 15), (13, 14), (12, 13), (11, 12), (10, 11), (12, 13), (11, 12), (12, 13), (13, 14), (12, 13), (11, 12), (10, 11), (9, 10), (8, 9), (7, 8), (6, 7), (5, 6), (4, 5), (3, 4), (2, 3), (10, 11), (13, 14), (16, 17), (15, 16), (14, 15), (13, 14), (12, 13), (11, 12), (10, 11), (9, 10), (8, 9), (7, 8), (6, 7), (5, 6), (4, 5), (7, 8), (11, 12), (13, 14), (12, 13), (11, 12), (10, 11), (9, 10), (8, 9), (7, 8), (6, 7), (5, 6), (4, 5), (7, 8), (8, 9), (9, 10), (10, 11), (12, 13), (11, 12), (10, 11), (9, 10), (8, 9), (7, 8), (12, 13), (11, 12), (10, 11), (9, 10), (8, 9), (16, 17), (17, 18), (16, 17), (15, 16), (14, 15), (13, 14), (12, 13), (11, 12), (12, 13), (13, 14), (12, 13), (11, 12), (10, 11), (9, 10), (8, 9), (7, 8), (6, 7), (5, 6), (4, 5), (5, 6), (7, 8), (6, 7), (5, 6), (11, 12), (10, 11), (11, 12), (12, 13), (11, 12), (13, 14), (16, 17), (15, 16), (16, 17), (17, 18), (16, 17), (18, 19), (17, 18), (16, 17), (15, 16), (19, 20), (18, 19), (17, 18), (20, 21), (19, 20), (18, 19), (17, 18), (16, 17), (15, 16), (14, 15), (13, 14), (12, 13), (11, 12), (10, 11), (12, 13), (14, 15), (13, 14), (12, 13), (15, 16), (14, 15), (13, 14), (12, 13), (11, 12), (10, 11), (9, 10), (8, 9), (7, 8), (6, 7), (5, 6), (8, 9), (10, 11), (17, 18), (16, 17), (15, 16), (14, 15), (13, 14), (12, 13), (13, 14), (17, 18), (18, 19), (17, 18), (16, 17), (15, 16), (14, 15), (13, 14), (17, 18), (18, 19), (17, 18), (19, 20), (18, 19), (17, 18), (16, 17), (15, 16), (14, 15), (13, 14), (12, 13), (11, 12), (10, 11), (9, 10), (8, 9), (7, 8), (6, 7), (5, 6), (4, 5), (3, 4), (2, 3), (7, 8), (6, 7), (7, 8), (9, 10), (8, 9), (7, 8), (8, 9), (9, 10), (10, 11), (9, 10), (8, 9), (16, 17), (15, 16), (14, 15), (18, 19), (17, 18), (16, 17), (18, 19), (17, 18), (19, 20), (18, 19), (17, 18), (16, 17), (15, 16), (14, 15), (13, 14), (12, 13), (11, 12), (10, 11), (9, 10), (10, 11), (9, 10), (12, 13), (16, 17), (19, 20), (18, 19), (17, 18), (16, 17), (15, 16), (14, 15), (13, 14), (12, 13), (19, 20), (18, 19), (17, 18), (18, 19), (20, 21), (19, 20), (18, 19), (17, 18), (16, 17), (15, 16), (14, 15), (13, 14), (12, 13), (14, 15), (21, 22), (20, 21), (19, 20), (18, 19), (17, 18), (16, 17), (15, 16), (14, 15), (13, 14), (12, 13), (11, 12), (10, 11), (12, 13), (15, 16), (16, 17), (15, 16), (16, 17), (17, 18), (16, 17), (15, 16), (14, 15), (13, 14), (12, 13), (18, 19), (20, 21), (19, 20), (18, 19), (17, 18), (16, 17), (18, 19), (21, 22), (20, 21), (19, 20), (18, 19), (17, 18), (16, 17), (15, 16), (14, 15), (13, 14), (12, 13), (11, 12), (10, 11), (9, 10), (8, 9), (7, 8), (6, 7), (5, 6), (4, 5), (3, 4), (2, 3), (1, 2), (0, 1), (2, 3), (6, 7), (5, 6), (4, 5), (6, 7), (7, 8), (6, 7), (5, 6), (7, 8), (8, 9), (7, 8), (6, 7), (5, 6), (4, 5), (3, 4), (5, 6), (10, 11), (9, 10), (8, 9), (7, 8), (6, 7), (5, 6), (4, 5), (3, 4), (2, 3), (1, 2), (4, 5), (9, 10), (8, 9), (10, 11), (9, 10), (8, 9), (7, 8), (6, 7), (5, 6), (10, 11), (11, 12), (10, 11), (9, 10), (10, 11), (12, 13), (11, 12), (10, 11), (13, 14), (12, 13), (11, 12), (12, 13), (14, 15), (13, 14), (12, 13), (11, 12), (10, 11), (9, 10), (10, 11), (15, 16), (14, 15), (13, 14), (12, 13), (11, 12), (13, 14), (16, 17), (15, 16), (14, 15), (17, 18), (18, 19), (17, 18), (16, 17), (15, 16), (19, 20), (18, 19), (17, 18), (16, 17), (15, 16), (14, 15), (13, 14), (12, 13), (18, 19), (20, 21), (21, 22), (20, 21), (19, 20), (18, 19), (17, 18), (16, 17), (15, 16), (14, 15), (13, 14), (12, 13), (11, 12), (10, 11), (9, 10), (8, 9), (7, 8), (6, 7), (5, 6), (4, 5), (3, 4), (2, 3), (3, 4), (5, 6), (6, 7), (5, 6), (4, 5), (3, 4), (2, 3), (1, 2), (8, 9), (7, 8), (8, 9), (9, 10), (8, 9), (7, 8), (8, 9), (10, 11), (9, 10), (8, 9), (7, 8), (9, 10), (11, 12), (10, 11), (12, 13), (11, 12), (10, 11), (13, 14), (12, 13), (13, 14), (14, 15), (13, 14), (12, 13), (11, 12), (10, 11), (9, 10), (8, 9), (7, 8), (9, 10), (10, 11), (9, 10), (8, 9), (10, 11), (9, 10), (12, 13), (11, 12), (14, 15), (15, 16), (14, 15), (13, 14), (16, 17), (15, 16), (14, 15), (13, 14), (12, 13), (11, 12), (10, 11), (9, 10), (11, 12), (17, 18), (16, 17), (15, 16), (14, 15), (13, 14), (12, 13), (11, 12), (10, 11), (11, 12), (13, 14), (12, 13), (13, 14), (14, 15), (13, 14), (16, 17), (18, 19), (17, 18), (16, 17), (15, 16), (14, 15), (13, 14), (12, 13), (11, 12), (10, 11), (9, 10), (8, 9), (7, 8), (6, 7), (5, 6), (4, 5), (3, 4), (2, 3), (1, 2), (5, 6), (10, 11), (9, 10), (8, 9), (7, 8), (6, 7), (11, 12), (10, 11), (9, 10), (8, 9), (7, 8), (6, 7), (5, 6), (4, 5), (3, 4), (2, 3), (3, 4), (4, 5), (12, 13), (11, 12), (10, 11), (9, 10), (10, 11), (13, 14), (12, 13), (14, 15), (13, 14), (15, 16), (16, 17), (17, 18), (19, 20), (18, 19), (17, 18), (16, 17), (15, 16), (14, 15), (13, 14), (12, 13), (11, 12), (10, 11), (9, 10), (8, 9), (7, 8), (6, 7), (5, 6), (4, 5), (3, 4), (2, 3), (1, 2), (8, 9), (7, 8), (6, 7), (7, 8), (8, 9), (11, 12), (12, 13), (15, 16), (18, 19), (17, 18), (16, 17), (20, 21), (19, 20), (18, 19), (17, 18), (16, 17), (15, 16), (21, 22), (20, 21), (19, 20), (18, 19), (17, 18), (16, 17), (15, 16), (14, 15), (13, 14), (12, 13), (11, 12), (10, 11), (9, 10), (8, 9), (7, 8), (6, 7), (14, 15), (13, 14), (12, 13), (11, 12), (10, 11), (9, 10), (8, 9), (10, 11), (9, 10), (10, 11), (11, 12), (14, 15), (13, 14), (12, 13), (15, 16), (14, 15), (13, 14), (12, 13), (11, 12), (10, 11), (9, 10), (8, 9), (7, 8), (6, 7), (5, 6), (4, 5), (3, 4), (4, 5), (5, 6), (6, 7), (7, 8), (8, 9), (7, 8), (6, 7), (5, 6), (4, 5), (6, 7), (5, 6), (7, 8), (6, 7), (5, 6), (14, 15), (13, 14), (12, 13), (14, 15), (15, 16), (14, 15), (13, 14), (16, 17), (15, 16), (14, 15), (13, 14), (12, 13), (11, 12), (10, 11), (9, 10), (8, 9), (7, 8), (6, 7), (5, 6), (4, 5), (3, 4), (6, 7), (5, 6), (14, 15), (13, 14), (12, 13), (11, 12), (14, 15), (13, 14), (12, 13), (11, 12), (12, 13), (13, 14), (12, 13), (14, 15), (15, 16), (17, 18), (16, 17), (15, 16), (14, 15), (13, 14), (12, 13), (11, 12), (10, 11), (9, 10), (8, 9), (7, 8), (6, 7), (5, 6), (6, 7), (7, 8), (8, 9), (7, 8), (6, 7), (7, 8), (9, 10), (13, 14), (18, 19), (20, 21), (19, 20), (18, 19), (17, 18), (16, 17), (15, 16), (14, 15), (13, 14), (12, 13), (11, 12), (10, 11), (9, 10), (8, 9), (15, 16), (14, 15), (16, 17), (15, 16), (14, 15), (13, 14), (12, 13), (11, 12), (10, 11), (11, 12), (14, 15), (13, 14), (14, 15), (15, 16), (14, 15), (16, 17), (17, 18), (16, 17), (15, 16), (14, 15), (13, 14), (12, 13), (11, 12), (10, 11), (9, 10), (8, 9), (7, 8), (6, 7), (8, 9), (9, 10), (10, 11), (17, 18), (18, 19), (19, 20), (18, 19), (21, 22), (20, 21), (19, 20), (18, 19), (17, 18), (16, 17), (15, 16), (14, 15), (13, 14), (12, 13), (11, 12), (12, 13), (15, 16), (16, 17), (15, 16), (17, 18), (16, 17), (18, 19), (19, 20), (18, 19), (17, 18), (16, 17), (15, 16), (14, 15), (13, 14), (12, 13), (11, 12), (10, 11), (12, 13), (11, 12), (10, 11), (9, 10), (8, 9), (12, 13), (13, 14), (16, 17), (15, 16), (14, 15), (13, 14), (12, 13), (11, 12), (15, 16), (19, 20), (20, 21), (19, 20), (18, 19), (17, 18), (16, 17), (15, 16), (14, 15), (13, 14), (12, 13), (11, 12), (10, 11), (9, 10), (8, 9), (7, 8), (6, 7), (5, 6), (4, 5), (3, 4), (2, 3), (1, 2), (0, 1), (1, 2), (3, 4), (2, 3), (1, 2), (0, 1), (2, 3), (4, 5), (3, 4), (2, 3), (5, 6), (4, 5), (3, 4), (2, 3), (5, 6), (4, 5), (5, 6), (6, 7), (7, 8), (6, 7), (5, 6), (4, 5), (6, 7), (5, 6), (4, 5), (3, 4), (2, 3), (1, 2), (4, 5), (3, 4), (5, 6), (8, 9), (9, 10), (10, 11), (9, 10), (11, 12), (10, 11), (9, 10), (12, 13), (13, 14), (17, 18), (16, 17), (19, 20), (20, 21), (19, 20), (18, 19), (17, 18), (16, 17), (15, 16), (14, 15), (13, 14), (12, 13), (11, 12), (10, 11), (9, 10), (14, 15), (13, 14), (12, 13), (11, 12), (16, 17), (17, 18), (16, 17), (20, 21), (19, 20), (18, 19), (17, 18), (16, 17), (15, 16), (14, 15), (13, 14), (12, 13), (11, 12), (14, 15), (15, 16), (17, 18), (16, 17), (15, 16), (16, 17), (15, 16), (14, 15), (13, 14), (16, 17), (15, 16), (16, 17), (18, 19), (21, 22), (20, 21), (19, 20), (18, 19), (17, 18), (16, 17), (15, 16), (14, 15), (13, 14), (12, 13), (11, 12), (10, 11), (9, 10), (8, 9), (7, 8), (6, 7), (5, 6), (4, 5), (3, 4), (2, 3), (5, 6), (7, 8), (9, 10), (8, 9), (7, 8), (9, 10), (8, 9), (10, 11), (9, 10), (8, 9), (7, 8), (6, 7), (8, 9), (7, 8), (11, 12), (10, 11), (12, 13), (11, 12), (10, 11), (9, 10), (8, 9), (7, 8), (6, 7), (5, 6), (4, 5), (3, 4), (2, 3), (1, 2), (0, 1), (1, 2), (4, 5), (8, 9), (7, 8), (6, 7), (8, 9), (12, 13), (11, 12), (10, 11), (9, 10), (8, 9), (7, 8), (9, 10), (12, 13), (13, 14), (14, 15), (13, 14), (12, 13), (11, 12), (12, 13), (13, 14), (14, 15), (15, 16), (14, 15), (13, 14), (12, 13), (11, 12), (10, 11), (9, 10), (10, 11), (9, 10), (8, 9), (7, 8), (6, 7), (5, 6), (4, 5), (3, 4), (2, 3), (1, 2), (11, 12), (12, 13), (15, 16), (18, 19), (17, 18), (16, 17), (15, 16), (14, 15), (13, 14), (12, 13), (11, 12), (18, 19), (19, 20), (20, 21), (21, 22), (20, 21), (19, 20), (18, 19), (17, 18), (16, 17), (15, 16), (14, 15), (13, 14), (12, 13), (11, 12), (10, 11), (9, 10), (8, 9), (7, 8), (6, 7), (5, 6), (4, 5), (9, 10), (10, 11), (9, 10), (8, 9), (7, 8), (6, 7), (9, 10), (8, 9), (9, 10), (11, 12), (10, 11), (9, 10), (8, 9), (10, 11), (12, 13), (11, 12), (10, 11), (11, 12), (10, 11), (13, 14), (12, 13), (14, 15), (13, 14), (14, 15), (15, 16), (14, 15), (13, 14), (12, 13), (11, 12), (10, 11), (15, 16), (16, 17), (18, 19), (17, 18), (16, 17), (15, 16), (14, 15), (13, 14), (12, 13), (11, 12), (10, 11), (9, 10), (8, 9), (9, 10), (10, 11), (9, 10), (8, 9), (7, 8), (6, 7), (5, 6), (4, 5), (6, 7), (5, 6), (4, 5), (3, 4), (2, 3), (4, 5), (3, 4), (4, 5), (5, 6), (4, 5), (6, 7), (5, 6), (8, 9), (7, 8), (8, 9), (9, 10), (8, 9), (7, 8), (9, 10), (8, 9), (10, 11), (9, 10), (11, 12), (12, 13), (15, 16), (18, 19), (17, 18), (16, 17), (17, 18), (19, 20), (18, 19), (17, 18), (16, 17), (17, 18), (19, 20), (20, 21), (21, 22), (20, 21), (19, 20), (18, 19), (17, 18), (16, 17), (15, 16), (14, 15), (13, 14), (12, 13), (11, 12), (10, 11), (9, 10), (8, 9), (7, 8), (6, 7), (5, 6), (4, 5), (3, 4), (2, 3), (1, 2), (5, 6), (4, 5), (5, 6), (12, 13), (11, 12), (12, 13), (14, 15), (13, 14), (12, 13), (11, 12), (10, 11), (9, 10), (8, 9), (7, 8), (8, 9), (14, 15), (13, 14), (16, 17), (15, 16), (14, 15), (13, 14), (12, 13), (11, 12), (12, 13), (17, 18), (16, 17), (15, 16), (14, 15), (13, 14), (12, 13), (11, 12), (10, 11), (9, 10), (8, 9), (7, 8), (6, 7), (5, 6), (4, 5), (3, 4), (2, 3), (1, 2), (0, 1), (4, 5), (3, 4), (6, 7), (5, 6), (6, 7), (9, 10), (13, 14), (15, 16), (17, 18), (18, 19), (17, 18), (19, 20), (18, 19), (17, 18), (16, 17), (15, 16), (14, 15), (13, 14), (16, 17), (20, 21), (19, 20), (18, 19), (17, 18), (16, 17), (15, 16), (14, 15), (16, 17), (17, 18), (19, 20), (18, 19), (17, 18), (18, 19), (20, 21), (19, 20), (21, 22), (20, 21), (19, 20), (18, 19), (17, 18), (16, 17), (15, 16), (14, 15), (13, 14), (12, 13), (11, 12), (10, 11), (9, 10), (8, 9), (7, 8), (6, 7), (5, 6), (4, 5), (8, 9), (7, 8), (6, 7), (9, 10), (10, 11), (11, 12), (10, 11), (12, 13), (13, 14), (12, 13), (13, 14), (14, 15), (13, 14), (12, 13), (11, 12), (10, 11), (9, 10), (8, 9), (9, 10), (8, 9), (10, 11), (9, 10), (13, 14), (12, 13), (11, 12), (10, 11), (13, 14), (12, 13), (15, 16), (14, 15), (15, 16), (14, 15), (13, 14), (14, 15), (15, 16), (14, 15), (16, 17), (15, 16), (14, 15), (13, 14), (12, 13), (11, 12), (10, 11), (9, 10), (8, 9), (7, 8), (6, 7), (5, 6), (4, 5), (3, 4), (2, 3), (1, 2), (5, 6), (4, 5), (5, 6), (7, 8), (8, 9), (9, 10), (15, 16), (17, 18), (16, 17), (15, 16), (14, 15), (13, 14), (12, 13), (11, 12), (10, 11), (9, 10), (8, 9), (7, 8), (6, 7), (11, 12), (10, 11), (12, 13), (13, 14), (14, 15), (15, 16), (18, 19), (17, 18), (16, 17), (15, 16), (19, 20), (18, 19), (19, 20), (22, 23), (21, 22), (20, 21), (19, 20), (18, 19), (17, 18), (16, 17), (15, 16), (14, 15), (13, 14), (12, 13), (11, 12), (10, 11), (9, 10), (8, 9), (7, 8), (6, 7), (5, 6), (4, 5), (3, 4), (2, 3), (1, 2), (0, 1), (3, 4), (4, 5), (3, 4), (10, 11), (9, 10), (8, 9), (7, 8), (10, 11), (11, 12), (10, 11), (9, 10), (10, 11), (11, 12), (12, 13), (11, 12), (10, 11), (9, 10), (8, 9), (12, 13), (13, 14), (12, 13), (14, 15), (13, 14), (12, 13), (11, 12), (10, 11), (9, 10), (8, 9), (12, 13), (11, 12), (10, 11), (12, 13), (15, 16), (14, 15), (16, 17), (15, 16), (16, 17), (17, 18), (16, 17), (15, 16), (14, 15), (13, 14), (12, 13), (11, 12), (10, 11), (12, 13), (14, 15), (15, 16), (16, 17), (17, 18), (16, 17), (15, 16), (14, 15), (13, 14), (12, 13), (11, 12), (10, 11), (9, 10), (13, 14), (15, 16), (16, 17), (18, 19), (17, 18), (16, 17), (15, 16), (14, 15), (13, 14), (12, 13), (11, 12), (10, 11), (17, 18), (16, 17), (15, 16), (14, 15), (19, 20), (18, 19), (17, 18), (16, 17), (15, 16), (14, 15), (13, 14), (12, 13), (11, 12), (10, 11), (9, 10), (8, 9), (7, 8), (6, 7), (5, 6), (4, 5), (3, 4), (8, 9), (7, 8), (8, 9), (9, 10), (8, 9), (7, 8), (6, 7), (5, 6), (4, 5), (6, 7), (5, 6), (8, 9), (7, 8), (6, 7), (8, 9), (7, 8), (10, 11), (11, 12), (12, 13), (13, 14), (12, 13), (14, 15), (16, 17), (15, 16), (14, 15), (16, 17), (18, 19), (17, 18), (16, 17), (20, 21), (19, 20), (18, 19), (17, 18), (16, 17), (15, 16), (14, 15), (13, 14), (12, 13), (13, 14), (12, 13), (11, 12), (10, 11), (9, 10), (8, 9), (9, 10), (8, 9), (11, 12), (12, 13), (11, 12), (13, 14), (12, 13), (11, 12), (14, 15), (13, 14), (14, 15), (18, 19), (17, 18), (16, 17), (15, 16), (14, 15), (18, 19), (17, 18), (21, 22), (20, 21), (19, 20), (18, 19), (17, 18), (16, 17), (15, 16), (14, 15), (13, 14), (14, 15), (16, 17), (15, 16), (18, 19), (19, 20), (18, 19), (17, 18), (16, 17), (19, 20), (20, 21), (21, 22), (20, 21), (19, 20), (18, 19), (17, 18), (16, 17), (15, 16), (14, 15), (13, 14), (19, 20), (18, 19), (17, 18), (16, 17), (21, 22), (20, 21), (22, 23), (21, 22), (20, 21), (19, 20), (18, 19), (17, 18), (16, 17), (15, 16), (14, 15), (13, 14), (12, 13), (11, 12), (10, 11), (9, 10), (8, 9), (7, 8), (6, 7), (5, 6), (4, 5), (3, 4), (2, 3), (1, 2), (4, 5), (3, 4), (2, 3), (6, 7), (5, 6), (4, 5), (3, 4), (2, 3), (3, 4), (7, 8), (6, 7), (5, 6), (4, 5), (7, 8), (6, 7), (5, 6), (7, 8), (6, 7), (11, 12), (12, 13), (13, 14), (14, 15), (13, 14), (15, 16), (14, 15), (13, 14), (12, 13), (11, 12), (10, 11), (9, 10), (8, 9), (7, 8), (10, 11), (9, 10), (10, 11), (12, 13), (11, 12), (10, 11), (9, 10), (8, 9), (12, 13), (11, 12), (12, 13), (13, 14), (12, 13), (11, 12), (10, 11), (9, 10), (8, 9), (12, 13), (11, 12), (12, 13), (14, 15), (13, 14), (12, 13), (11, 12), (12, 13), (16, 17), (15, 16), (14, 15), (13, 14), (12, 13), (11, 12), (10, 11), (9, 10), (8, 9), (7, 8), (9, 10), (10, 11), (9, 10), (8, 9), (7, 8), (6, 7), (7, 8), (15, 16), (17, 18), (16, 17), (15, 16), (17, 18), (16, 17), (17, 18), (19, 20), (18, 19), (17, 18), (16, 17), (19, 20), (20, 21), (22, 23), (21, 22), (20, 21), (19, 20), (18, 19), (17, 18), (16, 17), (15, 16), (14, 15), (13, 14), (12, 13), (11, 12), (10, 11), (9, 10), (8, 9), (7, 8), (6, 7), (5, 6), (4, 5), (3, 4), (2, 3), (1, 2), (6, 7), (5, 6), (4, 5), (6, 7), (8, 9), (9, 10), (8, 9), (9, 10), (15, 16), (14, 15), (13, 14), (12, 13), (11, 12), (10, 11), (9, 10), (8, 9), (7, 8), (6, 7), (5, 6), (6, 7), (7, 8), (8, 9), (9, 10), (10, 11), (9, 10), (10, 11), (13, 14), (16, 17), (15, 16), (14, 15), (13, 14), (12, 13), (16, 17), (18, 19), (17, 18), (16, 17), (17, 18), (18, 19), (19, 20), (18, 19), (17, 18), (16, 17), (15, 16), (14, 15), (13, 14), (12, 13), (11, 12), (10, 11), (9, 10), (8, 9), (7, 8), (6, 7), (5, 6), (4, 5), (3, 4), (2, 3), (1, 2), (0, 1), (5, 6), (6, 7), (7, 8), (8, 9), (9, 10), (8, 9), (7, 8), (6, 7), (5, 6), (4, 5), (3, 4), (2, 3), (5, 6), (4, 5), (8, 9), (10, 11), (9, 10), (8, 9), (7, 8), (10, 11), (9, 10), (14, 15), (13, 14), (12, 13), (13, 14), (16, 17), (15, 16), (14, 15), (13, 14), (12, 13), (11, 12), (10, 11), (13, 14), (14, 15), (13, 14), (14, 15), (16, 17), (19, 20), (20, 21), (19, 20), (18, 19), (17, 18), (16, 17), (15, 16), (14, 15), (13, 14), (12, 13), (11, 12), (10, 11), (9, 10), (8, 9), (7, 8), (6, 7), (5, 6), (4, 5), (3, 4), (2, 3), (1, 2), (5, 6), (4, 5), (3, 4), (2, 3), (4, 5), (3, 4), (6, 7), (5, 6), (4, 5), (3, 4), (2, 3), (5, 6), (6, 7), (10, 11), (9, 10), (8, 9), (7, 8), (10, 11), (13, 14), (19, 20), (18, 19), (17, 18), (16, 17), (15, 16), (14, 15), (13, 14), (12, 13), (11, 12), (10, 11), (12, 13), (14, 15), (16, 17), (18, 19), (17, 18), (16, 17), (19, 20), (21, 22), (20, 21), (19, 20), (18, 19), (17, 18), (22, 23), (21, 22), (20, 21), (19, 20), (18, 19), (17, 18), (16, 17), (15, 16), (14, 15), (13, 14), (12, 13), (11, 12), (10, 11), (9, 10), (8, 9), (7, 8), (6, 7), (5, 6), (4, 5), (3, 4), (5, 6), (9, 10), (12, 13), (13, 14), (12, 13), (11, 12), (10, 11), (9, 10), (8, 9), (7, 8), (8, 9), (7, 8), (6, 7), (5, 6), (13, 14), (14, 15), (13, 14), (12, 13), (15, 16), (14, 15), (13, 14), (15, 16), (16, 17), (15, 16), (14, 15), (13, 14), (12, 13), (11, 12), (10, 11), (9, 10), (8, 9), (7, 8), (6, 7), (12, 13), (11, 12), (10, 11), (9, 10), (8, 9), (7, 8), (12, 13), (14, 15), (13, 14), (12, 13), (11, 12), (10, 11), (11, 12), (15, 16), (14, 15), (13, 14), (15, 16), (17, 18), (18, 19), (17, 18), (16, 17), (15, 16), (14, 15), (13, 14), (14, 15), (13, 14), (12, 13), (11, 12), (10, 11), (9, 10), (15, 16), (14, 15), (17, 18), (16, 17), (15, 16), (14, 15), (13, 14), (12, 13), (11, 12), (10, 11), (9, 10), (8, 9), (12, 13), (11, 12), (10, 11), (12, 13), (11, 12), (14, 15), (18, 19), (17, 18), (18, 19), (19, 20), (20, 21), (22, 23), (21, 22), (20, 21), (19, 20), (18, 19), (17, 18), (16, 17), (15, 16), (14, 15), (13, 14), (12, 13), (11, 12), (10, 11), (9, 10), (8, 9), (7, 8), (6, 7), (5, 6), (7, 8), (6, 7), (9, 10), (10, 11), (9, 10), (8, 9), (7, 8), (10, 11), (9, 10), (8, 9), (13, 14), (12, 13), (13, 14), (12, 13), (11, 12), (10, 11), (9, 10), (8, 9), (10, 11), (11, 12), (12, 13), (13, 14), (15, 16), (16, 17), (15, 16), (14, 15), (13, 14), (16, 17), (15, 16), (14, 15), (15, 16), (16, 17), (15, 16), (17, 18), (16, 17), (15, 16), (14, 15), (13, 14), (12, 13), (11, 12), (10, 11), (12, 13), (11, 12), (10, 11), (13, 14), (12, 13), (14, 15), (13, 14), (18, 19), (17, 18), (16, 17), (15, 16), (14, 15), (19, 20), (20, 21), (19, 20), (18, 19), (17, 18), (16, 17), (15, 16), (18, 19), (19, 20), (21, 22), (20, 21), (22, 23), (21, 22), (20, 21), (19, 20), (18, 19), (17, 18), (16, 17), (15, 16), (14, 15), (13, 14), (12, 13), (11, 12), (10, 11), (9, 10), (8, 9), (7, 8), (6, 7), (5, 6), (4, 5), (3, 4), (2, 3), (1, 2), (0, 1), (5, 6), (6, 7), (7, 8), (8, 9), (7, 8), (6, 7), (5, 6), (6, 7), (7, 8), (9, 10), (12, 13), (11, 12), (10, 11), (9, 10), (12, 13), (11, 12), (13, 14), (12, 13), (11, 12), (10, 11), (9, 10), (8, 9), (7, 8), (6, 7), (5, 6), (4, 5), (3, 4), (2, 3), (1, 2), (11, 12), (14, 15), (15, 16), (17, 18), (16, 17), (18, 19), (17, 18), (16, 17), (15, 16), (18, 19), (20, 21), (21, 22), (20, 21), (19, 20), (18, 19), (17, 18), (16, 17), (15, 16), (14, 15), (13, 14), (12, 13), (11, 12), (10, 11), (9, 10), (8, 9), (7, 8), (6, 7), (5, 6), (4, 5), (6, 7), (5, 6), (4, 5), (9, 10), (12, 13), (11, 12), (13, 14), (12, 13), (14, 15), (13, 14), (15, 16), (14, 15), (16, 17), (17, 18), (18, 19), (19, 20), (20, 21), (22, 23), (21, 22), (20, 21), (19, 20), (18, 19), (17, 18), (16, 17), (15, 16), (14, 15), (13, 14), (12, 13), (11, 12), (10, 11), (11, 12), (10, 11), (9, 10), (8, 9), (7, 8), (9, 10), (8, 9), (10, 11), (9, 10), (13, 14), (16, 17), (15, 16), (14, 15), (13, 14), (12, 13), (11, 12), (10, 11), (9, 10), (8, 9), (7, 8), (6, 7), (7, 8), (8, 9), (7, 8), (8, 9), (13, 14), (12, 13), (16, 17), (17, 18), (16, 17), (15, 16), (14, 15), (13, 14), (12, 13), (11, 12), (10, 11), (9, 10), (8, 9), (17, 18), (19, 20), (18, 19), (17, 18), (16, 17), (15, 16), (14, 15), (13, 14), (12, 13), (11, 12), (10, 11), (9, 10), (8, 9), (7, 8), (6, 7), (5, 6), (4, 5), (3, 4), (4, 5), (5, 6), (6, 7), (7, 8), (9, 10), (13, 14), (12, 13), (11, 12), (14, 15), (13, 14), (12, 13), (15, 16), (17, 18), (16, 17), (15, 16), (14, 15), (15, 16), (16, 17), (19, 20), (18, 19), (21, 22), (22, 23), (21, 22), (20, 21), (19, 20), (18, 19), (17, 18), (16, 17), (15, 16), (14, 15), (13, 14), (12, 13), (11, 12), (10, 11), (9, 10), (8, 9), (7, 8), (6, 7), (10, 11), (11, 12), (10, 11), (9, 10), (8, 9), (14, 15), (17, 18), (18, 19), (17, 18), (16, 17), (20, 21), (19, 20), (18, 19), (17, 18), (16, 17), (15, 16), (14, 15), (13, 14), (12, 13), (11, 12), (10, 11), (9, 10), (8, 9), (12, 13), (11, 12), (10, 11), (13, 14), (12, 13), (14, 15), (13, 14), (18, 19), (19, 20), (20, 21), (19, 20), (18, 19), (17, 18), (16, 17), (21, 22), (20, 21), (19, 20), (18, 19), (21, 22), (20, 21), (21, 22), (22, 23), (21, 22), (20, 21), (19, 20), (18, 19), (17, 18), (16, 17), (15, 16), (14, 15), (13, 14), (12, 13), (11, 12), (10, 11), (9, 10), (8, 9), (7, 8), (6, 7), (5, 6), (4, 5), (3, 4), (2, 3), (1, 2), (6, 7), (5, 6), (7, 8), (6, 7), (7, 8), (8, 9), (7, 8), (6, 7), (5, 6), (4, 5), (5, 6), (9, 10), (8, 9), (7, 8), (6, 7), (14, 15), (13, 14), (12, 13), (11, 12), (10, 11), (9, 10), (8, 9), (11, 12), (10, 11), (11, 12), (12, 13), (11, 12), (10, 11), (13, 14), (12, 13), (13, 14), (14, 15), (15, 16), (17, 18), (16, 17), (17, 18), (18, 19), (17, 18), (19, 20), (18, 19), (17, 18), (16, 17), (15, 16), (14, 15), (13, 14), (12, 13), (11, 12), (13, 14), (20, 21), (21, 22), (20, 21), (19, 20), (18, 19), (17, 18), (16, 17), (18, 19), (22, 23), (21, 22), (20, 21), (19, 20), (18, 19), (17, 18), (16, 17), (15, 16), (14, 15), (13, 14), (12, 13), (11, 12), (10, 11), (9, 10), (8, 9), (7, 8), (6, 7), (7, 8), (12, 13), (11, 12), (10, 11), (12, 13), (13, 14), (12, 13), (11, 12), (14, 15), (13, 14), (12, 13), (17, 18), (16, 17), (17, 18), (19, 20), (18, 19), (17, 18), (16, 17), (15, 16), (14, 15), (16, 17), (23, 24), (22, 23), (21, 22), (20, 21), (19, 20), (18, 19), (17, 18), (16, 17), (15, 16), (14, 15), (13, 14), (15, 16), (16, 17), (18, 19), (17, 18), (16, 17), (15, 16), (14, 15), (13, 14), (12, 13), (11, 12), (16, 17), (20, 21), (19, 20), (18, 19), (21, 22), (20, 21), (23, 24), (22, 23), (21, 22), (20, 21), (19, 20), (18, 19), (17, 18), (16, 17), (15, 16), (14, 15), (13, 14), (15, 16), (14, 15), (15, 16), (16, 17), (15, 16), (14, 15), (13, 14), (16, 17), (18, 19), (17, 18), (16, 17), (15, 16), (18, 19), (19, 20), (18, 19), (17, 18), (16, 17), (15, 16), (14, 15), (13, 14), (12, 13), (11, 12), (10, 11), (9, 10), (11, 12), (10, 11), (9, 10), (12, 13), (11, 12), (10, 11), (9, 10), (13, 14), (14, 15), (13, 14), (12, 13), (11, 12), (13, 14), (14, 15), (15, 16), (14, 15), (13, 14), (12, 13), (21, 22), (20, 21), (19, 20), (18, 19), (22, 23), (21, 22), (20, 21), (19, 20), (18, 19), (17, 18), (16, 17), (15, 16), (14, 15), (13, 14), (14, 15), (16, 17), (17, 18), (18, 19), (19, 20), (20, 21), (19, 20), (18, 19), (21, 22), (20, 21), (22, 23), (21, 22), (23, 24), (22, 23), (21, 22), (20, 21), (19, 20), (18, 19), (17, 18), (16, 17), (15, 16), (14, 15), (13, 14), (12, 13), (11, 12), (10, 11), (9, 10), (8, 9), (7, 8), (8, 9), (10, 11), (9, 10), (8, 9), (9, 10), (16, 17), (15, 16), (14, 15), (13, 14), (12, 13), (17, 18), (18, 19), (17, 18), (16, 17), (15, 16), (19, 20), (18, 19), (17, 18), (16, 17), (15, 16), (14, 15), (13, 14), (12, 13), (11, 12), (10, 11), (9, 10), (8, 9), (7, 8), (6, 7), (5, 6), (4, 5), (3, 4), (4, 5), (5, 6), (6, 7), (7, 8), (6, 7), (5, 6), (4, 5), (3, 4), (8, 9), (7, 8), (6, 7), (5, 6), (4, 5), (3, 4), (2, 3), (1, 2), (0, 1), (4, 5), (9, 10), (8, 9), (7, 8), (6, 7), (5, 6), (4, 5), (3, 4), (5, 6), (8, 9), (7, 8), (10, 11), (9, 10), (8, 9), (10, 11), (11, 12), (10, 11), (11, 12), (12, 13), (11, 12), (13, 14), (12, 13), (14, 15), (15, 16), (16, 17), (17, 18), (18, 19), (17, 18), (16, 17), (18, 19), (22, 23), (21, 22), (20, 21), (19, 20), (18, 19), (17, 18), (16, 17), (15, 16), (14, 15), (13, 14), (12, 13), (11, 12), (10, 11), (9, 10), (8, 9), (7, 8), (6, 7), (5, 6), (4, 5), (3, 4), (2, 3), (3, 4), (5, 6), (9, 10), (8, 9), (9, 10), (10, 11), (11, 12), (12, 13), (11, 12), (10, 11), (9, 10), (8, 9), (7, 8), (6, 7), (8, 9), (7, 8), (11, 12), (10, 11), (9, 10), (8, 9), (7, 8), (6, 7), (11, 12), (13, 14), (12, 13), (11, 12), (12, 13), (14, 15), (13, 14), (14, 15), (16, 17), (17, 18), (16, 17), (15, 16), (14, 15), (13, 14), (12, 13), (11, 12), (10, 11), (9, 10), (8, 9), (7, 8), (6, 7), (5, 6), (4, 5), (3, 4), (2, 3), (1, 2), (2, 3), (4, 5), (3, 4), (5, 6), (4, 5), (7, 8), (6, 7), (5, 6), (4, 5), (3, 4), (2, 3), (7, 8), (12, 13), (11, 12), (10, 11), (9, 10), (12, 13), (11, 12), (12, 13), (15, 16), (14, 15), (13, 14), (20, 21), (22, 23), (21, 22), (20, 21), (19, 20), (18, 19), (17, 18), (16, 17), (15, 16), (14, 15), (13, 14), (12, 13), (11, 12), (10, 11), (9, 10), (8, 9), (7, 8), (6, 7), (5, 6), (4, 5), (5, 6), (6, 7), (5, 6), (4, 5), (11, 12), (14, 15), (13, 14), (12, 13), (15, 16), (14, 15), (13, 14), (12, 13), (11, 12), (15, 16), (14, 15), (16, 17), (17, 18), (16, 17), (15, 16), (16, 17), (15, 16), (18, 19), (17, 18), (16, 17), (15, 16), (14, 15), (13, 14), (14, 15), (13, 14), (12, 13), (11, 12), (12, 13), (18, 19), (17, 18), (20, 21), (23, 24), (22, 23), (21, 22), (20, 21), (19, 20), (18, 19), (17, 18), (16, 17), (15, 16), (14, 15), (13, 14), (12, 13), (11, 12), (10, 11), (9, 10), (8, 9), (7, 8), (6, 7), (11, 12), (10, 11), (9, 10), (8, 9), (14, 15), (13, 14), (18, 19), (17, 18), (19, 20), (18, 19), (17, 18), (16, 17), (15, 16), (14, 15), (13, 14), (12, 13), (11, 12), (10, 11), (9, 10), (8, 9), (7, 8), (10, 11), (9, 10), (10, 11), (15, 16), (14, 15), (18, 19), (20, 21), (22, 23), (21, 22), (20, 21), (19, 20), (18, 19), (17, 18), (16, 17), (15, 16), (14, 15), (13, 14), (12, 13), (11, 12), (10, 11), (9, 10), (13, 14), (12, 13), (13, 14), (17, 18), (16, 17), (15, 16), (17, 18), (18, 19), (17, 18), (19, 20), (18, 19), (20, 21), (19, 20), (18, 19), (17, 18), (16, 17), (15, 16), (14, 15), (13, 14), (14, 15), (15, 16), (14, 15), (13, 14), (16, 17), (15, 16), (17, 18), (16, 17), (15, 16), (18, 19), (21, 22), (20, 21), (19, 20), (18, 19), (17, 18), (16, 17), (17, 18), (19, 20), (22, 23), (23, 24), (22, 23), (21, 22), (20, 21), (19, 20), (18, 19), (17, 18), (16, 17), (15, 16), (14, 15), (13, 14), (12, 13), (11, 12), (12, 13), (11, 12), (10, 11), (15, 16), (16, 17), (15, 16), (14, 15), (13, 14), (18, 19), (17, 18), (19, 20), (18, 19), (17, 18), (16, 17), (15, 16), (14, 15), (13, 14), (15, 16), (14, 15), (13, 14), (12, 13), (11, 12), (10, 11), (9, 10), (8, 9), (7, 8), (6, 7), (5, 6), (4, 5), (5, 6), (4, 5), (7, 8), (6, 7), (5, 6), (4, 5), (3, 4), (2, 3), (3, 4), (5, 6), (8, 9), (7, 8), (6, 7), (5, 6), (7, 8), (9, 10), (8, 9), (10, 11), (9, 10), (8, 9), (7, 8), (8, 9), (11, 12), (12, 13), (13, 14), (12, 13), (11, 12), (10, 11), (13, 14), (14, 15), (13, 14), (12, 13), (11, 12), (10, 11), (9, 10), (8, 9), (7, 8), (6, 7), (5, 6), (4, 5), (3, 4), (4, 5), (3, 4), (2, 3), (1, 2), (0, 1), (3, 4), (2, 3), (4, 5), (3, 4), (4, 5), (9, 10), (10, 11), (9, 10), (8, 9), (7, 8), (6, 7), (9, 10), (12, 13), (13, 14), (15, 16), (16, 17), (15, 16), (14, 15), (13, 14), (12, 13), (11, 12), (12, 13), (14, 15), (17, 18), (18, 19), (19, 20), (18, 19), (19, 20), (20, 21), (21, 22), (20, 21), (19, 20), (18, 19), (17, 18), (16, 17), (15, 16), (14, 15), (13, 14), (12, 13), (11, 12), (10, 11), (9, 10), (8, 9), (7, 8), (6, 7), (5, 6), (4, 5), (3, 4), (2, 3), (1, 2), (0, 1), (2, 3), (1, 2), (3, 4), (2, 3), (4, 5), (3, 4), (2, 3), (5, 6), (6, 7), (5, 6), (4, 5), (5, 6), (7, 8), (9, 10), (8, 9), (7, 8), (6, 7), (5, 6), (4, 5), (3, 4), (2, 3), (6, 7), (9, 10), (10, 11), (9, 10), (8, 9), (7, 8), (6, 7), (5, 6), (4, 5), (3, 4), (2, 3), (1, 2), (0, 1), (10, 11), (11, 12), (10, 11), (9, 10), (8, 9), (7, 8), (6, 7), (11, 12), (12, 13), (11, 12), (17, 18), (16, 17), (15, 16), (14, 15), (13, 14), (12, 13), (11, 12), (10, 11), (9, 10), (8, 9), (7, 8), (6, 7), (5, 6), (4, 5), (3, 4), (2, 3), (1, 2), (2, 3), (14, 15), (13, 14), (12, 13), (11, 12), (10, 11), (9, 10), (8, 9), (9, 10), (14, 15), (13, 14), (14, 15), (15, 16), (17, 18), (18, 19), (17, 18), (16, 17), (15, 16), (14, 15), (13, 14), (12, 13), (11, 12), (10, 11), (9, 10), (8, 9), (7, 8), (6, 7), (5, 6), (4, 5), (3, 4), (4, 5), (5, 6), (4, 5), (5, 6), (16, 17), (18, 19), (22, 23), (21, 22), (20, 21), (23, 24), (22, 23), (21, 22), (20, 21), (19, 20), (18, 19), (17, 18), (16, 17), (15, 16), (14, 15), (13, 14), (12, 13), (11, 12), (10, 11), (9, 10), (8, 9), (7, 8), (6, 7), (5, 6), (4, 5), (3, 4), (2, 3), (1, 2), (6, 7), (7, 8), (6, 7), (9, 10), (15, 16), (14, 15), (13, 14), (16, 17), (15, 16), (14, 15), (13, 14), (12, 13), (11, 12), (10, 11), (9, 10), (8, 9), (16, 17), (15, 16), (16, 17), (21, 22), (20, 21), (19, 20), (18, 19), (17, 18), (16, 17), (15, 16), (14, 15), (13, 14), (12, 13), (11, 12), (10, 11), (9, 10), (8, 9), (7, 8), (6, 7), (5, 6), (4, 5), (3, 4), (2, 3), (3, 4), (5, 6), (14, 15), (13, 14), (14, 15), (15, 16), (14, 15), (15, 16), (16, 17), (19, 20), (18, 19), (17, 18), (16, 17), (15, 16), (14, 15), (13, 14), (12, 13), (11, 12), (10, 11), (9, 10), (8, 9), (7, 8), (12, 13), (13, 14), (12, 13), (14, 15), (13, 14), (12, 13), (15, 16), (14, 15), (16, 17), (17, 18), (16, 17), (15, 16), (18, 19), (17, 18), (19, 20), (18, 19), (20, 21), (19, 20), (21, 22), (20, 21), (19, 20), (18, 19), (17, 18), (16, 17), (15, 16), (14, 15), (13, 14), (12, 13), (11, 12), (10, 11), (9, 10), (8, 9), (7, 8), (6, 7), (5, 6), (4, 5), (3, 4), (4, 5), (17, 18), (18, 19), (19, 20), (22, 23), (21, 22), (20, 21), (19, 20), (18, 19), (17, 18), (16, 17), (15, 16), (14, 15), (13, 14), (12, 13), (11, 12), (10, 11), (9, 10), (8, 9), (7, 8), (6, 7), (7, 8), (12, 13), (11, 12), (10, 11), (16, 17), (20, 21), (19, 20), (18, 19), (17, 18), (23, 24), (22, 23), (21, 22), (20, 21), (19, 20), (18, 19), (17, 18), (16, 17), (15, 16), (14, 15), (13, 14), (12, 13), (11, 12), (10, 11), (13, 14), (14, 15), (13, 14), (12, 13), (14, 15), (13, 14), (14, 15), (16, 17), (15, 16), (17, 18), (16, 17), (15, 16), (14, 15), (13, 14), (12, 13), (14, 15), (16, 17), (15, 16), (18, 19), (20, 21), (19, 20), (18, 19), (17, 18), (16, 17), (15, 16), (14, 15), (13, 14), (16, 17), (18, 19), (22, 23), (23, 24), (22, 23), (21, 22), (20, 21), (19, 20), (18, 19), (17, 18), (16, 17), (15, 16), (14, 15), (13, 14), (12, 13), (11, 12), (10, 11), (9, 10), (8, 9), (7, 8), (10, 11), (9, 10), (12, 13), (11, 12), (10, 11), (9, 10), (8, 9), (7, 8), (6, 7), (5, 6), (4, 5), (5, 6), (6, 7), (5, 6), (7, 8), (8, 9), (11, 12), (12, 13), (11, 12), (10, 11), (9, 10), (8, 9), (9, 10), (13, 14), (12, 13), (11, 12), (10, 11), (9, 10), (8, 9), (7, 8), (6, 7), (9, 10), (14, 15), (13, 14), (12, 13), (11, 12), (10, 11), (9, 10), (8, 9), (7, 8), (6, 7), (5, 6), (4, 5), (3, 4), (2, 3), (1, 2), (0, 1), (4, 5), (3, 4), (5, 6), (4, 5), (8, 9), (9, 10), (8, 9), (7, 8), (6, 7), (5, 6), (4, 5), (3, 4), (2, 3), (1, 2), (2, 3), (3, 4), (4, 5), (10, 11), (9, 10), (8, 9), (7, 8), (6, 7), (5, 6), (13, 14), (12, 13), (11, 12), (10, 11), (9, 10), (8, 9), (7, 8), (6, 7), (5, 6), (6, 7), (7, 8), (15, 16), (14, 15), (13, 14), (12, 13), (11, 12), (14, 15), (15, 16), (18, 19), (17, 18), (16, 17), (15, 16), (14, 15), (13, 14), (12, 13), (11, 12), (10, 11), (9, 10), (8, 9), (7, 8), (6, 7), (13, 14), (16, 17), (15, 16), (14, 15), (13, 14), (12, 13), (11, 12), (10, 11), (9, 10), (8, 9), (7, 8), (6, 7), (5, 6), (4, 5), (3, 4), (2, 3), (1, 2), (0, 1), (4, 5), (14, 15), (17, 18), (16, 17), (15, 16), (18, 19), (17, 18), (16, 17), (15, 16), (14, 15), (16, 17), (17, 18), (16, 17), (15, 16), (14, 15), (13, 14), (12, 13), (11, 12), (10, 11), (14, 15), (17, 18), (16, 17), (18, 19), (17, 18), (16, 17), (15, 16), (14, 15), (13, 14), (12, 13), (11, 12), (10, 11), (9, 10), (8, 9), (7, 8), (6, 7), (5, 6), (4, 5), (3, 4), (7, 8), (9, 10), (8, 9), (7, 8), (6, 7), (5, 6), (9, 10), (8, 9), (7, 8), (16, 17), (15, 16), (14, 15), (13, 14), (12, 13), (11, 12), (15, 16), (14, 15), (15, 16), (17, 18), (16, 17), (15, 16), (14, 15), (13, 14), (14, 15), (18, 19), (17, 18), (16, 17), (20, 21), (19, 20), (18, 19), (17, 18), (21, 22), (20, 21), (19, 20), (18, 19), (17, 18), (22, 23), (21, 22), (20, 21), (19, 20), (18, 19), (17, 18), (16, 17), (15, 16), (14, 15), (13, 14), (12, 13), (11, 12), (10, 11), (9, 10), (8, 9), (7, 8), (6, 7), (5, 6), (4, 5), (3, 4), (2, 3), (8, 9), (7, 8), (6, 7), (5, 6), (12, 13), (13, 14), (12, 13), (11, 12), (10, 11), (9, 10), (8, 9), (7, 8), (6, 7), (10, 11), (11, 12), (10, 11), (14, 15), (13, 14), (12, 13), (11, 12), (10, 11), (9, 10), (8, 9), (7, 8), (6, 7), (5, 6), (4, 5), (3, 4), (2, 3), (1, 2), (5, 6), (4, 5), (3, 4), (2, 3), (3, 4), (4, 5), (9, 10), (8, 9), (7, 8), (6, 7), (9, 10), (10, 11), (9, 10), (11, 12), (10, 11), (11, 12), (12, 13), (11, 12), (10, 11), (9, 10), (8, 9), (13, 14), (12, 13), (11, 12), (10, 11), (9, 10), (8, 9), (7, 8), (6, 7), (5, 6), (4, 5), (3, 4), (2, 3), (1, 2), (0, 1), (2, 3), (1, 2), (11, 12), (12, 13), (11, 12), (10, 11), (9, 10), (8, 9), (7, 8), (6, 7), (5, 6), (4, 5), (3, 4), (2, 3)]
