results/lll/ndim20seed3cnt1000dim20delta1.txt: 209.007 sec
b: [[0, 0, 0, 0, 0, 0, 0, 0, 0, 0, 0, 0, 0, 0, 0, 0, 0, 0, 0, 1],
 [0, 0, 0, 0, 0, 0, 0, 0, 0, 0, 0, 0, 0, 0, 0, 1, 0, 0, 0, 0],
 [0, 0, 0, 0, 0, 0, 0, 0, 0, 0, 0, 0, 0, 0, 0, 0, 0, 1, 0, 0],
 [0, 0, 0, 0, 0, 0, 0, -1, 0, 0, 0, 0, 0, 0, 0, 0, 0, 0, 0, 0],
 [0, 0, 0, 0, 0, 0, 0, 0, 0, 0, -1, 0, 0, 0, 0, 0, 0, 0, 0, 0],
 [0, 0, 0, 0, 0, 0, 0, 0, 0, 0, 0, 0, -1, 0, 0, 0, 0, 0, 0, 0],
 [0, 0, 1, 0, 0, 0, 0, 0, 0, 0, 0, 0, 0, 0, 0, 0, 0, 0, 0, 0],
 [0, 0, 0, 0, 0, 0, 0, 0, 0, 0, 0, 0, 0, 0, 0, 0, 1, 0, 0, 0],
 [0, 0, 0, 0, -1, 0, 0, 0, 0, 0, 0, 0, 0, 0, 0, 0, 0, 0, 0, 0],
 [0, 0, 0, 1, 0, 0, 0, 0, 0, 0, 0, 0, 0, 0, 0, 0, 0, 0, 0, 0],
 [0, 0, 0, 0, 0, 0, 0, 0, -1, 0, 0, 0, 0, 0, 0, 0, 0, 0, 0, 0],
 [0, 0, 0, 0, 0, 1, 0, 0, 0, 0, 0, 0, 0, 0, 0, 0, 0, 0, 0, 0],
 [0, 0, 0, 0, 0, 0, 0, 0, 0, 0, 0, 0, 0, -1, 0, 0, 0, 0, 0, 0],
 [0, 1, 0, 0, 0, 0, 0, 0, 0, 0, 0, 0, 0, 0, 0, 0, 0, 0, 0, 0],
 [0, 0, 0, 0, 0, 0, 0, 0, 0, 0, 0, 0, 0, 0, 0, 0, 0, 0, 1, 0],
 [0, 0, 0, 0, 0, 0, 0, 0, 0, 0, 0, -1, 0, 0, 0, 0, 0, 0, 0, 0],
 [-1, 0, 0, 0, 0, 0, 0, 0, 0, 0, 0, 0, 0, 0, 0, 0, 0, 0, 0, 0],
 [0, 0, 0, 0, 0, 0, 0, 0, 0, 0, 0, 0, 0, 0, 1, 0, 0, 0, 0, 0],
 [0, 0, 0, 0, 0, 0, 0, 0, 0, 1, 0, 0, 0, 0, 0, 0, 0, 0, 0, 0],
 [0, 0, 0, 0, 0, 0, -1, 0, 0, 0, 0, 0, 0, 0, 0, 0, 0, 0, 0, 0]], shape=[20, 20], strides=[20, 1], layout=Cc (0x5), const ndim=2
v_norms: [1, 1, 1, 1, 1, 1, 1, 1, 1, 1, 1, 1, 1, 1, 1, 1, 1, 1, 1, 1], shape=[20], strides=[1], layout=CFcf (0xf), const ndim=1
Mu { arr: [0, 0, 0, 0, 0, 0, 0, 0, 0, 0, 0, 0, 0, 0, 0, 0, 0, 0, 0, 0, 0, 0, 0, 0, 0, 0, 0, 0, 0, 0, 0, 0, 0, 0, 0, 0, 0, 0, 0, 0, 0, 0, 0, 0, 0, 0, 0, 0, 0, 0, 0, 0, 0, 0, 0, 0, 0, 0, 0, 0, 0, 0, 0, 0, 0, 0, 0, 0, 0, 0, 0, 0, 0, 0, 0, 0, 0, 0, 0, 0, 0, 0, 0, 0, 0, 0, 0, 0, 0, 0, 0, 0, 0, 0, 0, 0, 0, 0, 0, 0, 0, 0, 0, 0, 0, 0, 0, 0, 0, 0, 0, 0, 0, 0, 0, 0, 0, 0, 0, 0, 0, 0, 0, 0, 0, 0, 0, 0, 0, 0, 0, 0, 0, 0, 0, 0, 0, 0, 0, 0, 0, 0, 0, 0, 0, 0, 0, 0, 0, 0, 0, 0, 0, 0, 0, 0, 0, 0, 0, 0, 0, 0, 0, 0, 0, 0, 0, 0, 0, 0, 0, 0, 0, 0, 0, 0, 0, 0, 0, 0, 0, 0, 0, 0, 0, 0, 0, 0, 0, 0] }
(hist.len, cnt): (5948, 11805)
[(0, 1), (1, 2), (2, 3), (1, 2), (2, 3), (1, 2), (0, 1), (1, 2), (2, 3), (1, 2), (2, 3), (1, 2), (0, 1), (3, 4), (2, 3), (1, 2), (0, 1), (1, 2), (3, 4), (4, 5), (3, 4), (2, 3), (1, 2), (0, 1), (3, 4), (2, 3), (1, 2), (0, 1), (3, 4), (4, 5), (3, 4), (2, 3), (1, 2), (0, 1), (2, 3), (1, 2), (4, 5), (3, 4), (2, 3), (1, 2), (0, 1), (2, 3), (4, 5), (3, 4), (5, 6), (4, 5), (3, 4), (2, 3), (1, 2), (0, 1), (4, 5), (3, 4), (2, 3), (1, 2), (3, 4), (4, 5), (3, 4), (2, 3), (1, 2), (3, 4), (5, 6), (4, 5), (3, 4), (2, 3), (1, 2), (0, 1), (2, 3), (4, 5), (3, 4), (5, 6), (4, 5), (3, 4), (2, 3), (1, 2), (0, 1), (2, 3), (4, 5), (3, 4), (2, 3), (5, 6), (4, 5), (3, 4), (2, 3), (1, 2), (2, 3), (1, 2), (6, 7), (5, 6), (4, 5), (3, 4), (2, 3), (1, 2), (0, 1), (3, 4), (2, 3), (3, 4), (2, 3), (4, 5), (5, 6), (4, 5), (3, 4), (2, 3), (1, 2), (0, 1), (3, 4), (4, 5), (3, 4), (2, 3), (4, 5), (3, 4), (5, 6), (4, 5), (3, 4), (2, 3), (4, 5), (6, 7), (5, 6), (4, 5), (3, 4), (2, 3), (1, 2), (5, 6), (4, 5), (5, 6), (7, 8), (6, 7), (5, 6), (4, 5), (3, 4), (2, 3), (5, 6), (4, 5), (7, 8), (6, 7), (5, 6), (4, 5), (3, 4), (2, 3), (1, 2), (0, 1), (3, 4), (2, 3), (4, 5), (3, 4), (2, 3), (5, 6), (4, 5), (3, 4), (2, 3), (1, 2), (4, 5), (3, 4), (2, 3), (7, 8), (6, 7), (5, 6), (4, 5), (3, 4), (2, 3), (1, 2), (7, 8), (6, 7), (5, 6), (4, 5), (3, 4), (2, 3), (1, 2), (6, 7), (5, 6), (4, 5), (3, 4), (2, 3), (3, 4), (2, 3), (7, 8), (6, 7), (5, 6), (6, 7), (5, 6), (7, 8), (6, 7), (5, 6), (4, 5), (3, 4), (2, 3), (1, 2), (4, 5), (7, 8), (8, 9), (7, 8), (6, 7), (5, 6), (4, 5), (3, 4), (2, 3), (1, 2), (0, 1), (1, 2), (2, 3), (1, 2), (4, 5), (3, 4), (4, 5), (6, 7), (7, 8), (6, 7), (5, 6), (4, 5), (3, 4), (2, 3), (1, 2), (0, 1), (4, 5), (3, 4), (5, 6), (4, 5), (7, 8), (6, 7), (5, 6), (4, 5), (3, 4), (2, 3), (1, 2), (0, 1), (1, 2), (4, 5), (5, 6), (4, 5), (3, 4), (5, 6), (4, 5), (3, 4), (4, 5), (6, 7), (5, 6), (4, 5), (6, 7), (7, 8), (6, 7), (5, 6), (4, 5), (7, 8), (6, 7), (5, 6), (4, 5), (3, 4), (2, 3), (1, 2), (3, 4), (2, 3), (3, 4), (2, 3), (4, 5), (3, 4), (2, 3), (5, 6), (4, 5), (3, 4), (2, 3), (5, 6), (6, 7), (5, 6), (7, 8), (6, 7), (5, 6), (8, 9), (7, 8), (6, 7), (5, 6), (4, 5), (3, 4), (2, 3), (1, 2), (0, 1), (1, 2), (3, 4), (5, 6), (4, 5), (3, 4), (2, 3), (1, 2), (2, 3), (4, 5), (5, 6), (4, 5), (8, 9), (7, 8), (6, 7), (5, 6), (4, 5), (3, 4), (2, 3), (1, 2), (0, 1), (5, 6), (6, 7), (5, 6), (4, 5), (3, 4), (2, 3), (1, 2), (4, 5), (7, 8), (6, 7), (5, 6), (4, 5), (3, 4), (2, 3), (1, 2), (3, 4), (5, 6), (4, 5), (3, 4), (8, 9), (7, 8), (6, 7), (5, 6), (4, 5), (3, 4), (2, 3), (1, 2), (3, 4), (2, 3), (4, 5), (3, 4), (2, 3), (1, 2), (7, 8), (6, 7), (5, 6), (4, 5), (3, 4), (2, 3), (1, 2), (8, 9), (7, 8), (6, 7), (5, 6), (4, 5), (3, 4), (2, 3), (1, 2), (0, 1), (1, 2), (5, 6), (6, 7), (5, 6), (4, 5), (3, 4), (5, 6), (8, 9), (7, 8), (6, 7), (5, 6), (4, 5), (3, 4), (5, 6), (6, 7), (5, 6), (4, 5), (3, 4), (2, 3), (1, 2), (0, 1), (7, 8), (6, 7), (5, 6), (4, 5), (3, 4), (2, 3), (1, 2), (0, 1), (2, 3), (1, 2), (4, 5), (3, 4), (2, 3), (1, 2), (5, 6), (4, 5), (3, 4), (2, 3), (1, 2), (2, 3), (3, 4), (6, 7), (5, 6), (4, 5), (3, 4), (5, 6), (4, 5), (3, 4), (2, 3), (1, 2), (6, 7), (8, 9), (7, 8), (6, 7), (5, 6), (4, 5), (3, 4), (2, 3), (1, 2), (0, 1), (4, 5), (3, 4), (2, 3), (3, 4), (5, 6), (4, 5), (3, 4), (2, 3), (1, 2), (5, 6), (4, 5), (3, 4), (2, 3), (6, 7), (5, 6), (4, 5), (3, 4), (8, 9), (9, 10), (8, 9), (7, 8), (6, 7), (5, 6), (4, 5), (3, 4), (2, 3), (1, 2), (0, 1), (3, 4), (2, 3), (4, 5), (3, 4), (2, 3), (1, 2), (2, 3), (8, 9), (9, 10), (8, 9), (7, 8), (6, 7), (5, 6), (4, 5), (3, 4), (2, 3), (1, 2), (0, 1), (5, 6), (4, 5), (6, 7), (8, 9), (7, 8), (6, 7), (7, 8), (8, 9), (7, 8), (9, 10), (8, 9), (7, 8), (6, 7), (5, 6), (4, 5), (3, 4), (2, 3), (1, 2), (0, 1), (3, 4), (2, 3), (5, 6), (4, 5), (3, 4), (2, 3), (5, 6), (7, 8), (6, 7), (5, 6), (6, 7), (7, 8), (9, 10), (8, 9), (7, 8), (6, 7), (5, 6), (4, 5), (3, 4), (2, 3), (1, 2), (0, 1), (4, 5), (3, 4), (2, 3), (1, 2), (0, 1), (5, 6), (4, 5), (5, 6), (8, 9), (7, 8), (6, 7), (5, 6), (4, 5), (3, 4), (2, 3), (1, 2), (0, 1), (2, 3), (6, 7), (7, 8), (6, 7), (5, 6), (4, 5), (3, 4), (2, 3), (1, 2), (0, 1), (5, 6), (4, 5), (5, 6), (7, 8), (8, 9), (7, 8), (6, 7), (5, 6), (4, 5), (3, 4), (2, 3), (4, 5), (5, 6), (4, 5), (9, 10), (8, 9), (7, 8), (6, 7), (5, 6), (4, 5), (3, 4), (2, 3), (1, 2), (0, 1), (3, 4), (4, 5), (8, 9), (7, 8), (6, 7), (8, 9), (9, 10), (8, 9), (7, 8), (6, 7), (5, 6), (4, 5), (3, 4), (2, 3), (1, 2), (0, 1), (1, 2), (2, 3), (1, 2), (5, 6), (9, 10), (8, 9), (7, 8), (6, 7), (5, 6), (4, 5), (3, 4), (2, 3), (1, 2), (0, 1), (4, 5), (3, 4), (4, 5), (5, 6), (4, 5), (3, 4), (2, 3), (6, 7), (8, 9), (7, 8), (6, 7), (5, 6), (4, 5), (3, 4), (5, 6), (4, 5), (3, 4), (10, 11), (9, 10), (8, 9), (7, 8), (6, 7), (5, 6), (4, 5), (3, 4), (2, 3), (1, 2), (0, 1), (2, 3), (1, 2), (0, 1), (5, 6), (7, 8), (10, 11), (9, 10), (8, 9), (7, 8), (6, 7), (5, 6), (4, 5), (3, 4), (2, 3), (1, 2), (0, 1), (6, 7), (5, 6), (4, 5), (3, 4), (5, 6), (6, 7), (5, 6), (7, 8), (8, 9), (9, 10), (10, 11), (9, 10), (8, 9), (7, 8), (6, 7), (5, 6), (4, 5), (3, 4), (2, 3), (1, 2), (0, 1), (7, 8), (6, 7), (5, 6), (6, 7), (10, 11), (9, 10), (8, 9), (7, 8), (6, 7), (5, 6), (4, 5), (3, 4), (2, 3), (3, 4), (4, 5), (6, 7), (7, 8), (6, 7), (9, 10), (8, 9), (7, 8), (6, 7), (5, 6), (4, 5), (3, 4), (2, 3), (1, 2), (3, 4), (4, 5), (3, 4), (5, 6), (6, 7), (5, 6), (4, 5), (3, 4), (8, 9), (7, 8), (8, 9), (10, 11), (9, 10), (8, 9), (7, 8), (6, 7), (5, 6), (4, 5), (3, 4), (2, 3), (1, 2), (0, 1), (3, 4), (2, 3), (4, 5), (3, 4), (2, 3), (1, 2), (0, 1), (3, 4), (5, 6), (4, 5), (3, 4), (2, 3), (1, 2), (0, 1), (1, 2), (5, 6), (4, 5), (3, 4), (5, 6), (7, 8), (6, 7), (5, 6), (7, 8), (8, 9), (7, 8), (6, 7), (5, 6), (4, 5), (3, 4), (5, 6), (6, 7), (8, 9), (9, 10), (8, 9), (7, 8), (6, 7), (5, 6), (4, 5), (8, 9), (10, 11), (9, 10), (8, 9), (7, 8), (6, 7), (5, 6), (4, 5), (3, 4), (2, 3), (1, 2), (0, 1), (2, 3), (5, 6), (4, 5), (5, 6), (7, 8), (6, 7), (5, 6), (4, 5), (3, 4), (9, 10), (8, 9), (10, 11), (9, 10), (8, 9), (7, 8), (6, 7), (9, 10), (8, 9), (7, 8), (6, 7), (5, 6), (10, 11), (9, 10), (8, 9), (7, 8), (6, 7), (5, 6), (4, 5), (3, 4), (2, 3), (5, 6), (4, 5), (6, 7), (8, 9), (9, 10), (8, 9), (7, 8), (6, 7), (5, 6), (4, 5), (3, 4), (4, 5), (9, 10), (10, 11), (9, 10), (8, 9), (7, 8), (6, 7), (5, 6), (4, 5), (3, 4), (2, 3), (1, 2), (0, 1), (8, 9), (7, 8), (6, 7), (5, 6), (4, 5), (3, 4), (2, 3), (1, 2), (2, 3), (4, 5), (3, 4), (4, 5), (7, 8), (11, 12), (10, 11), (9, 10), (8, 9), (7, 8), (6, 7), (5, 6), (4, 5), (3, 4), (2, 3), (1, 2), (3, 4), (4, 5), (6, 7), (5, 6), (4, 5), (7, 8), (6, 7), (5, 6), (4, 5), (3, 4), (5, 6), (8, 9), (7, 8), (6, 7), (5, 6), (4, 5), (3, 4), (2, 3), (1, 2), (0, 1), (4, 5), (8, 9), (7, 8), (10, 11), (9, 10), (8, 9), (7, 8), (6, 7), (5, 6), (4, 5), (3, 4), (2, 3), (1, 2), (0, 1), (7, 8), (8, 9), (7, 8), (6, 7), (5, 6), (8, 9), (9, 10), (8, 9), (7, 8), (6, 7), (5, 6), (4, 5), (3, 4), (2, 3), (4, 5), (3, 4), (2, 3), (1, 2), (4, 5), (3, 4), (2, 3), (7, 8), (8, 9), (7, 8), (6, 7), (5, 6), (4, 5), (3, 4), (2, 3), (1, 2), (0, 1), (5, 6), (4, 5), (5, 6), (9, 10), (10, 11), (9, 10), (8, 9), (7, 8), (6, 7), (5, 6), (4, 5), (3, 4), (2, 3), (5, 6), (4, 5), (7, 8), (11, 12), (10, 11), (9, 10), (8, 9), (7, 8), (6, 7), (5, 6), (4, 5), (3, 4), (2, 3), (1, 2), (4, 5), (7, 8), (9, 10), (8, 9), (7, 8), (6, 7), (5, 6), (4, 5), (3, 4), (7, 8), (8, 9), (9, 10), (10, 11), (11, 12), (10, 11), (9, 10), (8, 9), (7, 8), (6, 7), (5, 6), (4, 5), (3, 4), (2, 3), (1, 2), (0, 1), (1, 2), (6, 7), (7, 8), (6, 7), (5, 6), (4, 5), (3, 4), (4, 5), (5, 6), (6, 7), (5, 6), (7, 8), (8, 9), (7, 8), (6, 7), (5, 6), (4, 5), (3, 4), (2, 3), (9, 10), (8, 9), (7, 8), (6, 7), (5, 6), (4, 5), (3, 4), (6, 7), (7, 8), (6, 7), (5, 6), (10, 11), (9, 10), (8, 9), (7, 8), (6, 7), (5, 6), (4, 5), (7, 8), (10, 11), (9, 10), (8, 9), (7, 8), (6, 7), (5, 6), (6, 7), (10, 11), (11, 12), (10, 11), (9, 10), (8, 9), (7, 8), (6, 7), (5, 6), (4, 5), (3, 4), (2, 3), (1, 2), (0, 1), (1, 2), (4, 5), (3, 4), (5, 6), (6, 7), (7, 8), (8, 9), (9, 10), (8, 9), (7, 8), (6, 7), (5, 6), (4, 5), (3, 4), (9, 10), (11, 12), (10, 11), (9, 10), (8, 9), (7, 8), (6, 7), (5, 6), (4, 5), (3, 4), (2, 3), (1, 2), (0, 1), (1, 2), (5, 6), (4, 5), (3, 4), (5, 6), (4, 5), (3, 4), (2, 3), (1, 2), (0, 1), (3, 4), (7, 8), (8, 9), (7, 8), (6, 7), (5, 6), (4, 5), (3, 4), (2, 3), (1, 2), (6, 7), (8, 9), (10, 11), (9, 10), (8, 9), (7, 8), (6, 7), (5, 6), (4, 5), (3, 4), (2, 3), (1, 2), (2, 3), (5, 6), (6, 7), (5, 6), (4, 5), (6, 7), (8, 9), (7, 8), (6, 7), (8, 9), (11, 12), (10, 11), (9, 10), (8, 9), (7, 8), (6, 7), (5, 6), (4, 5), (3, 4), (2, 3), (1, 2), (0, 1), (1, 2), (2, 3), (7, 8), (6, 7), (5, 6), (4, 5), (3, 4), (2, 3), (1, 2), (6, 7), (5, 6), (4, 5), (6, 7), (5, 6), (4, 5), (6, 7), (7, 8), (8, 9), (7, 8), (11, 12), (10, 11), (9, 10), (8, 9), (7, 8), (6, 7), (5, 6), (4, 5), (3, 4), (2, 3), (1, 2), (6, 7), (8, 9), (9, 10), (8, 9), (7, 8), (6, 7), (5, 6), (4, 5), (3, 4), (2, 3), (9, 10), (8, 9), (7, 8), (6, 7), (5, 6), (4, 5), (3, 4), (2, 3), (1, 2), (8, 9), (9, 10), (8, 9), (7, 8), (8, 9), (9, 10), (10, 11), (11, 12), (10, 11), (9, 10), (8, 9), (10, 11), (12, 13), (11, 12), (10, 11), (9, 10), (8, 9), (7, 8), (6, 7), (5, 6), (6, 7), (7, 8), (6, 7), (8, 9), (10, 11), (9, 10), (8, 9), (9, 10), (11, 12), (10, 11), (9, 10), (8, 9), (7, 8), (6, 7), (5, 6), (4, 5), (3, 4), (9, 10), (8, 9), (11, 12), (12, 13), (11, 12), (10, 11), (9, 10), (8, 9), (7, 8), (6, 7), (5, 6), (4, 5), (3, 4), (2, 3), (7, 8), (10, 11), (11, 12), (10, 11), (9, 10), (11, 12), (10, 11), (9, 10), (12, 13), (11, 12), (10, 11), (9, 10), (8, 9), (7, 8), (6, 7), (5, 6), (4, 5), (3, 4), (2, 3), (1, 2), (0, 1), (3, 4), (2, 3), (1, 2), (0, 1), (6, 7), (5, 6), (4, 5), (3, 4), (2, 3), (1, 2), (0, 1), (2, 3), (4, 5), (6, 7), (7, 8), (10, 11), (9, 10), (8, 9), (7, 8), (6, 7), (5, 6), (4, 5), (3, 4), (2, 3), (4, 5), (6, 7), (7, 8), (10, 11), (9, 10), (11, 12), (10, 11), (9, 10), (8, 9), (7, 8), (6, 7), (5, 6), (4, 5), (3, 4), (4, 5), (7, 8), (8, 9), (7, 8), (9, 10), (8, 9), (7, 8), (6, 7), (5, 6), (4, 5), (3, 4), (2, 3), (1, 2), (6, 7), (7, 8), (6, 7), (10, 11), (11, 12), (10, 11), (9, 10), (8, 9), (7, 8), (6, 7), (5, 6), (4, 5), (6, 7), (5, 6), (7, 8), (9, 10), (8, 9), (11, 12), (12, 13), (11, 12), (10, 11), (9, 10), (8, 9), (7, 8), (6, 7), (5, 6), (4, 5), (3, 4), (2, 3), (1, 2), (0, 1), (1, 2), (5, 6), (4, 5), (3, 4), (2, 3), (1, 2), (2, 3), (5, 6), (9, 10), (8, 9), (7, 8), (6, 7), (7, 8), (8, 9), (10, 11), (9, 10), (8, 9), (7, 8), (6, 7), (5, 6), (4, 5), (3, 4), (2, 3), (1, 2), (0, 1), (5, 6), (6, 7), (7, 8), (8, 9), (7, 8), (9, 10), (8, 9), (7, 8), (6, 7), (5, 6), (4, 5), (6, 7), (7, 8), (10, 11), (11, 12), (10, 11), (9, 10), (11, 12), (12, 13), (11, 12), (10, 11), (9, 10), (8, 9), (7, 8), (6, 7), (5, 6), (4, 5), (3, 4), (2, 3), (1, 2), (0, 1), (1, 2), (5, 6), (6, 7), (5, 6), (6, 7), (8, 9), (9, 10), (8, 9), (7, 8), (10, 11), (9, 10), (8, 9), (7, 8), (6, 7), (5, 6), (4, 5), (3, 4), (4, 5), (5, 6), (10, 11), (12, 13), (11, 12), (10, 11), (9, 10), (8, 9), (7, 8), (6, 7), (5, 6), (4, 5), (3, 4), (2, 3), (1, 2), (0, 1), (2, 3), (1, 2), (5, 6), (7, 8), (6, 7), (7, 8), (8, 9), (7, 8), (6, 7), (5, 6), (10, 11), (9, 10), (8, 9), (7, 8), (6, 7), (5, 6), (4, 5), (11, 12), (12, 13), (11, 12), (10, 11), (9, 10), (8, 9), (7, 8), (6, 7), (5, 6), (4, 5), (3, 4), (2, 3), (1, 2), (0, 1), (5, 6), (7, 8), (6, 7), (5, 6), (6, 7), (10, 11), (9, 10), (8, 9), (7, 8), (6, 7), (5, 6), (4, 5), (3, 4), (2, 3), (1, 2), (3, 4), (2, 3), (5, 6), (9, 10), (8, 9), (7, 8), (6, 7), (5, 6), (4, 5), (5, 6), (4, 5), (6, 7), (10, 11), (9, 10), (8, 9), (7, 8), (6, 7), (5, 6), (4, 5), (3, 4), (2, 3), (1, 2), (2, 3), (3, 4), (5, 6), (4, 5), (5, 6), (7, 8), (10, 11), (9, 10), (8, 9), (7, 8), (9, 10), (11, 12), (10, 11), (9, 10), (8, 9), (7, 8), (6, 7), (5, 6), (4, 5), (3, 4), (9, 10), (8, 9), (7, 8), (6, 7), (5, 6), (4, 5), (3, 4), (2, 3), (1, 2), (2, 3), (4, 5), (3, 4), (2, 3), (4, 5), (3, 4), (7, 8), (6, 7), (13, 14), (12, 13), (11, 12), (10, 11), (9, 10), (8, 9), (7, 8), (9, 10), (8, 9), (7, 8), (6, 7), (7, 8), (10, 11), (9, 10), (8, 9), (7, 8), (6, 7), (5, 6), (4, 5), (3, 4), (2, 3), (9, 10), (10, 11), (12, 13), (13, 14), (12, 13), (11, 12), (10, 11), (9, 10), (8, 9), (7, 8), (6, 7), (5, 6), (4, 5), (3, 4), (2, 3), (1, 2), (0, 1), (2, 3), (4, 5), (3, 4), (2, 3), (1, 2), (0, 1), (1, 2), (3, 4), (7, 8), (12, 13), (11, 12), (10, 11), (9, 10), (8, 9), (7, 8), (6, 7), (5, 6), (4, 5), (3, 4), (5, 6), (10, 11), (9, 10), (11, 12), (13, 14), (12, 13), (11, 12), (10, 11), (9, 10), (8, 9), (7, 8), (6, 7), (5, 6), (4, 5), (3, 4), (6, 7), (5, 6), (4, 5), (3, 4), (2, 3), (3, 4), (5, 6), (7, 8), (9, 10), (10, 11), (9, 10), (10, 11), (9, 10), (8, 9), (7, 8), (6, 7), (5, 6), (6, 7), (7, 8), (6, 7), (5, 6), (4, 5), (3, 4), (4, 5), (5, 6), (4, 5), (9, 10), (8, 9), (7, 8), (6, 7), (7, 8), (11, 12), (10, 11), (9, 10), (8, 9), (7, 8), (6, 7), (5, 6), (12, 13), (11, 12), (10, 11), (9, 10), (8, 9), (7, 8), (6, 7), (5, 6), (4, 5), (3, 4), (2, 3), (1, 2), (0, 1), (1, 2), (2, 3), (5, 6), (4, 5), (3, 4), (6, 7), (5, 6), (8, 9), (10, 11), (13, 14), (12, 13), (11, 12), (10, 11), (9, 10), (8, 9), (7, 8), (6, 7), (5, 6), (4, 5), (3, 4), (6, 7), (7, 8), (9, 10), (8, 9), (11, 12), (10, 11), (9, 10), (8, 9), (7, 8), (6, 7), (5, 6), (4, 5), (8, 9), (7, 8), (6, 7), (5, 6), (9, 10), (8, 9), (7, 8), (9, 10), (11, 12), (13, 14), (12, 13), (11, 12), (10, 11), (9, 10), (8, 9), (7, 8), (6, 7), (5, 6), (4, 5), (3, 4), (2, 3), (1, 2), (0, 1), (2, 3), (4, 5), (3, 4), (2, 3), (1, 2), (4, 5), (3, 4), (2, 3), (3, 4), (4, 5), (3, 4), (7, 8), (6, 7), (5, 6), (8, 9), (7, 8), (6, 7), (5, 6), (8, 9), (10, 11), (9, 10), (10, 11), (13, 14), (12, 13), (11, 12), (10, 11), (9, 10), (8, 9), (7, 8), (6, 7), (5, 6), (4, 5), (3, 4), (2, 3), (1, 2), (2, 3), (6, 7), (5, 6), (4, 5), (3, 4), (2, 3), (3, 4), (2, 3), (6, 7), (11, 12), (10, 11), (9, 10), (12, 13), (11, 12), (10, 11), (9, 10), (8, 9), (7, 8), (6, 7), (7, 8), (10, 11), (11, 12), (10, 11), (9, 10), (8, 9), (9, 10), (13, 14), (12, 13), (11, 12), (10, 11), (9, 10), (8, 9), (7, 8), (6, 7), (5, 6), (4, 5), (3, 4), (2, 3), (3, 4), (4, 5), (3, 4), (2, 3), (4, 5), (8, 9), (10, 11), (11, 12), (10, 11), (9, 10), (8, 9), (7, 8), (8, 9), (12, 13), (11, 12), (10, 11), (9, 10), (8, 9), (7, 8), (6, 7), (5, 6), (8, 9), (10, 11), (13, 14), (12, 13), (11, 12), (10, 11), (9, 10), (8, 9), (7, 8), (6, 7), (5, 6), (4, 5), (3, 4), (2, 3), (1, 2), (0, 1), (6, 7), (5, 6), (4, 5), (3, 4), (2, 3), (4, 5), (6, 7), (5, 6), (6, 7), (7, 8), (6, 7), (5, 6), (4, 5), (3, 4), (2, 3), (5, 6), (4, 5), (3, 4), (6, 7), (5, 6), (6, 7), (8, 9), (7, 8), (6, 7), (5, 6), (4, 5), (5, 6), (7, 8), (11, 12), (10, 11), (9, 10), (11, 12), (10, 11), (9, 10), (8, 9), (7, 8), (6, 7), (5, 6), (4, 5), (3, 4), (6, 7), (5, 6), (8, 9), (9, 10), (8, 9), (11, 12), (10, 11), (11, 12), (12, 13), (11, 12), (13, 14), (12, 13), (11, 12), (10, 11), (9, 10), (8, 9), (7, 8), (6, 7), (5, 6), (4, 5), (3, 4), (2, 3), (3, 4), (6, 7), (5, 6), (4, 5), (7, 8), (8, 9), (9, 10), (8, 9), (7, 8), (6, 7), (9, 10), (8, 9), (12, 13), (11, 12), (10, 11), (13, 14), (12, 13), (11, 12), (10, 11), (9, 10), (8, 9), (7, 8), (6, 7), (5, 6), (4, 5), (3, 4), (2, 3), (1, 2), (0, 1), (2, 3), (1, 2), (4, 5), (6, 7), (5, 6), (4, 5), (3, 4), (2, 3), (1, 2), (0, 1), (5, 6), (4, 5), (3, 4), (5, 6), (4, 5), (6, 7), (5, 6), (7, 8), (8, 9), (7, 8), (6, 7), (5, 6), (4, 5), (7, 8), (9, 10), (8, 9), (7, 8), (6, 7), (10, 11), (11, 12), (10, 11), (9, 10), (8, 9), (7, 8), (6, 7), (5, 6), (4, 5), (3, 4), (2, 3), (4, 5), (3, 4), (4, 5), (9, 10), (8, 9), (7, 8), (6, 7), (5, 6), (4, 5), (8, 9), (12, 13), (13, 14), (12, 13), (11, 12), (10, 11), (9, 10), (8, 9), (7, 8), (6, 7), (5, 6), (4, 5), (3, 4), (2, 3), (1, 2), (0, 1), (3, 4), (2, 3), (3, 4), (4, 5), (3, 4), (2, 3), (1, 2), (0, 1), (2, 3), (3, 4), (2, 3), (5, 6), (4, 5), (3, 4), (2, 3), (1, 2), (7, 8), (6, 7), (5, 6), (4, 5), (3, 4), (2, 3), (1, 2), (2, 3), (3, 4), (4, 5), (3, 4), (4, 5), (9, 10), (14, 15), (13, 14), (12, 13), (11, 12), (10, 11), (9, 10), (8, 9), (7, 8), (6, 7), (5, 6), (4, 5), (3, 4), (2, 3), (1, 2), (2, 3), (5, 6), (4, 5), (3, 4), (2, 3), (1, 2), (6, 7), (5, 6), (4, 5), (3, 4), (2, 3), (1, 2), (8, 9), (10, 11), (11, 12), (10, 11), (12, 13), (11, 12), (10, 11), (9, 10), (8, 9), (7, 8), (6, 7), (5, 6), (4, 5), (3, 4), (2, 3), (1, 2), (0, 1), (5, 6), (6, 7), (7, 8), (8, 9), (12, 13), (11, 12), (12, 13), (14, 15), (13, 14), (12, 13), (11, 12), (10, 11), (9, 10), (8, 9), (7, 8), (6, 7), (5, 6), (4, 5), (3, 4), (2, 3), (3, 4), (4, 5), (5, 6), (4, 5), (3, 4), (5, 6), (6, 7), (5, 6), (4, 5), (6, 7), (5, 6), (7, 8), (6, 7), (8, 9), (7, 8), (6, 7), (5, 6), (4, 5), (8, 9), (14, 15), (13, 14), (12, 13), (11, 12), (10, 11), (13, 14), (12, 13), (14, 15), (13, 14), (12, 13), (11, 12), (10, 11), (9, 10), (8, 9), (7, 8), (6, 7), (5, 6), (4, 5), (3, 4), (6, 7), (9, 10), (8, 9), (7, 8), (8, 9), (10, 11), (11, 12), (10, 11), (9, 10), (8, 9), (7, 8), (6, 7), (7, 8), (11, 12), (10, 11), (13, 14), (12, 13), (11, 12), (10, 11), (14, 15), (13, 14), (12, 13), (11, 12), (10, 11), (9, 10), (8, 9), (7, 8), (6, 7), (5, 6), (4, 5), (3, 4), (2, 3), (1, 2), (0, 1), (3, 4), (2, 3), (4, 5), (3, 4), (5, 6), (6, 7), (5, 6), (4, 5), (3, 4), (2, 3), (1, 2), (5, 6), (6, 7), (5, 6), (7, 8), (6, 7), (5, 6), (4, 5), (3, 4), (2, 3), (1, 2), (0, 1), (4, 5), (8, 9), (7, 8), (6, 7), (5, 6), (4, 5), (3, 4), (2, 3), (7, 8), (8, 9), (7, 8), (6, 7), (5, 6), (4, 5), (5, 6), (7, 8), (9, 10), (8, 9), (7, 8), (6, 7), (5, 6), (4, 5), (8, 9), (7, 8), (8, 9), (10, 11), (9, 10), (8, 9), (12, 13), (11, 12), (10, 11), (9, 10), (8, 9), (7, 8), (6, 7), (5, 6), (4, 5), (3, 4), (6, 7), (5, 6), (7, 8), (11, 12), (10, 11), (9, 10), (8, 9), (7, 8), (6, 7), (5, 6), (4, 5), (11, 12), (12, 13), (11, 12), (10, 11), (9, 10), (8, 9), (7, 8), (8, 9), (7, 8), (6, 7), (5, 6), (12, 13), (11, 12), (10, 11), (9, 10), (13, 14), (12, 13), (11, 12), (10, 11), (9, 10), (8, 9), (7, 8), (6, 7), (5, 6), (4, 5), (3, 4), (2, 3), (1, 2), (0, 1), (2, 3), (5, 6), (4, 5), (5, 6), (6, 7), (5, 6), (4, 5), (3, 4), (2, 3), (4, 5), (3, 4), (2, 3), (1, 2), (6, 7), (7, 8), (6, 7), (5, 6), (4, 5), (3, 4), (2, 3), (1, 2), (0, 1), (1, 2), (6, 7), (7, 8), (9, 10), (8, 9), (7, 8), (6, 7), (5, 6), (6, 7), (7, 8), (6, 7), (9, 10), (8, 9), (9, 10), (10, 11), (9, 10), (8, 9), (7, 8), (6, 7), (7, 8), (11, 12), (14, 15), (13, 14), (12, 13), (11, 12), (10, 11), (9, 10), (8, 9), (7, 8), (6, 7), (5, 6), (4, 5), (3, 4), (2, 3), (1, 2), (5, 6), (4, 5), (3, 4), (8, 9), (7, 8), (6, 7), (5, 6), (4, 5), (3, 4), (2, 3), (1, 2), (0, 1), (4, 5), (10, 11), (11, 12), (10, 11), (9, 10), (8, 9), (7, 8), (6, 7), (5, 6), (4, 5), (3, 4), (2, 3), (4, 5), (3, 4), (2, 3), (5, 6), (4, 5), (6, 7), (5, 6), (4, 5), (3, 4), (2, 3), (1, 2), (0, 1), (3, 4), (4, 5), (6, 7), (7, 8), (10, 11), (11, 12), (10, 11), (9, 10), (8, 9), (7, 8), (6, 7), (5, 6), (4, 5), (3, 4), (2, 3), (1, 2), (0, 1), (2, 3), (3, 4), (2, 3), (1, 2), (8, 9), (7, 8), (6, 7), (7, 8), (8, 9), (9, 10), (8, 9), (7, 8), (6, 7), (7, 8), (12, 13), (11, 12), (10, 11), (9, 10), (8, 9), (7, 8), (6, 7), (5, 6), (4, 5), (3, 4), (2, 3), (6, 7), (5, 6), (7, 8), (8, 9), (10, 11), (11, 12), (10, 11), (9, 10), (8, 9), (7, 8), (6, 7), (5, 6), (4, 5), (3, 4), (2, 3), (4, 5), (6, 7), (12, 13), (11, 12), (10, 11), (9, 10), (8, 9), (7, 8), (6, 7), (10, 11), (11, 12), (12, 13), (14, 15), (13, 14), (12, 13), (11, 12), (10, 11), (9, 10), (8, 9), (7, 8), (6, 7), (5, 6), (4, 5), (3, 4), (5, 6), (6, 7), (5, 6), (6, 7), (12, 13), (13, 14), (14, 15), (13, 14), (12, 13), (11, 12), (10, 11), (9, 10), (8, 9), (7, 8), (6, 7), (5, 6), (4, 5), (3, 4), (4, 5), (10, 11), (9, 10), (10, 11), (11, 12), (10, 11), (9, 10), (8, 9), (7, 8), (6, 7), (5, 6), (4, 5), (3, 4), (2, 3), (1, 2), (0, 1), (5, 6), (4, 5), (12, 13), (11, 12), (10, 11), (9, 10), (10, 11), (13, 14), (12, 13), (11, 12), (10, 11), (14, 15), (13, 14), (12, 13), (11, 12), (12, 13), (13, 14), (12, 13), (15, 16), (14, 15), (13, 14), (12, 13), (11, 12), (10, 11), (9, 10), (8, 9), (7, 8), (6, 7), (5, 6), (4, 5), (3, 4), (2, 3), (3, 4), (4, 5), (5, 6), (6, 7), (5, 6), (7, 8), (6, 7), (8, 9), (7, 8), (10, 11), (9, 10), (8, 9), (7, 8), (11, 12), (10, 11), (9, 10), (8, 9), (11, 12), (10, 11), (14, 15), (13, 14), (12, 13), (11, 12), (10, 11), (11, 12), (14, 15), (15, 16), (14, 15), (13, 14), (12, 13), (11, 12), (10, 11), (9, 10), (8, 9), (7, 8), (6, 7), (5, 6), (4, 5), (3, 4), (2, 3), (1, 2), (2, 3), (4, 5), (6, 7), (7, 8), (6, 7), (5, 6), (4, 5), (3, 4), (5, 6), (9, 10), (8, 9), (7, 8), (6, 7), (5, 6), (4, 5), (3, 4), (2, 3), (1, 2), (0, 1), (1, 2), (3, 4), (2, 3), (6, 7), (5, 6), (6, 7), (7, 8), (6, 7), (7, 8), (8, 9), (7, 8), (8, 9), (9, 10), (11, 12), (10, 11), (9, 10), (8, 9), (7, 8), (6, 7), (5, 6), (4, 5), (3, 4), (5, 6), (7, 8), (6, 7), (10, 11), (11, 12), (12, 13), (11, 12), (10, 11), (9, 10), (8, 9), (13, 14), (14, 15), (13, 14), (12, 13), (11, 12), (10, 11), (9, 10), (8, 9), (7, 8), (6, 7), (5, 6), (4, 5), (8, 9), (7, 8), (6, 7), (5, 6), (8, 9), (10, 11), (11, 12), (10, 11), (9, 10), (8, 9), (7, 8), (6, 7), (8, 9), (11, 12), (10, 11), (9, 10), (8, 9), (7, 8), (8, 9), (12, 13), (11, 12), (10, 11), (9, 10), (13, 14), (12, 13), (11, 12), (10, 11), (15, 16), (14, 15), (13, 14), (12, 13), (11, 12), (10, 11), (9, 10), (8, 9), (7, 8), (6, 7), (5, 6), (4, 5), (3, 4), (2, 3), (1, 2), (0, 1), (1, 2), (2, 3), (1, 2), (3, 4), (2, 3), (4, 5), (3, 4), (5, 6), (4, 5), (8, 9), (7, 8), (6, 7), (5, 6), (9, 10), (8, 9), (7, 8), (6, 7), (5, 6), (4, 5), (3, 4), (2, 3), (1, 2), (3, 4), (4, 5), (8, 9), (7, 8), (6, 7), (5, 6), (4, 5), (3, 4), (4, 5), (11, 12), (14, 15), (13, 14), (12, 13), (11, 12), (10, 11), (9, 10), (8, 9), (7, 8), (11, 12), (10, 11), (9, 10), (8, 9), (10, 11), (9, 10), (12, 13), (11, 12), (10, 11), (9, 10), (8, 9), (7, 8), (6, 7), (7, 8), (8, 9), (14, 15), (13, 14), (12, 13), (11, 12), (10, 11), (11, 12), (12, 13), (11, 12), (15, 16), (14, 15), (13, 14), (12, 13), (11, 12), (10, 11), (9, 10), (8, 9), (7, 8), (6, 7), (5, 6), (4, 5), (3, 4), (2, 3), (1, 2), (0, 1), (4, 5), (3, 4), (2, 3), (6, 7), (5, 6), (4, 5), (3, 4), (2, 3), (1, 2), (6, 7), (5, 6), (4, 5), (8, 9), (7, 8), (8, 9), (9, 10), (8, 9), (7, 8), (6, 7), (5, 6), (4, 5), (5, 6), (7, 8), (10, 11), (11, 12), (10, 11), (9, 10), (8, 9), (7, 8), (10, 11), (9, 10), (12, 13), (14, 15), (13, 14), (12, 13), (11, 12), (10, 11), (9, 10), (8, 9), (10, 11), (11, 12), (10, 11), (12, 13), (11, 12), (10, 11), (9, 10), (8, 9), (7, 8), (9, 10), (8, 9), (12, 13), (14, 15), (13, 14), (12, 13), (11, 12), (10, 11), (9, 10), (8, 9), (7, 8), (6, 7), (5, 6), (4, 5), (3, 4), (2, 3), (1, 2), (3, 4), (5, 6), (8, 9), (10, 11), (11, 12), (12, 13), (14, 15), (15, 16), (14, 15), (13, 14), (12, 13), (11, 12), (10, 11), (9, 10), (8, 9), (7, 8), (6, 7), (5, 6), (4, 5), (11, 12), (10, 11), (9, 10), (8, 9), (12, 13), (11, 12), (13, 14), (12, 13), (13, 14), (14, 15), (13, 14), (12, 13), (11, 12), (10, 11), (9, 10), (12, 13), (11, 12), (10, 11), (9, 10), (12, 13), (11, 12), (10, 11), (12, 13), (14, 15), (13, 14), (12, 13), (14, 15), (13, 14), (15, 16), (14, 15), (13, 14), (12, 13), (11, 12), (10, 11), (9, 10), (8, 9), (7, 8), (6, 7), (5, 6), (4, 5), (3, 4), (2, 3), (1, 2), (0, 1), (2, 3), (5, 6), (4, 5), (5, 6), (4, 5), (6, 7), (7, 8), (6, 7), (9, 10), (8, 9), (7, 8), (6, 7), (5, 6), (4, 5), (3, 4), (2, 3), (1, 2), (10, 11), (9, 10), (11, 12), (12, 13), (11, 12), (12, 13), (15, 16), (14, 15), (13, 14), (12, 13), (11, 12), (10, 11), (9, 10), (8, 9), (7, 8), (6, 7), (5, 6), (6, 7), (5, 6), (4, 5), (3, 4), (10, 11), (11, 12), (12, 13), (11, 12), (10, 11), (12, 13), (11, 12), (10, 11), (9, 10), (8, 9), (13, 14), (12, 13), (11, 12), (10, 11), (9, 10), (8, 9), (7, 8), (6, 7), (5, 6), (4, 5), (5, 6), (4, 5), (3, 4), (8, 9), (9, 10), (8, 9), (7, 8), (6, 7), (5, 6), (4, 5), (3, 4), (2, 3), (1, 2), (0, 1), (4, 5), (3, 4), (2, 3), (1, 2), (7, 8), (8, 9), (7, 8), (9, 10), (8, 9), (10, 11), (11, 12), (10, 11), (9, 10), (8, 9), (10, 11), (9, 10), (8, 9), (7, 8), (6, 7), (5, 6), (4, 5), (3, 4), (2, 3), (8, 9), (7, 8), (8, 9), (9, 10), (8, 9), (7, 8), (6, 7), (5, 6), (4, 5), (5, 6), (4, 5), (3, 4), (4, 5), (6, 7), (5, 6), (4, 5), (6, 7), (5, 6), (7, 8), (6, 7), (5, 6), (8, 9), (7, 8), (9, 10), (8, 9), (11, 12), (10, 11), (9, 10), (8, 9), (11, 12), (10, 11), (11, 12), (13, 14), (12, 13), (11, 12), (10, 11), (9, 10), (8, 9), (7, 8), (6, 7), (7, 8), (9, 10), (11, 12), (13, 14), (14, 15), (13, 14), (12, 13), (11, 12), (10, 11), (9, 10), (8, 9), (7, 8), (9, 10), (11, 12), (10, 11), (9, 10), (8, 9), (7, 8), (6, 7), (5, 6), (4, 5), (3, 4), (2, 3), (1, 2), (0, 1), (4, 5), (5, 6), (4, 5), (3, 4), (2, 3), (8, 9), (12, 13), (11, 12), (10, 11), (12, 13), (13, 14), (12, 13), (11, 12), (14, 15), (13, 14), (12, 13), (11, 12), (14, 15), (13, 14), (12, 13), (15, 16), (14, 15), (13, 14), (12, 13), (11, 12), (10, 11), (9, 10), (8, 9), (7, 8), (6, 7), (5, 6), (4, 5), (3, 4), (2, 3), (1, 2), (0, 1), (3, 4), (2, 3), (1, 2), (8, 9), (10, 11), (9, 10), (8, 9), (7, 8), (6, 7), (5, 6), (8, 9), (9, 10), (11, 12), (10, 11), (9, 10), (8, 9), (7, 8), (11, 12), (10, 11), (9, 10), (8, 9), (11, 12), (13, 14), (14, 15), (13, 14), (12, 13), (11, 12), (10, 11), (9, 10), (8, 9), (7, 8), (6, 7), (5, 6), (4, 5), (3, 4), (4, 5), (7, 8), (6, 7), (7, 8), (9, 10), (8, 9), (11, 12), (10, 11), (9, 10), (8, 9), (7, 8), (6, 7), (5, 6), (4, 5), (5, 6), (7, 8), (8, 9), (10, 11), (9, 10), (13, 14), (12, 13), (11, 12), (10, 11), (9, 10), (15, 16), (14, 15), (13, 14), (12, 13), (11, 12), (10, 11), (9, 10), (8, 9), (7, 8), (6, 7), (5, 6), (8, 9), (10, 11), (11, 12), (10, 11), (9, 10), (8, 9), (7, 8), (6, 7), (5, 6), (4, 5), (3, 4), (2, 3), (1, 2), (0, 1), (4, 5), (3, 4), (2, 3), (4, 5), (3, 4), (5, 6), (6, 7), (7, 8), (6, 7), (5, 6), (4, 5), (5, 6), (6, 7), (5, 6), (6, 7), (8, 9), (9, 10), (10, 11), (9, 10), (8, 9), (9, 10), (11, 12), (10, 11), (9, 10), (8, 9), (10, 11), (12, 13), (11, 12), (10, 11), (9, 10), (8, 9), (7, 8), (6, 7), (5, 6), (4, 5), (3, 4), (2, 3), (1, 2), (11, 12), (12, 13), (11, 12), (10, 11), (9, 10), (8, 9), (7, 8), (6, 7), (5, 6), (4, 5), (3, 4), (2, 3), (1, 2), (4, 5), (3, 4), (13, 14), (12, 13), (11, 12), (10, 11), (9, 10), (11, 12), (10, 11), (12, 13), (11, 12), (10, 11), (13, 14), (14, 15), (13, 14), (12, 13), (11, 12), (10, 11), (9, 10), (8, 9), (7, 8), (6, 7), (5, 6), (4, 5), (5, 6), (8, 9), (7, 8), (8, 9), (7, 8), (9, 10), (12, 13), (11, 12), (12, 13), (13, 14), (12, 13), (11, 12), (10, 11), (13, 14), (12, 13), (13, 14), (15, 16), (14, 15), (13, 14), (12, 13), (11, 12), (10, 11), (9, 10), (8, 9), (7, 8), (6, 7), (5, 6), (4, 5), (3, 4), (2, 3), (1, 2), (0, 1), (2, 3), (3, 4), (4, 5), (5, 6), (7, 8), (8, 9), (7, 8), (9, 10), (8, 9), (7, 8), (9, 10), (10, 11), (9, 10), (8, 9), (7, 8), (6, 7), (5, 6), (4, 5), (3, 4), (4, 5), (10, 11), (9, 10), (10, 11), (11, 12), (10, 11), (9, 10), (12, 13), (14, 15), (13, 14), (12, 13), (11, 12), (10, 11), (9, 10), (8, 9), (7, 8), (6, 7), (5, 6), (9, 10), (8, 9), (7, 8), (8, 9), (9, 10), (8, 9), (10, 11), (11, 12), (10, 11), (9, 10), (8, 9), (7, 8), (8, 9), (14, 15), (13, 14), (12, 13), (11, 12), (13, 14), (15, 16), (14, 15), (13, 14), (12, 13), (11, 12), (10, 11), (9, 10), (8, 9), (7, 8), (6, 7), (5, 6), (4, 5), (3, 4), (2, 3), (1, 2), (3, 4), (6, 7), (5, 6), (4, 5), (12, 13), (11, 12), (10, 11), (14, 15), (13, 14), (12, 13), (13, 14), (14, 15), (13, 14), (12, 13), (11, 12), (10, 11), (9, 10), (8, 9), (10, 11), (11, 12), (10, 11), (12, 13), (16, 17), (15, 16), (14, 15), (13, 14), (12, 13), (11, 12), (10, 11), (9, 10), (8, 9), (7, 8), (6, 7), (5, 6), (4, 5), (3, 4), (4, 5), (3, 4), (2, 3), (1, 2), (3, 4), (2, 3), (3, 4), (4, 5), (8, 9), (9, 10), (8, 9), (7, 8), (6, 7), (5, 6), (4, 5), (3, 4), (2, 3), (5, 6), (4, 5), (3, 4), (5, 6), (6, 7), (5, 6), (4, 5), (3, 4), (7, 8), (6, 7), (8, 9), (7, 8), (9, 10), (12, 13), (11, 12), (10, 11), (9, 10), (8, 9), (7, 8), (6, 7), (5, 6), (4, 5), (12, 13), (11, 12), (10, 11), (9, 10), (8, 9), (7, 8), (6, 7), (9, 10), (8, 9), (12, 13), (11, 12), (10, 11), (9, 10), (8, 9), (7, 8), (6, 7), (13, 14), (12, 13), (11, 12), (14, 15), (15, 16), (16, 17), (15, 16), (14, 15), (13, 14), (12, 13), (11, 12), (10, 11), (9, 10), (8, 9), (7, 8), (6, 7), (5, 6), (4, 5), (3, 4), (2, 3), (1, 2), (0, 1), (1, 2), (2, 3), (1, 2), (9, 10), (10, 11), (9, 10), (8, 9), (7, 8), (10, 11), (11, 12), (10, 11), (9, 10), (8, 9), (7, 8), (6, 7), (5, 6), (4, 5), (3, 4), (5, 6), (4, 5), (10, 11), (11, 12), (10, 11), (9, 10), (8, 9), (7, 8), (6, 7), (5, 6), (10, 11), (9, 10), (11, 12), (10, 11), (12, 13), (15, 16), (14, 15), (13, 14), (12, 13), (11, 12), (10, 11), (9, 10), (8, 9), (7, 8), (6, 7), (5, 6), (4, 5), (3, 4), (2, 3), (1, 2), (5, 6), (4, 5), (3, 4), (2, 3), (5, 6), (7, 8), (8, 9), (7, 8), (11, 12), (10, 11), (9, 10), (13, 14), (12, 13), (11, 12), (10, 11), (9, 10), (14, 15), (13, 14), (12, 13), (11, 12), (10, 11), (15, 16), (14, 15), (13, 14), (12, 13), (11, 12), (10, 11), (9, 10), (8, 9), (7, 8), (6, 7), (5, 6), (4, 5), (3, 4), (2, 3), (1, 2), (0, 1), (6, 7), (9, 10), (8, 9), (9, 10), (8, 9), (7, 8), (6, 7), (5, 6), (4, 5), (3, 4), (10, 11), (9, 10), (8, 9), (7, 8), (6, 7), (5, 6), (11, 12), (10, 11), (9, 10), (8, 9), (7, 8), (6, 7), (5, 6), (6, 7), (11, 12), (10, 11), (9, 10), (8, 9), (11, 12), (10, 11), (11, 12), (13, 14), (14, 15), (13, 14), (12, 13), (11, 12), (10, 11), (9, 10), (8, 9), (7, 8), (6, 7), (5, 6), (4, 5), (3, 4), (2, 3), (1, 2), (2, 3), (5, 6), (4, 5), (3, 4), (6, 7), (5, 6), (7, 8), (6, 7), (14, 15), (16, 17), (15, 16), (14, 15), (13, 14), (12, 13), (11, 12), (10, 11), (9, 10), (8, 9), (7, 8), (6, 7), (5, 6), (4, 5), (3, 4), (2, 3), (1, 2), (0, 1), (3, 4), (2, 3), (1, 2), (4, 5), (3, 4), (5, 6), (4, 5), (5, 6), (11, 12), (10, 11), (9, 10), (8, 9), (7, 8), (11, 12), (14, 15), (13, 14), (12, 13), (11, 12), (10, 11), (9, 10), (8, 9), (7, 8), (6, 7), (5, 6), (4, 5), (3, 4), (2, 3), (1, 2), (0, 1), (1, 2), (4, 5), (3, 4), (7, 8), (6, 7), (5, 6), (6, 7), (15, 16), (14, 15), (13, 14), (12, 13), (11, 12), (10, 11), (9, 10), (8, 9), (7, 8), (6, 7), (5, 6), (4, 5), (3, 4), (4, 5), (3, 4), (2, 3), (1, 2), (0, 1), (3, 4), (2, 3), (1, 2), (3, 4), (4, 5), (3, 4), (5, 6), (4, 5), (3, 4), (2, 3), (1, 2), (6, 7), (5, 6), (7, 8), (8, 9), (10, 11), (9, 10), (10, 11), (9, 10), (8, 9), (7, 8), (12, 13), (11, 12), (10, 11), (9, 10), (8, 9), (14, 15), (13, 14), (12, 13), (11, 12), (10, 11), (9, 10), (12, 13), (15, 16), (14, 15), (13, 14), (12, 13), (11, 12), (10, 11), (9, 10), (8, 9), (7, 8), (6, 7), (5, 6), (4, 5), (3, 4), (2, 3), (1, 2), (0, 1), (4, 5), (6, 7), (8, 9), (7, 8), (6, 7), (5, 6), (4, 5), (3, 4), (5, 6), (9, 10), (8, 9), (7, 8), (6, 7), (5, 6), (4, 5), (9, 10), (8, 9), (7, 8), (6, 7), (10, 11), (9, 10), (8, 9), (7, 8), (9, 10), (8, 9), (7, 8), (11, 12), (10, 11), (12, 13), (13, 14), (14, 15), (16, 17), (15, 16), (14, 15), (13, 14), (12, 13), (11, 12), (10, 11), (9, 10), (8, 9), (7, 8), (6, 7), (5, 6), (8, 9), (7, 8), (8, 9), (9, 10), (8, 9), (7, 8), (10, 11), (9, 10), (12, 13), (13, 14), (14, 15), (15, 16), (14, 15), (13, 14), (12, 13), (11, 12), (10, 11), (9, 10), (10, 11), (11, 12), (10, 11), (14, 15), (15, 16), (14, 15), (16, 17), (15, 16), (14, 15), (13, 14), (12, 13), (11, 12), (10, 11), (9, 10), (8, 9), (7, 8), (6, 7), (5, 6), (4, 5), (3, 4), (2, 3), (7, 8), (6, 7), (5, 6), (4, 5), (3, 4), (2, 3), (8, 9), (7, 8), (6, 7), (5, 6), (4, 5), (6, 7), (5, 6), (7, 8), (9, 10), (8, 9), (7, 8), (6, 7), (5, 6), (4, 5), (3, 4), (2, 3), (1, 2), (6, 7), (5, 6), (4, 5), (3, 4), (10, 11), (9, 10), (8, 9), (7, 8), (11, 12), (13, 14), (12, 13), (11, 12), (10, 11), (9, 10), (8, 9), (9, 10), (8, 9), (7, 8), (6, 7), (5, 6), (4, 5), (3, 4), (2, 3), (1, 2), (0, 1), (3, 4), (2, 3), (8, 9), (10, 11), (9, 10), (8, 9), (7, 8), (9, 10), (8, 9), (13, 14), (12, 13), (11, 12), (10, 11), (9, 10), (8, 9), (15, 16), (16, 17), (15, 16), (14, 15), (13, 14), (12, 13), (11, 12), (10, 11), (9, 10), (8, 9), (7, 8), (6, 7), (5, 6), (4, 5), (3, 4), (2, 3), (1, 2), (0, 1), (6, 7), (5, 6), (4, 5), (3, 4), (2, 3), (7, 8), (6, 7), (5, 6), (4, 5), (3, 4), (2, 3), (1, 2), (0, 1), (2, 3), (11, 12), (10, 11), (9, 10), (8, 9), (7, 8), (6, 7), (5, 6), (4, 5), (3, 4), (2, 3), (10, 11), (9, 10), (8, 9), (10, 11), (9, 10), (11, 12), (12, 13), (11, 12), (10, 11), (9, 10), (8, 9), (7, 8), (6, 7), (5, 6), (4, 5), (3, 4), (5, 6), (4, 5), (7, 8), (10, 11), (13, 14), (12, 13), (14, 15), (15, 16), (14, 15), (16, 17), (15, 16), (14, 15), (13, 14), (12, 13), (11, 12), (10, 11), (9, 10), (8, 9), (7, 8), (6, 7), (5, 6), (4, 5), (3, 4), (2, 3), (6, 7), (7, 8), (6, 7), (7, 8), (10, 11), (9, 10), (8, 9), (7, 8), (6, 7), (5, 6), (8, 9), (10, 11), (9, 10), (10, 11), (11, 12), (10, 11), (9, 10), (8, 9), (7, 8), (6, 7), (9, 10), (8, 9), (12, 13), (16, 17), (15, 16), (14, 15), (13, 14), (12, 13), (11, 12), (10, 11), (9, 10), (8, 9), (7, 8), (6, 7), (5, 6), (7, 8), (12, 13), (11, 12), (10, 11), (9, 10), (10, 11), (11, 12), (10, 11), (12, 13), (11, 12), (10, 11), (13, 14), (12, 13), (11, 12), (14, 15), (16, 17), (15, 16), (14, 15), (13, 14), (12, 13), (11, 12), (10, 11), (9, 10), (8, 9), (7, 8), (6, 7), (5, 6), (4, 5), (3, 4), (5, 6), (4, 5), (3, 4), (2, 3), (1, 2), (0, 1), (3, 4), (4, 5), (5, 6), (4, 5), (3, 4), (2, 3), (1, 2), (3, 4), (2, 3), (5, 6), (6, 7), (5, 6), (4, 5), (3, 4), (4, 5), (3, 4), (8, 9), (9, 10), (8, 9), (7, 8), (6, 7), (5, 6), (4, 5), (3, 4), (2, 3), (1, 2), (0, 1), (3, 4), (2, 3), (1, 2), (4, 5), (3, 4), (2, 3), (5, 6), (4, 5), (6, 7), (5, 6), (7, 8), (11, 12), (10, 11), (9, 10), (12, 13), (11, 12), (10, 11), (9, 10), (8, 9), (7, 8), (6, 7), (7, 8), (12, 13), (11, 12), (12, 13), (13, 14), (12, 13), (11, 12), (10, 11), (9, 10), (14, 15), (13, 14), (12, 13), (11, 12), (10, 11), (9, 10), (8, 9), (7, 8), (6, 7), (5, 6), (4, 5), (3, 4), (2, 3), (9, 10), (8, 9), (12, 13), (13, 14), (12, 13), (11, 12), (10, 11), (9, 10), (16, 17), (15, 16), (14, 15), (13, 14), (12, 13), (11, 12), (10, 11), (9, 10), (8, 9), (7, 8), (6, 7), (5, 6), (4, 5), (3, 4), (2, 3), (1, 2), (0, 1), (3, 4), (2, 3), (8, 9), (7, 8), (9, 10), (8, 9), (7, 8), (6, 7), (5, 6), (4, 5), (3, 4), (2, 3), (1, 2), (5, 6), (4, 5), (3, 4), (2, 3), (5, 6), (4, 5), (6, 7), (5, 6), (4, 5), (7, 8), (10, 11), (14, 15), (13, 14), (12, 13), (11, 12), (10, 11), (9, 10), (8, 9), (7, 8), (6, 7), (5, 6), (4, 5), (3, 4), (2, 3), (5, 6), (4, 5), (5, 6), (8, 9), (7, 8), (12, 13), (11, 12), (13, 14), (12, 13), (14, 15), (15, 16), (14, 15), (13, 14), (12, 13), (11, 12), (10, 11), (9, 10), (8, 9), (9, 10), (12, 13), (13, 14), (12, 13), (13, 14), (12, 13), (11, 12), (15, 16), (14, 15), (13, 14), (12, 13), (11, 12), (10, 11), (9, 10), (12, 13), (11, 12), (10, 11), (16, 17), (15, 16), (14, 15), (13, 14), (12, 13), (11, 12), (10, 11), (12, 13), (11, 12), (12, 13), (14, 15), (16, 17), (15, 16), (14, 15), (17, 18), (16, 17), (15, 16), (14, 15), (13, 14), (12, 13), (11, 12), (10, 11), (9, 10), (8, 9), (7, 8), (6, 7), (5, 6), (4, 5), (3, 4), (4, 5), (5, 6), (11, 12), (10, 11), (9, 10), (8, 9), (9, 10), (10, 11), (9, 10), (11, 12), (13, 14), (14, 15), (13, 14), (12, 13), (11, 12), (15, 16), (14, 15), (13, 14), (12, 13), (11, 12), (10, 11), (9, 10), (8, 9), (7, 8), (6, 7), (5, 6), (7, 8), (6, 7), (7, 8), (8, 9), (7, 8), (9, 10), (8, 9), (10, 11), (11, 12), (12, 13), (11, 12), (16, 17), (15, 16), (14, 15), (13, 14), (12, 13), (11, 12), (10, 11), (9, 10), (11, 12), (10, 11), (11, 12), (15, 16), (14, 15), (13, 14), (15, 16), (14, 15), (17, 18), (16, 17), (15, 16), (14, 15), (13, 14), (12, 13), (11, 12), (10, 11), (9, 10), (8, 9), (7, 8), (6, 7), (5, 6), (4, 5), (3, 4), (2, 3), (1, 2), (0, 1), (1, 2), (9, 10), (8, 9), (13, 14), (12, 13), (11, 12), (10, 11), (9, 10), (8, 9), (7, 8), (6, 7), (13, 14), (15, 16), (14, 15), (13, 14), (14, 15), (16, 17), (15, 16), (14, 15), (13, 14), (12, 13), (11, 12), (10, 11), (9, 10), (8, 9), (7, 8), (6, 7), (5, 6), (4, 5), (3, 4), (2, 3), (1, 2), (0, 1), (6, 7), (5, 6), (8, 9), (7, 8), (8, 9), (9, 10), (8, 9), (10, 11), (12, 13), (13, 14), (14, 15), (13, 14), (12, 13), (13, 14), (15, 16), (14, 15), (13, 14), (12, 13), (17, 18), (16, 17), (15, 16), (14, 15), (13, 14), (12, 13), (11, 12), (10, 11), (9, 10), (8, 9), (7, 8), (6, 7), (5, 6), (4, 5), (3, 4), (2, 3), (1, 2), (4, 5), (3, 4), (6, 7), (9, 10), (12, 13), (11, 12), (10, 11), (9, 10), (12, 13), (13, 14), (12, 13), (14, 15), (13, 14), (12, 13), (11, 12), (10, 11), (9, 10), (8, 9), (7, 8), (6, 7), (5, 6), (4, 5), (3, 4), (7, 8), (10, 11), (12, 13), (14, 15), (13, 14), (14, 15), (15, 16), (16, 17), (15, 16), (14, 15), (13, 14), (12, 13), (11, 12), (10, 11), (9, 10), (8, 9), (7, 8), (6, 7), (5, 6), (6, 7), (7, 8), (6, 7), (8, 9), (9, 10), (8, 9), (13, 14), (12, 13), (11, 12), (16, 17), (15, 16), (14, 15), (17, 18), (16, 17), (15, 16), (14, 15), (13, 14), (12, 13), (11, 12), (10, 11), (9, 10), (8, 9), (7, 8), (6, 7), (5, 6), (4, 5), (3, 4), (2, 3), (1, 2), (3, 4), (5, 6), (11, 12), (10, 11), (9, 10), (8, 9), (7, 8), (6, 7), (5, 6), (7, 8), (6, 7), (15, 16), (14, 15), (13, 14), (12, 13), (11, 12), (10, 11), (11, 12), (12, 13), (13, 14), (14, 15), (17, 18), (16, 17), (15, 16), (14, 15), (13, 14), (12, 13), (11, 12), (10, 11), (9, 10), (8, 9), (7, 8), (6, 7), (5, 6), (4, 5), (3, 4), (2, 3), (5, 6), (4, 5), (3, 4), (12, 13), (11, 12), (12, 13), (13, 14), (12, 13), (11, 12), (10, 11), (9, 10), (8, 9), (13, 14), (12, 13), (14, 15), (13, 14), (12, 13), (11, 12), (12, 13), (16, 17), (15, 16), (14, 15), (13, 14), (12, 13), (11, 12), (10, 11), (9, 10), (8, 9), (9, 10), (10, 11), (15, 16), (14, 15), (13, 14), (12, 13), (11, 12), (10, 11), (9, 10), (8, 9), (7, 8), (6, 7), (5, 6), (9, 10), (8, 9), (16, 17), (15, 16), (14, 15), (13, 14), (12, 13), (11, 12), (10, 11), (9, 10), (8, 9), (7, 8), (6, 7), (5, 6), (4, 5), (3, 4), (2, 3), (1, 2), (0, 1), (2, 3), (3, 4), (2, 3), (4, 5), (3, 4), (4, 5), (9, 10), (8, 9), (9, 10), (10, 11), (17, 18), (16, 17), (15, 16), (14, 15), (13, 14), (12, 13), (11, 12), (10, 11), (9, 10), (8, 9), (7, 8), (6, 7), (5, 6), (4, 5), (8, 9), (7, 8), (11, 12), (10, 11), (16, 17), (15, 16), (14, 15), (13, 14), (12, 13), (15, 16), (17, 18), (16, 17), (15, 16), (14, 15), (13, 14), (12, 13), (11, 12), (10, 11), (9, 10), (8, 9), (7, 8), (8, 9), (7, 8), (9, 10), (10, 11), (11, 12), (10, 11), (11, 12), (12, 13), (11, 12), (10, 11), (9, 10), (8, 9), (7, 8), (6, 7), (5, 6), (9, 10), (8, 9), (12, 13), (11, 12), (10, 11), (9, 10), (8, 9), (7, 8), (6, 7), (14, 15), (13, 14), (12, 13), (15, 16), (14, 15), (13, 14), (12, 13), (11, 12), (10, 11), (9, 10), (8, 9), (7, 8), (6, 7), (5, 6), (4, 5), (3, 4), (2, 3), (1, 2), (5, 6), (4, 5), (3, 4), (2, 3), (9, 10), (10, 11), (9, 10), (8, 9), (7, 8), (8, 9), (11, 12), (12, 13), (11, 12), (10, 11), (9, 10), (13, 14), (12, 13), (11, 12), (14, 15), (13, 14), (12, 13), (11, 12), (10, 11), (9, 10), (8, 9), (7, 8), (6, 7), (5, 6), (4, 5), (3, 4), (2, 3), (1, 2), (0, 1), (1, 2), (2, 3), (1, 2), (2, 3), (5, 6), (4, 5), (15, 16), (14, 15), (13, 14), (12, 13), (11, 12), (10, 11), (9, 10), (8, 9), (7, 8), (6, 7), (5, 6), (4, 5), (3, 4), (2, 3), (1, 2), (3, 4), (2, 3), (1, 2), (5, 6), (4, 5), (6, 7), (5, 6), (4, 5), (9, 10), (8, 9), (9, 10), (10, 11), (9, 10), (8, 9), (10, 11), (9, 10), (11, 12), (10, 11), (12, 13), (11, 12), (10, 11), (13, 14), (14, 15), (13, 14), (12, 13), (11, 12), (10, 11), (9, 10), (8, 9), (7, 8), (6, 7), (5, 6), (6, 7), (7, 8), (8, 9), (7, 8), (9, 10), (8, 9), (7, 8), (6, 7), (7, 8), (10, 11), (9, 10), (8, 9), (7, 8), (6, 7), (11, 12), (10, 11), (9, 10), (8, 9), (13, 14), (12, 13), (15, 16), (14, 15), (15, 16), (14, 15), (16, 17), (15, 16), (14, 15), (13, 14), (12, 13), (14, 15), (15, 16), (17, 18), (16, 17), (15, 16), (14, 15), (13, 14), (12, 13), (11, 12), (10, 11), (9, 10), (8, 9), (7, 8), (6, 7), (5, 6), (7, 8), (8, 9), (7, 8), (9, 10), (8, 9), (7, 8), (6, 7), (5, 6), (4, 5), (3, 4), (6, 7), (10, 11), (9, 10), (8, 9), (7, 8), (6, 7), (5, 6), (4, 5), (6, 7), (11, 12), (10, 11), (9, 10), (8, 9), (7, 8), (6, 7), (12, 13), (11, 12), (10, 11), (9, 10), (11, 12), (10, 11), (14, 15), (13, 14), (12, 13), (11, 12), (10, 11), (9, 10), (8, 9), (7, 8), (6, 7), (5, 6), (4, 5), (3, 4), (2, 3), (1, 2), (8, 9), (7, 8), (10, 11), (11, 12), (14, 15), (15, 16), (14, 15), (13, 14), (14, 15), (16, 17), (15, 16), (14, 15), (13, 14), (12, 13), (15, 16), (17, 18), (16, 17), (15, 16), (14, 15), (13, 14), (12, 13), (11, 12), (10, 11), (9, 10), (8, 9), (7, 8), (6, 7), (5, 6), (4, 5), (3, 4), (2, 3), (1, 2), (2, 3), (4, 5), (3, 4), (2, 3), (5, 6), (4, 5), (7, 8), (6, 7), (5, 6), (4, 5), (3, 4), (4, 5), (7, 8), (9, 10), (10, 11), (9, 10), (8, 9), (7, 8), (12, 13), (13, 14), (12, 13), (11, 12), (10, 11), (9, 10), (8, 9), (7, 8), (6, 7), (5, 6), (4, 5), (3, 4), (2, 3), (4, 5), (3, 4), (4, 5), (8, 9), (12, 13), (11, 12), (13, 14), (12, 13), (14, 15), (13, 14), (12, 13), (11, 12), (10, 11), (13, 14), (15, 16), (14, 15), (13, 14), (12, 13), (11, 12), (10, 11), (9, 10), (8, 9), (7, 8), (6, 7), (5, 6), (7, 8), (8, 9), (7, 8), (6, 7), (10, 11), (9, 10), (8, 9), (7, 8), (6, 7), (5, 6), (7, 8), (10, 11), (9, 10), (8, 9), (11, 12), (13, 14), (12, 13), (14, 15), (13, 14), (16, 17), (15, 16), (14, 15), (15, 16), (14, 15), (13, 14), (12, 13), (11, 12), (10, 11), (9, 10), (8, 9), (7, 8), (9, 10), (11, 12), (10, 11), (9, 10), (11, 12), (14, 15), (13, 14), (12, 13), (11, 12), (10, 11), (11, 12), (14, 15), (13, 14), (12, 13), (11, 12), (17, 18), (16, 17), (15, 16), (14, 15), (13, 14), (12, 13), (11, 12), (10, 11), (9, 10), (8, 9), (7, 8), (6, 7), (5, 6), (4, 5), (3, 4), (2, 3), (1, 2), (0, 1), (4, 5), (5, 6), (7, 8), (6, 7), (5, 6), (6, 7), (7, 8), (6, 7), (7, 8), (8, 9), (9, 10), (10, 11), (12, 13), (11, 12), (10, 11), (9, 10), (10, 11), (9, 10), (8, 9), (7, 8), (9, 10), (12, 13), (13, 14), (12, 13), (11, 12), (10, 11), (9, 10), (8, 9), (7, 8), (6, 7), (9, 10), (8, 9), (10, 11), (13, 14), (12, 13), (11, 12), (10, 11), (9, 10), (10, 11), (12, 13), (14, 15), (15, 16), (16, 17), (15, 16), (16, 17), (17, 18), (16, 17), (15, 16), (14, 15), (13, 14), (12, 13), (11, 12), (10, 11), (9, 10), (8, 9), (7, 8), (6, 7), (5, 6), (4, 5), (3, 4), (2, 3), (1, 2), (2, 3), (3, 4), (2, 3), (4, 5), (3, 4), (4, 5), (5, 6), (4, 5), (3, 4), (4, 5), (6, 7), (5, 6), (4, 5), (3, 4), (2, 3), (3, 4), (2, 3), (1, 2), (2, 3), (7, 8), (6, 7), (5, 6), (4, 5), (3, 4), (2, 3), (8, 9), (7, 8), (9, 10), (10, 11), (9, 10), (8, 9), (11, 12), (10, 11), (9, 10), (8, 9), (12, 13), (13, 14), (14, 15), (18, 19), (17, 18), (16, 17), (15, 16), (14, 15), (13, 14), (12, 13), (11, 12), (10, 11), (9, 10), (8, 9), (7, 8), (6, 7), (5, 6), (4, 5), (3, 4), (2, 3), (1, 2), (0, 1), (4, 5), (7, 8), (8, 9), (7, 8), (9, 10), (10, 11), (12, 13), (11, 12), (13, 14), (12, 13), (11, 12), (14, 15), (13, 14), (12, 13), (15, 16), (14, 15), (13, 14), (12, 13), (11, 12), (10, 11), (9, 10), (8, 9), (7, 8), (9, 10), (8, 9), (7, 8), (6, 7), (5, 6), (4, 5), (3, 4), (2, 3), (5, 6), (4, 5), (5, 6), (9, 10), (8, 9), (7, 8), (6, 7), (5, 6), (4, 5), (3, 4), (2, 3), (6, 7), (5, 6), (8, 9), (9, 10), (8, 9), (7, 8), (10, 11), (9, 10), (8, 9), (7, 8), (6, 7), (5, 6), (4, 5), (6, 7), (8, 9), (10, 11), (9, 10), (10, 11), (11, 12), (10, 11), (9, 10), (11, 12), (14, 15), (13, 14), (16, 17), (17, 18), (16, 17), (15, 16), (14, 15), (13, 14), (14, 15), (15, 16), (14, 15), (13, 14), (12, 13), (11, 12), (10, 11), (9, 10), (8, 9), (7, 8), (6, 7), (5, 6), (4, 5), (3, 4), (2, 3), (1, 2), (4, 5), (3, 4), (6, 7), (5, 6), (8, 9), (13, 14), (12, 13), (18, 19), (17, 18), (16, 17), (15, 16), (14, 15), (13, 14), (12, 13), (11, 12), (10, 11), (9, 10), (8, 9), (7, 8), (6, 7), (5, 6), (4, 5), (3, 4), (8, 9), (7, 8), (8, 9), (9, 10), (10, 11), (11, 12), (14, 15), (13, 14), (12, 13), (11, 12), (10, 11), (9, 10), (11, 12), (10, 11), (9, 10), (8, 9), (7, 8), (6, 7), (5, 6), (9, 10), (8, 9), (7, 8), (10, 11), (11, 12), (10, 11), (9, 10), (10, 11), (11, 12), (14, 15), (13, 14), (12, 13), (14, 15), (15, 16), (16, 17), (15, 16), (17, 18), (16, 17), (15, 16), (14, 15), (13, 14), (12, 13), (11, 12), (10, 11), (9, 10), (8, 9), (7, 8), (6, 7), (5, 6), (7, 8), (6, 7), (9, 10), (12, 13), (11, 12), (10, 11), (9, 10), (13, 14), (12, 13), (11, 12), (10, 11), (9, 10), (8, 9), (7, 8), (11, 12), (14, 15), (13, 14), (12, 13), (11, 12), (15, 16), (16, 17), (15, 16), (14, 15), (13, 14), (12, 13), (11, 12), (10, 11), (9, 10), (8, 9), (7, 8), (6, 7), (5, 6), (4, 5), (3, 4), (2, 3), (1, 2), (0, 1), (1, 2), (4, 5), (3, 4), (4, 5), (9, 10), (8, 9), (13, 14), (17, 18), (16, 17), (15, 16), (14, 15), (13, 14), (12, 13), (11, 12), (10, 11), (9, 10), (8, 9), (7, 8), (6, 7), (10, 11), (12, 13), (14, 15), (18, 19), (17, 18), (16, 17), (15, 16), (14, 15), (13, 14), (12, 13), (11, 12), (10, 11), (9, 10), (8, 9), (7, 8), (6, 7), (5, 6), (4, 5), (3, 4), (2, 3), (1, 2), (0, 1), (11, 12), (10, 11), (11, 12), (10, 11), (9, 10), (13, 14), (12, 13), (11, 12), (10, 11), (14, 15), (13, 14), (12, 13), (11, 12), (10, 11), (9, 10), (8, 9), (7, 8), (6, 7), (5, 6), (4, 5), (3, 4), (2, 3), (1, 2), (0, 1), (4, 5), (5, 6), (4, 5), (8, 9), (7, 8), (6, 7), (5, 6), (4, 5), (3, 4), (8, 9), (15, 16), (14, 15), (13, 14), (12, 13), (11, 12), (10, 11), (9, 10), (8, 9), (7, 8), (6, 7), (5, 6), (4, 5), (5, 6), (7, 8), (6, 7), (5, 6), (7, 8), (6, 7), (7, 8), (10, 11), (9, 10), (10, 11), (12, 13), (14, 15), (15, 16), (14, 15), (13, 14), (15, 16), (16, 17), (15, 16), (14, 15), (13, 14), (12, 13), (11, 12), (10, 11), (9, 10), (8, 9), (7, 8), (9, 10), (11, 12), (12, 13), (14, 15), (13, 14), (16, 17), (18, 19), (17, 18), (16, 17), (15, 16), (14, 15), (13, 14), (12, 13), (11, 12), (10, 11), (9, 10), (8, 9), (7, 8), (6, 7), (5, 6), (4, 5), (3, 4), (4, 5), (7, 8), (6, 7), (5, 6), (7, 8), (10, 11), (9, 10), (8, 9), (7, 8), (6, 7), (5, 6), (4, 5), (6, 7), (12, 13), (11, 12), (10, 11), (9, 10), (8, 9), (7, 8), (6, 7), (10, 11), (9, 10), (10, 11), (12, 13), (11, 12), (10, 11), (9, 10), (8, 9), (13, 14), (12, 13), (11, 12), (13, 14), (14, 15), (13, 14), (12, 13), (11, 12), (10, 11), (9, 10), (8, 9), (7, 8), (9, 10), (11, 12), (12, 13), (11, 12), (13, 14), (15, 16), (14, 15), (16, 17), (15, 16), (14, 15), (13, 14), (12, 13), (11, 12), (10, 11), (9, 10), (8, 9), (7, 8), (9, 10), (8, 9), (15, 16), (18, 19), (17, 18), (16, 17), (15, 16), (14, 15), (13, 14), (12, 13), (11, 12), (10, 11), (9, 10), (8, 9), (7, 8), (9, 10), (12, 13), (11, 12), (13, 14), (12, 13), (11, 12), (10, 11), (12, 13), (11, 12), (13, 14), (15, 16), (14, 15), (13, 14), (12, 13), (11, 12), (10, 11), (12, 13), (13, 14), (12, 13), (11, 12), (10, 11), (9, 10), (8, 9), (7, 8), (6, 7), (5, 6), (4, 5), (3, 4), (2, 3), (1, 2), (3, 4), (6, 7), (7, 8), (6, 7), (5, 6), (4, 5), (6, 7), (8, 9), (7, 8), (6, 7), (5, 6), (7, 8), (6, 7), (9, 10), (8, 9), (10, 11), (9, 10), (10, 11), (11, 12), (10, 11), (9, 10), (8, 9), (7, 8), (6, 7), (7, 8), (8, 9), (7, 8), (10, 11), (15, 16), (14, 15), (13, 14), (14, 15), (16, 17), (17, 18), (18, 19), (17, 18), (16, 17), (15, 16), (14, 15), (13, 14), (12, 13), (11, 12), (10, 11), (9, 10), (8, 9), (7, 8), (6, 7), (7, 8), (6, 7), (9, 10), (8, 9), (7, 8), (6, 7), (5, 6), (4, 5), (3, 4), (2, 3), (3, 4), (10, 11), (11, 12), (12, 13), (11, 12), (13, 14), (14, 15), (15, 16), (14, 15), (13, 14), (15, 16), (16, 17), (15, 16), (14, 15), (13, 14), (12, 13), (11, 12), (10, 11), (9, 10), (8, 9), (7, 8), (6, 7), (5, 6), (8, 9), (11, 12), (10, 11), (9, 10), (8, 9), (7, 8), (6, 7), (5, 6), (4, 5), (3, 4), (2, 3), (1, 2), (0, 1), (5, 6), (4, 5), (5, 6), (6, 7), (7, 8), (8, 9), (9, 10), (12, 13), (11, 12), (12, 13), (16, 17), (17, 18), (16, 17), (15, 16), (14, 15), (13, 14), (12, 13), (11, 12), (10, 11), (9, 10), (8, 9), (7, 8), (6, 7), (5, 6), (7, 8), (6, 7), (5, 6), (4, 5), (3, 4), (5, 6), (4, 5), (8, 9), (9, 10), (11, 12), (10, 11), (9, 10), (8, 9), (7, 8), (6, 7), (5, 6), (4, 5), (7, 8), (6, 7), (8, 9), (7, 8), (8, 9), (9, 10), (8, 9), (12, 13), (13, 14), (12, 13), (11, 12), (10, 11), (9, 10), (11, 12), (12, 13), (14, 15), (13, 14), (12, 13), (15, 16), (14, 15), (13, 14), (14, 15), (15, 16), (17, 18), (16, 17), (15, 16), (14, 15), (13, 14), (12, 13), (11, 12), (10, 11), (9, 10), (12, 13), (11, 12), (12, 13), (14, 15), (17, 18), (18, 19), (17, 18), (16, 17), (15, 16), (14, 15), (13, 14), (12, 13), (11, 12), (10, 11), (9, 10), (8, 9), (7, 8), (6, 7), (5, 6), (6, 7), (8, 9), (7, 8), (6, 7), (5, 6), (4, 5), (3, 4), (5, 6), (4, 5), (9, 10), (8, 9), (7, 8), (6, 7), (5, 6), (4, 5), (3, 4), (2, 3), (1, 2), (0, 1), (6, 7), (11, 12), (13, 14), (15, 16), (16, 17), (15, 16), (14, 15), (13, 14), (12, 13), (11, 12), (10, 11), (9, 10), (8, 9), (7, 8), (6, 7), (5, 6), (4, 5), (10, 11), (9, 10), (8, 9), (7, 8), (6, 7), (5, 6), (4, 5), (3, 4), (2, 3), (1, 2), (5, 6), (4, 5), (5, 6), (6, 7), (5, 6), (7, 8), (8, 9), (7, 8), (9, 10), (10, 11), (9, 10), (11, 12), (10, 11), (9, 10), (8, 9), (7, 8), (6, 7), (5, 6), (4, 5), (9, 10), (8, 9), (14, 15), (17, 18), (16, 17), (15, 16), (14, 15), (13, 14), (12, 13), (11, 12), (10, 11), (9, 10), (8, 9), (7, 8), (6, 7), (5, 6), (4, 5), (3, 4), (2, 3), (1, 2), (6, 7), (5, 6), (15, 16), (14, 15), (13, 14), (12, 13), (11, 12), (10, 11), (9, 10), (8, 9), (7, 8), (9, 10), (10, 11), (9, 10), (15, 16), (14, 15), (13, 14), (16, 17), (15, 16), (17, 18), (16, 17), (15, 16), (18, 19), (17, 18), (16, 17), (15, 16), (14, 15), (13, 14), (12, 13), (11, 12), (10, 11), (9, 10), (8, 9), (7, 8), (6, 7), (5, 6), (4, 5), (3, 4), (6, 7), (5, 6), (8, 9), (7, 8), (6, 7), (5, 6), (4, 5), (8, 9), (7, 8), (6, 7), (5, 6), (12, 13), (14, 15), (13, 14), (17, 18), (16, 17), (15, 16), (17, 18), (16, 17), (15, 16), (14, 15), (13, 14), (12, 13), (11, 12), (10, 11), (9, 10), (8, 9), (7, 8), (9, 10), (11, 12), (13, 14), (12, 13), (11, 12), (10, 11), (9, 10), (8, 9), (9, 10), (10, 11), (9, 10), (13, 14), (12, 13), (14, 15), (13, 14), (12, 13), (15, 16), (16, 17), (15, 16), (14, 15), (13, 14), (12, 13), (18, 19), (17, 18), (16, 17), (15, 16), (14, 15), (13, 14), (12, 13), (11, 12), (10, 11), (9, 10), (8, 9), (7, 8), (6, 7), (7, 8), (9, 10), (12, 13), (11, 12), (10, 11), (12, 13), (11, 12), (16, 17), (15, 16), (14, 15), (13, 14), (12, 13), (11, 12), (10, 11), (9, 10), (8, 9), (7, 8), (6, 7), (5, 6), (4, 5), (11, 12), (13, 14), (12, 13), (11, 12), (17, 18), (16, 17), (18, 19), (17, 18), (16, 17), (15, 16), (14, 15), (13, 14), (12, 13), (11, 12), (10, 11), (9, 10), (13, 14), (12, 13), (14, 15), (13, 14), (12, 13), (11, 12), (10, 11), (9, 10), (8, 9), (13, 14), (12, 13), (13, 14), (15, 16), (14, 15), (13, 14), (12, 13), (14, 15), (13, 14), (18, 19), (17, 18), (16, 17), (15, 16), (14, 15), (13, 14), (12, 13), (11, 12), (10, 11), (9, 10), (8, 9), (7, 8), (6, 7), (5, 6), (4, 5), (3, 4), (2, 3), (1, 2), (0, 1), (1, 2), (2, 3), (1, 2), (8, 9), (7, 8), (6, 7), (5, 6), (8, 9), (9, 10), (8, 9), (10, 11), (9, 10), (8, 9), (7, 8), (6, 7), (5, 6), (4, 5), (3, 4), (2, 3), (1, 2), (6, 7), (5, 6), (4, 5), (6, 7), (5, 6), (6, 7), (7, 8), (8, 9), (9, 10), (10, 11), (11, 12), (10, 11), (9, 10), (8, 9), (7, 8), (6, 7), (5, 6), (12, 13), (11, 12), (10, 11), (9, 10), (8, 9), (7, 8), (6, 7), (5, 6), (9, 10), (8, 9), (7, 8), (9, 10), (8, 9), (9, 10), (10, 11), (9, 10), (13, 14), (12, 13), (11, 12), (14, 15), (13, 14), (12, 13), (11, 12), (10, 11), (9, 10), (8, 9), (7, 8), (6, 7), (5, 6), (4, 5), (3, 4), (5, 6), (8, 9), (7, 8), (6, 7), (8, 9), (7, 8), (9, 10), (8, 9), (10, 11), (9, 10), (10, 11), (9, 10), (10, 11), (13, 14), (12, 13), (15, 16), (14, 15), (13, 14), (16, 17), (15, 16), (14, 15), (13, 14), (12, 13), (11, 12), (10, 11), (9, 10), (8, 9), (7, 8), (6, 7), (5, 6), (4, 5), (3, 4), (2, 3), (1, 2), (0, 1), (2, 3), (1, 2), (7, 8), (6, 7), (5, 6), (7, 8), (6, 7), (7, 8), (8, 9), (7, 8), (6, 7), (5, 6), (4, 5), (3, 4), (2, 3), (9, 10), (8, 9), (7, 8), (6, 7), (5, 6), (4, 5), (3, 4), (10, 11), (9, 10), (8, 9), (7, 8), (6, 7), (5, 6), (4, 5), (6, 7), (5, 6), (7, 8), (6, 7), (8, 9), (7, 8), (9, 10), (8, 9)]
