results/lll/svpchallengedim40seed3dim15delta0.98999995.txt: 199.792 sec
b: [[15075370, -39494632, 42848311, 21577934, -21923454, 52621433, -33262503, -15961748, -13213094, -1279908, -51197930, 4974163, 2653714, -34221964, -17844989],
 [-3803752, -27461798, 19878931, 21701397, 9790759, 44189167, 6357082, -47032640, 54857003, 17927559, -56221592, -56848163, 53678410, 41161108, 15848923],
 [-38694569, 15135222, 37691270, -86067554, -44693593, -7635946, -12653907, 17089226, 2622927, -13757447, 74323102, 1366721, -44593499, 20525327, -8087079],
 [19070943, 47026250, -77752976, 65341822, -8647548, 9072640, 14351872, -29397128, 41331397, -13952043, 37962627, -16797897, -5309040, -26486610, 16017377],
 [-18908366, -14302684, -67151672, 8019451, -31801682, 58528672, -37514094, -17260866, -73903569, -23618953, 10266890, 17229258, -8084260, -41153647, 13772415],
 [26689225, -41151096, -73138029, 30468693, -665025, 45520262, 4557229, 32499720, -32734106, -24478658, -34673038, 28980152, -68116808, -27272577, 27658795],
 [-17860873, 59552246, 57020589, -18400043, 38305021, -49970794, 36616733, -49775988, -4160236, -43641034, -35867315, -25042863, 29564024, 57692246, 11309539],
 [9965610, -21189262, -8609764, 6369084, 8743107, -80891279, -19279200, 43770071, -23009562, 74241919, 11141323, 6843655, -98498559, 3691178, 12392895],
 [2774634, -41245409, -3221600, 6450544, 19278992, -11920288, 21766514, 1748286, 47511876, -1801132, -32536108, -19384614, 72297697, -96411534, -18355205],
 [88930339, 9337385, -9750820, 6282785, -6466529, -50867686, 19416804, 22524321, -27218861, -5370472, 8452281, 73967824, 51217218, 6869301, 12662761],
 [17951043, -16691001, -1712212, -18097090, 11873411, 34288833, 43983658, 293965, -9402724, 33103531, -30037745, 44382459, 58657976, -62748330, 43295588],
 [11983449, 11517560, 49912386, -26021661, -35250313, -68921573, 36480136, 61372222, -1694065, -46803357, 34910882, -39124758, 65011466, 11422859, 8754182],
 [58286834, 38950553, -73346713, -10576247, 13871001, -4512435, -18828322, 43331790, 5015051, -30318336, 12843023, -24267539, -25833853, -52879892, 78814204],
 [20141770, -70396028, -29160803, 31296548, 38920970, 4746005, -63532651, -41324524, -14175428, 17146785, 49372058, -36856726, 16472056, -42995902, 33818135],
 [-43554228, -28232026, 81242016, 9356869, 17385510, -43246147, -37625368, 42736733, 37392981, -53292932, -20806324, -671498, -36146333, -17459865, 44554823]], shape=[15, 15], strides=[15, 1], layout=Cc (0x5), const ndim=2
v_norms: [13018325281815501, 238642411237289826635212854697484/13018325281815501, 3947241942367155566460284499508356993212814965819/238642411237289826635212854697484, 52943984507375983714577142083300528787285003731719738108595262722/3947241942367155566460284499508356993212814965819, 641169995517017117738745567137797657495142742759982144281185181441775907952913077/52943984507375983714577142083300528787285003731719738108595262722, 6756166699187680407031078516782575845715867417059560677031936497523598229140475877664333560008434/641169995517017117738745567137797657495142742759982144281185181441775907952913077, 41238313410307972603107754512849170467563441527922665018377018749127856100639594798908458930445110825455131838764/3378083349593840203515539258391287922857933708529780338515968248761799114570237938832166780004217, 494728774085378546270376094074252690162440458853293014596413460304344392324878544977035686392836900613351458875988906938514465749/41238313410307972603107754512849170467563441527922665018377018749127856100639594798908458930445110825455131838764, 4862439099712011400340412129584446241044196775696098422266166738326365325882844404727508504753994618690615640706110825684241922574509817781059518/494728774085378546270376094074252690162440458853293014596413460304344392324878544977035686392836900613351458875988906938514465749, 41356409089710620188691758947423496816976463467316958440390687671405084590367728999891283864723386462007361117614530037118874364168409623390076855856734760841507/4862439099712011400340412129584446241044196775696098422266166738326365325882844404727508504753994618690615640706110825684241922574509817781059518, 621421609653529731273007768841519041587455062540307377237946149716835156375133492137817398514679575672221261214029764096293691624683984570493580899522228011880955817657513907145/82712818179421240377383517894846993633952926934633916880781375342810169180735457999782567729446772924014722235229060074237748728336819246780153711713469521683014, 5095044288389415211806969521039689462456240008614437373401001531937752418298088216378830989122137790172174219165388901340416472000092024456270874099382610492282521052094808049501394530249384981/621421609653529731273007768841519041587455062540307377237946149716835156375133492137817398514679575672221261214029764096293691624683984570493580899522228011880955817657513907145, 46980987703558859267964414853213409772730557359113645847595726937116860298296848287369111609744951874812608589562134783997743518999871283849142514911057255158640718417574473039104334070267659715472656926226319/5095044288389415211806969521039689462456240008614437373401001531937752418298088216378830989122137790172174219165388901340416472000092024456270874099382610492282521052094808049501394530249384981, 397497532417661697813835061484459527486199638283374455600240375847876169718244450426941676981472006794004653162174271752497741152637656350832365190019055186893238693056686658501107008778315562546058533542700576684261713223260/46980987703558859267964414853213409772730557359113645847595726937116860298296848287369111609744951874812608589562134783997743518999871283849142514911057255158640718417574473039104334070267659715472656926226319, 3555822303820348596126553004628936474041015535377025692352552146379066324338315123754919151117534890525948044022890187454352924360155754362269122969205393295793750186796242258607490889162196269041214588937709727697784976369467234839970239849/397497532417661697813835061484459527486199638283374455600240375847876169718244450426941676981472006794004653162174271752497741152637656350832365190019055186893238693056686658501107008778315562546058533542700576684261713223260], shape=[15], strides=[1], layout=CFcf (0xf), const ndim=1
Mu { arr: [5296111366354552/13018325281815501, -5188978452151505/13018325281815501, -90753992376326490875950518331849/238642411237289826635212854697484, -4781491764099806/13018325281815501, 12759053430382290270836585767099/119321205618644913317606427348742, -1776771993822327921734818948382947078564669642014/3947241942367155566460284499508356993212814965819, 1527948959799187/4339441760605167, -49837323949912030633503765310437/119321205618644913317606427348742, -552319437887784219837701687577607189508187147686/3947241942367155566460284499508356993212814965819, 22406431498573648739547841942832669619354836264322730769222561403/52943984507375983714577142083300528787285003731719738108595262722, 1310989465874273/4339441760605167, -23211560962830140615367166135758/59660602809322456658803213674371, -1916706059436134377195687086130647208942240484712/3947241942367155566460284499508356993212814965819, 6087615149741944795071070325267549348733242532741900624242812655/26471992253687991857288571041650264393642501865859869054297631361, 296210485074255481092677682152384409490993619388881223549098581243993226877479926/641169995517017117738745567137797657495142742759982144281185181441775907952913077, -4742932863135218/13018325281815501, 109450523841080565119637700764419/238642411237289826635212854697484, 394115596187500082126874219411420743991924537795/3947241942367155566460284499508356993212814965819, -23199074029556931418866313827637973494616661429144596856952203241/52943984507375983714577142083300528787285003731719738108595262722, -167672563596357889360717903139297614855934990757438148900043372216790184764071741/641169995517017117738745567137797657495142742759982144281185181441775907952913077, -1487811386736482741523311210114668025098966147785821413150858260319690133197200625293630462085771/3378083349593840203515539258391287922857933708529780338515968248761799114570237938832166780004217, -4686275306588879/13018325281815501, -118963612133563951027994617779919/238642411237289826635212854697484, -376958766232492219509103654300328189041063441171/3947241942367155566460284499508356993212814965819, -18173037063727914673328185824403960094555472191052634375778645953/52943984507375983714577142083300528787285003731719738108595262722, -66106662202730863507282173262799542203802155205223445551232050358627873819932809/213723331839005705912915189045932552498380914253327381427061727147258635984304359, 3327970010346297771595754896483651291661117404623812885755460866985901228790710815778129366420543/6756166699187680407031078516782575845715867417059560677031936497523598229140475877664333560008434, -16549624399680859391796507068391159935280140774094234856027423795633383864999521287568689573654778285097552288619/41238313410307972603107754512849170467563441527922665018377018749127856100639594798908458930445110825455131838764, 4632794447315071/13018325281815501, 54134030732751386005582323780971/238642411237289826635212854697484, -1514467091750249459377621301481592270020072560581/3947241942367155566460284499508356993212814965819, 250332398046396874040655581524887565649250601048751609690647243/26471992253687991857288571041650264393642501865859869054297631361, -56375757434520145660899735245520630283793224959604749587279601149129783134390580/213723331839005705912915189045932552498380914253327381427061727147258635984304359, -153901785045440900683002337178064407695332816568694553735980053445859850342075698059835391901502/482583335656262886216505608341612560408276244075682905502281178394542730652891134118880968572031, -3976489478477329508840436939545470704745095978492557985194959690803753132331756922606940607327926532374655913645/10309578352576993150776938628212292616890860381980666254594254687281964025159898699727114732611277706363782959691, -235506333197854383750630133023741628426928448640459561480386176603304387862763054528252041976973669322051737593692419497926174760/494728774085378546270376094074252690162440458853293014596413460304344392324878544977035686392836900613351458875988906938514465749, -958040178873587/4339441760605167, -37537372927400961520879613984625/119321205618644913317606427348742, -1967289787017475257808691207093345405330348857594/3947241942367155566460284499508356993212814965819, -7613706105910539368062963550405445441773160837324412474027970811/26471992253687991857288571041650264393642501865859869054297631361, -155599791822852723063408913034984753324008536944207014737183145891988659537506452/641169995517017117738745567137797657495142742759982144281185181441775907952913077, -699894325961675438019988732903328125584308716451116717526179193532649566908656297956637443935296/3378083349593840203515539258391287922857933708529780338515968248761799114570237938832166780004217, -969067748028504070721477733911976703481494205130260765184833541335120441779781479995985681229236493181580436437/20619156705153986301553877256424585233781720763961332509188509374563928050319797399454229465222555412727565919382, -27318514307633088047184929423987268262688963189805160543941360771848821842561076511801236092581845650274238019211118822230240562/70675539155054078038625156296321812880348636979041859228059065757763484617839792139576526627548128659050208410855558134073495107, -1980209790192829162420996789961627301348923679609782865372329161874722993878396279549098038729370459242775897390314205355018644759397641271407213/4862439099712011400340412129584446241044196775696098422266166738326365325882844404727508504753994618690615640706110825684241922574509817781059518, 3913211792502878/13018325281815501, 2486508624023290754542456514311/59660602809322456658803213674371, -1396933082148346738601175082649699827184984861596/3947241942367155566460284499508356993212814965819, -5195601066873932142361945877789178547751504234689386190319802006/26471992253687991857288571041650264393642501865859869054297631361, 114005838048656691367742594698313855932152558861498393250383459829305092719803278/641169995517017117738745567137797657495142742759982144281185181441775907952913077, -280740805560421139194197782190727728617068247990458863897706163860265264139664799849759960356016/3378083349593840203515539258391287922857933708529780338515968248761799114570237938832166780004217, -9776971388328753414520668494233336766467116182207660137860791902190014688994437311842836518540265333237362745377/41238313410307972603107754512849170467563441527922665018377018749127856100639594798908458930445110825455131838764, -33225225542785432115647145802666158155516107193536375162784741529845629430365347149682063774816500345786950425115994552646446313/70675539155054078038625156296321812880348636979041859228059065757763484617839792139576526627548128659050208410855558134073495107, 794592624786693063379097521978576959782472796826551951735258808613505040354893054145847138195196994084795338072092483844286017076457574846375231/2431219549856005700170206064792223120522098387848049211133083369163182662941422202363754252376997309345307820353055412842120961287254908890529759, 16409953459179950701404177718724237569582431779422114876774545038948407877360705618762859458719690218231282670416003975369289748276422617364264044329104924645978/41356409089710620188691758947423496816976463467316958440390687671405084590367728999891283864723386462007361117614530037118874364168409623390076855856734760841507, -6018330105820487/13018325281815501, -1344113286853665444990202304971/238642411237289826635212854697484, 1080469038312658701125818511501253671193086154225/3947241942367155566460284499508356993212814965819, -8911820866313471797356518027865249497224305481419935433083712132/26471992253687991857288571041650264393642501865859869054297631361, -81746472304719692818301036589489357746724870601130758167004773925252619542038536/213723331839005705912915189045932552498380914253327381427061727147258635984304359, -2588153767496293427914822976401333099677152742685088924534420297857439304777333466499358304280583/6756166699187680407031078516782575845715867417059560677031936497523598229140475877664333560008434, 3592746668650366215996903088823622093976376697073572156878640777587186911047160640636852666556530240878225584529/41238313410307972603107754512849170467563441527922665018377018749127856100639594798908458930445110825455131838764, -222302806437543812790991699149860350310121304274898625928392357933817768433165115407366494480495506206988429351040647113033747279/494728774085378546270376094074252690162440458853293014596413460304344392324878544977035686392836900613351458875988906938514465749, 1294864633888818138326006980282865479093916495799674445386034684361628864180973516883884266073859943879032847286951455431256068861865762963779877/4862439099712011400340412129584446241044196775696098422266166738326365325882844404727508504753994618690615640706110825684241922574509817781059518, 20585444361158936598786683715904519867980941856394491860004922900976303850085188519021080227754474050723103970390801053501549730295091785885121911436604036112045/41356409089710620188691758947423496816976463467316958440390687671405084590367728999891283864723386462007361117614530037118874364168409623390076855856734760841507, -280681692926692367313821582023056385262284004514720182185664607807851757831034798717109837050505742690891969387606302967763927190476309639964547499564026623149991150492601491154/621421609653529731273007768841519041587455062540307377237946149716835156375133492137817398514679575672221261214029764096293691624683984570493580899522228011880955817657513907145, -5108610588251983/13018325281815501, -32852094501566119047018834402901/119321205618644913317606427348742, -1503818710004340724817173470778617058707742587390/3947241942367155566460284499508356993212814965819, 25272848053910952251082042125253590928785578995807193342654104593/52943984507375983714577142083300528787285003731719738108595262722, 109252024479722541805388712454164719519505834545648463252834433164830213627118241/641169995517017117738745567137797657495142742759982144281185181441775907952913077, 1605531467493532853903128029832761060731065026524103244258257232982447599806653783484931999153730/3378083349593840203515539258391287922857933708529780338515968248761799114570237938832166780004217, 305045084314068400522296888225389612925706640487771033870024722550686716838666842057645128759714834772192333640/10309578352576993150776938628212292616890860381980666254594254687281964025159898699727114732611277706363782959691, -18155014391555108693642516961021640501583946766885555593608895362405787938563107360697939352069936686014511503379732384934662376/494728774085378546270376094074252690162440458853293014596413460304344392324878544977035686392836900613351458875988906938514465749, 1679837339306560977056332384222069349578949236409975010590928240126131592128630067488672085019981310706696968880190147520211006233210895978542213/4862439099712011400340412129584446241044196775696098422266166738326365325882844404727508504753994618690615640706110825684241922574509817781059518, 9369392413883946283826393572082963097777273947604512708536262560761751376179835228895104742443338443051060765335099730364569882219614230976632734491414163485/23781718855497768941168349020945081550877782327381804738580038913976471874852058079293435229858186579647706220594899388797512572839798518338169554834235055113, 14396601761396602918181533546783351345607929886944519895812560900221891780090952750892727675244199729878362408328575344356592090379140522501091191522357643888744983742875969672/124284321930705946254601553768303808317491012508061475447589229943367031275026698427563479702935915134444252242805952819258738324936796914098716179904445602376191163531502781429, 1591090275126542465500218569739120248745403068905034419887227432258215738264569958614003086484875899588184775951267665372558284733402467226020435994888612932067011892868266329015006664363943125/5095044288389415211806969521039689462456240008614437373401001531937752418298088216378830989122137790172174219165388901340416472000092024456270874099382610492282521052094808049501394530249384981, 3044968180113056/13018325281815501, 4385516341855824804643823903770/59660602809322456658803213674371, -986537953802836647024036691231000380840426817676/3947241942367155566460284499508356993212814965819, 7441099263491152775889907716648753924252113694179580776133377396/26471992253687991857288571041650264393642501865859869054297631361, 259690467760105663962462878102724873646368939512534451309611198199542779390746676/641169995517017117738745567137797657495142742759982144281185181441775907952913077, -1415375712406325076677669942103705852183145740984233545264835216802311016793121952829472124199649/6756166699187680407031078516782575845715867417059560677031936497523598229140475877664333560008434, -20565475674655968179223654249788423210595532903000101797474888767445927982139150920037169858679556748954877549379/41238313410307972603107754512849170467563441527922665018377018749127856100639594798908458930445110825455131838764, 201190074735306831582928199319078652713900481000082830045132848130804476931919624558921806023832701099551167995545421219620809729/494728774085378546270376094074252690162440458853293014596413460304344392324878544977035686392836900613351458875988906938514465749, 1566359744946015027789635843827636433950427386699683038709960443202955064068258576997432256295164090115143815238377649170571490047018262325632717/4862439099712011400340412129584446241044196775696098422266166738326365325882844404727508504753994618690615640706110825684241922574509817781059518, 8076390244422052533430800942607898819774764275177887849552342840852386069037512001778012943134382623536998147225051508885727204648271300126070390189175864806387/41356409089710620188691758947423496816976463467316958440390687671405084590367728999891283864723386462007361117614530037118874364168409623390076855856734760841507, -169142289734818494838229846246834723696068122538054005529848556403392044312326447538562941176881245430404545583275245415606634897223509152434983005591773394116060029365081717456/621421609653529731273007768841519041587455062540307377237946149716835156375133492137817398514679575672221261214029764096293691624683984570493580899522228011880955817657513907145, -716928537823561811377868890736230132333501681801227493772805092273355605961858773716171472958956682330300246464811422623378082576666558396206265617471422751626096185457133843352750644985610261/5095044288389415211806969521039689462456240008614437373401001531937752418298088216378830989122137790172174219165388901340416472000092024456270874099382610492282521052094808049501394530249384981, 16444750828009227993930229119207008393327818962088866043435696216011302401153251582712193583982383269107129200938302932845040884229064229559284325962470659320045845807466975535291282969258232920661237989065467/46980987703558859267964414853213409772730557359113645847595726937116860298296848287369111609744951874812608589562134783997743518999871283849142514911057255158640718417574473039104334070267659715472656926226319, 266275657142518/1446480586868389, -12073921174782356053801286744235/119321205618644913317606427348742, 1121955731852296730615283291579620088571410576410/3947241942367155566460284499508356993212814965819, -8149957637047088221197218617587755576859314763648386260027788356/26471992253687991857288571041650264393642501865859869054297631361, -311418609358637871226788518784675018140297711297900224543997315993169867270860536/641169995517017117738745567137797657495142742759982144281185181441775907952913077, 278205308052350945931959573938487089750865429335954086070840471477702233180171818324162187580469/965166671312525772433011216683225120816552488151365811004562356789085461305782268237761937144062, 11771552793833719539499712049151246799206813038614667208081873800629487742478546777441187779668967140317620407607/41238313410307972603107754512849170467563441527922665018377018749127856100639594798908458930445110825455131838764, 74959759686893681912707623711674607654806997106559113851089525848632057986636156056538161855105421975527714614966270423098289839/494728774085378546270376094074252690162440458853293014596413460304344392324878544977035686392836900613351458875988906938514465749, 791681475550562635184288123658888173216182111961175062558400830223374706925757799309634259490115144766750262951371591461180629977045143025660099/1620813033237337133446804043194815413681398925232032807422055579442121775294281468242502834917998206230205213568703608561413974191503272593686506, -8707202123692856672490414677872965122821156847966714028939879917385235261068812816664118962585185573433892904233691953567404474127065748345135351228613272959105/41356409089710620188691758947423496816976463467316958440390687671405084590367728999891283864723386462007361117614530037118874364168409623390076855856734760841507, -150808432257062029654645877045637933234195268052300351980183355897285200423488272402596571140049772238336207010750837188431763764914928483426692058786156424974372928277681157898/621421609653529731273007768841519041587455062540307377237946149716835156375133492137817398514679575672221261214029764096293691624683984570493580899522228011880955817657513907145, 1734137579541056537750727509066977107653066112036314529922380410466753298480147970909607292981722261577221086539295077887295957068086546403087500742154269200520786212427844722027344619564959752/5095044288389415211806969521039689462456240008614437373401001531937752418298088216378830989122137790172174219165388901340416472000092024456270874099382610492282521052094808049501394530249384981, 11833548405904222532993834670501803569946069691262340914630212661494975629178873221888219214548234783403848981543112287352056580279804784742687225155271578068406385114491103839725356839967111590157193606313708/46980987703558859267964414853213409772730557359113645847595726937116860298296848287369111609744951874812608589562134783997743518999871283849142514911057255158640718417574473039104334070267659715472656926226319, 148503741927376843482464822976913797842164251084729006071980097938516468146375880389000259722166315126207982021293829328242992988707563775934178041450631009413965150707485457803673790513528716337266036366789142422977207158663/397497532417661697813835061484459527486199638283374455600240375847876169718244450426941676981472006794004653162174271752497741152637656350832365190019055186893238693056686658501107008778315562546058533542700576684261713223260] }
(hist.len, cnt): (4602, 8812)
[(0, 1), (0, 1), (0, 1), (0, 1), (0, 1), (0, 1), (0, 1), (0, 1), (0, 1), (0, 1), (0, 1), (0, 1), (0, 1), (0, 1), (0, 1), (0, 1), (0, 1), (0, 1), (0, 1), (0, 1), (0, 1), (0, 1), (0, 1), (0, 1), (0, 1), (0, 1), (0, 1), (0, 1), (0, 1), (0, 1), (0, 1), (0, 1), (0, 1), (0, 1), (0, 1), (0, 1), (0, 1), (0, 1), (0, 1), (0, 1), (0, 1), (0, 1), (0, 1), (0, 1), (0, 1), (0, 1), (0, 1), (0, 1), (0, 1), (0, 1), (0, 1), (0, 1), (0, 1), (0, 1), (0, 1), (0, 1), (0, 1), (0, 1), (0, 1), (0, 1), (0, 1), (0, 1), (0, 1), (0, 1), (0, 1), (0, 1), (0, 1), (0, 1), (0, 1), (0, 1), (0, 1), (0, 1), (0, 1), (0, 1), (0, 1), (0, 1), (0, 1), (1, 2), (0, 1), (1, 2), (0, 1), (0, 1), (1, 2), (0, 1), (1, 2), (0, 1), (0, 1), (1, 2), (1, 2), (0, 1), (1, 2), (0, 1), (1, 2), (0, 1), (1, 2), (0, 1), (0, 1), (1, 2), (0, 1), (1, 2), (1, 2), (0, 1), (1, 2), (0, 1), (1, 2), (0, 1), (1, 2), (0, 1), (1, 2), (0, 1), (1, 2), (1, 2), (0, 1), (0, 1), (1, 2), (0, 1), (1, 2), (0, 1), (1, 2), (0, 1), (1, 2), (0, 1), (1, 2), (0, 1), (1, 2), (0, 1), (1, 2), (0, 1), (1, 2), (0, 1), (1, 2), (0, 1), (1, 2), (0, 1), (1, 2), (0, 1), (1, 2), (0, 1), (1, 2), (1, 2), (0, 1), (1, 2), (0, 1), (1, 2), (0, 1), (1, 2), (0, 1), (1, 2), (0, 1), (1, 2), (0, 1), (1, 2), (0, 1), (1, 2), (0, 1), (1, 2), (0, 1), (1, 2), (0, 1), (0, 1), (0, 1), (1, 2), (0, 1), (1, 2), (0, 1), (1, 2), (0, 1), (1, 2), (0, 1), (1, 2), (0, 1), (1, 2), (0, 1), (1, 2), (0, 1), (1, 2), (0, 1), (1, 2), (1, 2), (0, 1), (1, 2), (0, 1), (1, 2), (0, 1), (2, 3), (2, 3), (1, 2), (0, 1), (2, 3), (1, 2), (0, 1), (1, 2), (2, 3), (1, 2), (0, 1), (1, 2), (0, 1), (2, 3), (1, 2), (0, 1), (2, 3), (1, 2), (0, 1), (2, 3), (1, 2), (0, 1), (1, 2), (2, 3), (1, 2), (0, 1), (2, 3), (1, 2), (0, 1), (2, 3), (1, 2), (0, 1), (2, 3), (1, 2), (0, 1), (2, 3), (1, 2), (0, 1), (1, 2), (2, 3), (1, 2), (1, 2), (0, 1), (2, 3), (1, 2), (0, 1), (2, 3), (1, 2), (0, 1), (2, 3), (1, 2), (0, 1), (1, 2), (0, 1), (2, 3), (1, 2), (2, 3), (1, 2), (0, 1), (2, 3), (1, 2), (0, 1), (2, 3), (1, 2), (0, 1), (2, 3), (1, 2), (0, 1), (2, 3), (1, 2), (0, 1), (1, 2), (0, 1), (1, 2), (0, 1), (1, 2), (2, 3), (1, 2), (0, 1), (2, 3), (1, 2), (2, 3), (1, 2), (0, 1), (2, 3), (1, 2), (0, 1), (2, 3), (1, 2), (0, 1), (2, 3), (1, 2), (0, 1), (2, 3), (1, 2), (0, 1), (2, 3), (1, 2), (2, 3), (1, 2), (0, 1), (2, 3), (1, 2), (0, 1), (2, 3), (1, 2), (2, 3), (1, 2), (0, 1), (2, 3), (1, 2), (0, 1), (1, 2), (0, 1), (1, 2), (0, 1), (1, 2), (2, 3), (1, 2), (0, 1), (1, 2), (2, 3), (1, 2), (0, 1), (1, 2), (0, 1), (2, 3), (1, 2), (0, 1), (2, 3), (1, 2), (0, 1), (1, 2), (2, 3), (1, 2), (0, 1), (1, 2), (0, 1), (2, 3), (1, 2), (0, 1), (2, 3), (1, 2), (0, 1), (1, 2), (2, 3), (1, 2), (0, 1), (2, 3), (1, 2), (0, 1), (2, 3), (1, 2), (2, 3), (1, 2), (2, 3), (1, 2), (0, 1), (2, 3), (1, 2), (2, 3), (1, 2), (0, 1), (3, 4), (2, 3), (1, 2), (0, 1), (3, 4), (2, 3), (1, 2), (0, 1), (2, 3), (3, 4), (2, 3), (1, 2), (0, 1), (2, 3), (1, 2), (0, 1), (2, 3), (3, 4), (2, 3), (1, 2), (3, 4), (2, 3), (1, 2), (2, 3), (3, 4), (2, 3), (1, 2), (0, 1), (3, 4), (2, 3), (1, 2), (3, 4), (2, 3), (1, 2), (0, 1), (3, 4), (2, 3), (1, 2), (0, 1), (1, 2), (0, 1), (2, 3), (1, 2), (0, 1), (2, 3), (1, 2), (0, 1), (3, 4), (2, 3), (1, 2), (0, 1), (1, 2), (2, 3), (3, 4), (2, 3), (1, 2), (0, 1), (2, 3), (3, 4), (2, 3), (1, 2), (0, 1), (2, 3), (3, 4), (2, 3), (1, 2), (0, 1), (2, 3), (3, 4), (2, 3), (1, 2), (0, 1), (2, 3), (3, 4), (2, 3), (1, 2), (0, 1), (2, 3), (1, 2), (2, 3), (1, 2), (3, 4), (2, 3), (1, 2), (0, 1), (1, 2), (3, 4), (2, 3), (1, 2), (0, 1), (1, 2), (3, 4), (2, 3), (1, 2), (0, 1), (1, 2), (3, 4), (2, 3), (1, 2), (0, 1), (2, 3), (3, 4), (2, 3), (1, 2), (0, 1), (3, 4), (2, 3), (1, 2), (0, 1), (3, 4), (2, 3), (1, 2), (0, 1), (3, 4), (2, 3), (1, 2), (0, 1), (1, 2), (3, 4), (2, 3), (1, 2), (0, 1), (1, 2), (2, 3), (1, 2), (2, 3), (3, 4), (2, 3), (1, 2), (0, 1), (1, 2), (0, 1), (3, 4), (2, 3), (1, 2), (0, 1), (3, 4), (2, 3), (1, 2), (0, 1), (1, 2), (3, 4), (2, 3), (1, 2), (0, 1), (2, 3), (1, 2), (3, 4), (2, 3), (1, 2), (0, 1), (2, 3), (1, 2), (3, 4), (2, 3), (1, 2), (0, 1), (2, 3), (3, 4), (2, 3), (1, 2), (0, 1), (2, 3), (3, 4), (2, 3), (1, 2), (2, 3), (1, 2), (0, 1), (3, 4), (2, 3), (1, 2), (0, 1), (2, 3), (3, 4), (2, 3), (1, 2), (0, 1), (4, 5), (3, 4), (2, 3), (1, 2), (4, 5), (3, 4), (2, 3), (1, 2), (0, 1), (2, 3), (4, 5), (3, 4), (2, 3), (1, 2), (0, 1), (1, 2), (2, 3), (1, 2), (4, 5), (3, 4), (2, 3), (4, 5), (3, 4), (2, 3), (1, 2), (3, 4), (2, 3), (3, 4), (4, 5), (3, 4), (2, 3), (1, 2), (2, 3), (1, 2), (3, 4), (4, 5), (3, 4), (2, 3), (1, 2), (0, 1), (3, 4), (2, 3), (1, 2), (0, 1), (1, 2), (2, 3), (1, 2), (4, 5), (3, 4), (2, 3), (1, 2), (0, 1), (4, 5), (3, 4), (2, 3), (1, 2), (0, 1), (2, 3), (3, 4), (2, 3), (1, 2), (0, 1), (3, 4), (4, 5), (3, 4), (2, 3), (1, 2), (0, 1), (2, 3), (1, 2), (4, 5), (3, 4), (2, 3), (1, 2), (0, 1), (1, 2), (0, 1), (2, 3), (1, 2), (4, 5), (3, 4), (2, 3), (1, 2), (0, 1), (2, 3), (4, 5), (3, 4), (2, 3), (1, 2), (3, 4), (4, 5), (3, 4), (2, 3), (1, 2), (0, 1), (1, 2), (4, 5), (3, 4), (2, 3), (1, 2), (0, 1), (4, 5), (3, 4), (2, 3), (1, 2), (0, 1), (4, 5), (3, 4), (2, 3), (1, 2), (0, 1), (3, 4), (4, 5), (3, 4), (2, 3), (1, 2), (0, 1), (3, 4), (2, 3), (3, 4), (2, 3), (4, 5), (3, 4), (2, 3), (1, 2), (0, 1), (3, 4), (2, 3), (1, 2), (0, 1), (1, 2), (2, 3), (4, 5), (3, 4), (2, 3), (1, 2), (0, 1), (3, 4), (2, 3), (1, 2), (4, 5), (3, 4), (2, 3), (1, 2), (0, 1), (1, 2), (3, 4), (2, 3), (1, 2), (3, 4), (4, 5), (3, 4), (2, 3), (1, 2), (0, 1), (1, 2), (3, 4), (2, 3), (1, 2), (0, 1), (2, 3), (4, 5), (3, 4), (2, 3), (1, 2), (0, 1), (4, 5), (3, 4), (2, 3), (1, 2), (0, 1), (4, 5), (3, 4), (2, 3), (1, 2), (0, 1), (2, 3), (3, 4), (2, 3), (1, 2), (0, 1), (1, 2), (4, 5), (3, 4), (2, 3), (1, 2), (0, 1), (4, 5), (3, 4), (2, 3), (1, 2), (0, 1), (3, 4), (4, 5), (3, 4), (2, 3), (4, 5), (3, 4), (2, 3), (1, 2), (0, 1), (1, 2), (2, 3), (1, 2), (2, 3), (3, 4), (2, 3), (1, 2), (3, 4), (2, 3), (1, 2), (0, 1), (4, 5), (3, 4), (2, 3), (1, 2), (0, 1), (4, 5), (3, 4), (2, 3), (1, 2), (3, 4), (5, 6), (4, 5), (3, 4), (2, 3), (1, 2), (0, 1), (2, 3), (1, 2), (0, 1), (3, 4), (2, 3), (1, 2), (0, 1), (5, 6), (4, 5), (3, 4), (2, 3), (1, 2), (0, 1), (3, 4), (5, 6), (4, 5), (3, 4), (2, 3), (1, 2), (0, 1), (2, 3), (3, 4), (2, 3), (4, 5), (3, 4), (2, 3), (5, 6), (4, 5), (3, 4), (2, 3), (1, 2), (0, 1), (3, 4), (2, 3), (3, 4), (5, 6), (4, 5), (3, 4), (2, 3), (1, 2), (0, 1), (5, 6), (4, 5), (3, 4), (2, 3), (1, 2), (2, 3), (5, 6), (4, 5), (3, 4), (2, 3), (4, 5), (5, 6), (4, 5), (3, 4), (2, 3), (1, 2), (3, 4), (5, 6), (4, 5), (3, 4), (2, 3), (1, 2), (0, 1), (4, 5), (3, 4), (2, 3), (1, 2), (5, 6), (4, 5), (3, 4), (2, 3), (1, 2), (3, 4), (5, 6), (4, 5), (3, 4), (2, 3), (3, 4), (5, 6), (4, 5), (3, 4), (2, 3), (1, 2), (3, 4), (2, 3), (1, 2), (4, 5), (3, 4), (5, 6), (4, 5), (3, 4), (2, 3), (1, 2), (0, 1), (2, 3), (3, 4), (5, 6), (4, 5), (3, 4), (2, 3), (1, 2), (0, 1), (2, 3), (3, 4), (4, 5), (3, 4), (2, 3), (1, 2), (0, 1), (2, 3), (1, 2), (0, 1), (1, 2), (4, 5), (5, 6), (4, 5), (3, 4), (2, 3), (1, 2), (0, 1), (3, 4), (4, 5), (3, 4), (2, 3), (1, 2), (0, 1), (5, 6), (4, 5), (3, 4), (2, 3), (1, 2), (0, 1), (2, 3), (3, 4), (2, 3), (1, 2), (0, 1), (3, 4), (4, 5), (3, 4), (2, 3), (4, 5), (5, 6), (4, 5), (3, 4), (2, 3), (1, 2), (0, 1), (1, 2), (4, 5), (3, 4), (4, 5), (5, 6), (4, 5), (3, 4), (2, 3), (1, 2), (3, 4), (2, 3), (4, 5), (3, 4), (5, 6), (4, 5), (3, 4), (2, 3), (1, 2), (0, 1), (3, 4), (2, 3), (3, 4), (4, 5), (3, 4), (5, 6), (4, 5), (3, 4), (2, 3), (1, 2), (4, 5), (5, 6), (4, 5), (3, 4), (2, 3), (1, 2), (0, 1), (4, 5), (3, 4), (2, 3), (1, 2), (2, 3), (1, 2), (0, 1), (4, 5), (5, 6), (4, 5), (3, 4), (2, 3), (4, 5), (3, 4), (2, 3), (4, 5), (5, 6), (4, 5), (3, 4), (2, 3), (1, 2), (0, 1), (4, 5), (3, 4), (2, 3), (1, 2), (0, 1), (2, 3), (5, 6), (4, 5), (3, 4), (2, 3), (1, 2), (0, 1), (1, 2), (3, 4), (2, 3), (1, 2), (4, 5), (3, 4), (2, 3), (4, 5), (5, 6), (4, 5), (3, 4), (2, 3), (5, 6), (4, 5), (3, 4), (6, 7), (5, 6), (4, 5), (3, 4), (2, 3), (1, 2), (2, 3), (4, 5), (5, 6), (6, 7), (5, 6), (4, 5), (3, 4), (2, 3), (3, 4), (2, 3), (4, 5), (3, 4), (2, 3), (1, 2), (3, 4), (5, 6), (4, 5), (3, 4), (2, 3), (1, 2), (3, 4), (4, 5), (3, 4), (2, 3), (1, 2), (3, 4), (6, 7), (5, 6), (4, 5), (3, 4), (2, 3), (1, 2), (3, 4), (2, 3), (5, 6), (6, 7), (5, 6), (4, 5), (3, 4), (2, 3), (5, 6), (4, 5), (6, 7), (5, 6), (4, 5), (3, 4), (2, 3), (3, 4), (4, 5), (3, 4), (2, 3), (1, 2), (0, 1), (5, 6), (4, 5), (3, 4), (2, 3), (1, 2), (2, 3), (3, 4), (2, 3), (6, 7), (5, 6), (4, 5), (3, 4), (2, 3), (1, 2), (0, 1), (3, 4), (4, 5), (3, 4), (2, 3), (4, 5), (5, 6), (4, 5), (3, 4), (2, 3), (4, 5), (3, 4), (5, 6), (4, 5), (3, 4), (2, 3), (5, 6), (4, 5), (5, 6), (6, 7), (5, 6), (4, 5), (3, 4), (2, 3), (1, 2), (0, 1), (1, 2), (3, 4), (4, 5), (3, 4), (5, 6), (4, 5), (3, 4), (2, 3), (1, 2), (0, 1), (2, 3), (3, 4), (2, 3), (4, 5), (3, 4), (2, 3), (1, 2), (3, 4), (2, 3), (5, 6), (4, 5), (6, 7), (5, 6), (4, 5), (3, 4), (2, 3), (1, 2), (0, 1), (3, 4), (4, 5), (3, 4), (2, 3), (1, 2), (0, 1), (1, 2), (0, 1), (6, 7), (5, 6), (4, 5), (3, 4), (2, 3), (1, 2), (0, 1), (4, 5), (5, 6), (4, 5), (3, 4), (6, 7), (5, 6), (4, 5), (3, 4), (2, 3), (1, 2), (0, 1), (2, 3), (3, 4), (2, 3), (1, 2), (0, 1), (3, 4), (2, 3), (6, 7), (5, 6), (4, 5), (3, 4), (2, 3), (1, 2), (0, 1), (2, 3), (5, 6), (4, 5), (3, 4), (2, 3), (1, 2), (5, 6), (4, 5), (3, 4), (2, 3), (6, 7), (5, 6), (4, 5), (3, 4), (2, 3), (1, 2), (0, 1), (1, 2), (4, 5), (5, 6), (6, 7), (5, 6), (4, 5), (3, 4), (2, 3), (1, 2), (0, 1), (2, 3), (1, 2), (0, 1), (3, 4), (2, 3), (5, 6), (6, 7), (5, 6), (4, 5), (3, 4), (2, 3), (1, 2), (0, 1), (2, 3), (3, 4), (5, 6), (6, 7), (5, 6), (4, 5), (3, 4), (2, 3), (1, 2), (0, 1), (2, 3), (1, 2), (3, 4), (4, 5), (3, 4), (2, 3), (1, 2), (3, 4), (2, 3), (6, 7), (5, 6), (4, 5), (3, 4), (2, 3), (1, 2), (0, 1), (1, 2), (4, 5), (3, 4), (5, 6), (4, 5), (3, 4), (2, 3), (1, 2), (0, 1), (2, 3), (1, 2), (2, 3), (4, 5), (6, 7), (5, 6), (4, 5), (3, 4), (2, 3), (1, 2), (0, 1), (2, 3), (4, 5), (6, 7), (5, 6), (4, 5), (3, 4), (2, 3), (1, 2), (2, 3), (3, 4), (4, 5), (5, 6), (4, 5), (3, 4), (2, 3), (6, 7), (5, 6), (4, 5), (3, 4), (2, 3), (1, 2), (0, 1), (3, 4), (2, 3), (1, 2), (5, 6), (4, 5), (3, 4), (2, 3), (6, 7), (5, 6), (4, 5), (3, 4), (2, 3), (1, 2), (0, 1), (4, 5), (5, 6), (4, 5), (3, 4), (2, 3), (1, 2), (0, 1), (5, 6), (4, 5), (3, 4), (2, 3), (6, 7), (5, 6), (4, 5), (3, 4), (2, 3), (1, 2), (5, 6), (6, 7), (5, 6), (4, 5), (3, 4), (2, 3), (1, 2), (0, 1), (4, 5), (3, 4), (2, 3), (1, 2), (3, 4), (2, 3), (6, 7), (5, 6), (4, 5), (3, 4), (2, 3), (1, 2), (0, 1), (1, 2), (0, 1), (3, 4), (4, 5), (6, 7), (5, 6), (4, 5), (3, 4), (7, 8), (6, 7), (5, 6), (4, 5), (5, 6), (7, 8), (6, 7), (5, 6), (4, 5), (3, 4), (2, 3), (1, 2), (3, 4), (5, 6), (4, 5), (3, 4), (2, 3), (1, 2), (0, 1), (6, 7), (5, 6), (4, 5), (3, 4), (2, 3), (3, 4), (6, 7), (5, 6), (4, 5), (7, 8), (6, 7), (5, 6), (4, 5), (3, 4), (2, 3), (1, 2), (0, 1), (2, 3), (1, 2), (3, 4), (5, 6), (4, 5), (3, 4), (2, 3), (3, 4), (6, 7), (5, 6), (4, 5), (3, 4), (2, 3), (1, 2), (0, 1), (3, 4), (7, 8), (6, 7), (5, 6), (4, 5), (3, 4), (2, 3), (1, 2), (0, 1), (1, 2), (0, 1), (6, 7), (5, 6), (4, 5), (3, 4), (2, 3), (5, 6), (7, 8), (6, 7), (5, 6), (4, 5), (3, 4), (2, 3), (1, 2), (0, 1), (5, 6), (4, 5), (3, 4), (2, 3), (1, 2), (0, 1), (5, 6), (6, 7), (5, 6), (7, 8), (6, 7), (5, 6), (4, 5), (3, 4), (2, 3), (1, 2), (5, 6), (4, 5), (3, 4), (7, 8), (6, 7), (5, 6), (4, 5), (3, 4), (2, 3), (1, 2), (0, 1), (3, 4), (2, 3), (4, 5), (3, 4), (2, 3), (6, 7), (5, 6), (4, 5), (6, 7), (7, 8), (6, 7), (5, 6), (4, 5), (3, 4), (2, 3), (1, 2), (0, 1), (2, 3), (1, 2), (3, 4), (2, 3), (1, 2), (4, 5), (3, 4), (2, 3), (5, 6), (4, 5), (3, 4), (2, 3), (1, 2), (0, 1), (2, 3), (3, 4), (2, 3), (1, 2), (5, 6), (6, 7), (5, 6), (4, 5), (3, 4), (2, 3), (7, 8), (6, 7), (5, 6), (4, 5), (3, 4), (2, 3), (1, 2), (0, 1), (4, 5), (3, 4), (2, 3), (4, 5), (5, 6), (4, 5), (3, 4), (6, 7), (5, 6), (4, 5), (3, 4), (2, 3), (1, 2), (0, 1), (1, 2), (5, 6), (7, 8), (6, 7), (5, 6), (4, 5), (3, 4), (2, 3), (1, 2), (0, 1), (3, 4), (5, 6), (6, 7), (5, 6), (4, 5), (3, 4), (2, 3), (1, 2), (0, 1), (3, 4), (4, 5), (3, 4), (2, 3), (4, 5), (6, 7), (5, 6), (4, 5), (3, 4), (2, 3), (1, 2), (2, 3), (4, 5), (3, 4), (7, 8), (6, 7), (5, 6), (4, 5), (3, 4), (2, 3), (1, 2), (2, 3), (4, 5), (6, 7), (7, 8), (6, 7), (5, 6), (4, 5), (3, 4), (2, 3), (1, 2), (0, 1), (5, 6), (4, 5), (3, 4), (2, 3), (1, 2), (6, 7), (5, 6), (4, 5), (3, 4), (2, 3), (1, 2), (6, 7), (5, 6), (4, 5), (3, 4), (7, 8), (6, 7), (5, 6), (4, 5), (3, 4), (2, 3), (1, 2), (0, 1), (1, 2), (2, 3), (1, 2), (4, 5), (3, 4), (2, 3), (1, 2), (0, 1), (5, 6), (4, 5), (5, 6), (6, 7), (5, 6), (4, 5), (3, 4), (2, 3), (1, 2), (6, 7), (5, 6), (7, 8), (6, 7), (5, 6), (4, 5), (3, 4), (2, 3), (1, 2), (0, 1), (2, 3), (6, 7), (5, 6), (4, 5), (3, 4), (4, 5), (5, 6), (7, 8), (6, 7), (5, 6), (4, 5), (3, 4), (2, 3), (1, 2), (0, 1), (1, 2), (5, 6), (7, 8), (6, 7), (5, 6), (4, 5), (3, 4), (2, 3), (1, 2), (3, 4), (5, 6), (6, 7), (5, 6), (4, 5), (3, 4), (2, 3), (1, 2), (0, 1), (3, 4), (4, 5), (6, 7), (7, 8), (6, 7), (5, 6), (4, 5), (3, 4), (2, 3), (1, 2), (4, 5), (3, 4), (5, 6), (6, 7), (5, 6), (4, 5), (3, 4), (2, 3), (1, 2), (0, 1), (5, 6), (6, 7), (7, 8), (6, 7), (5, 6), (4, 5), (3, 4), (2, 3), (1, 2), (0, 1), (1, 2), (3, 4), (2, 3), (4, 5), (6, 7), (5, 6), (4, 5), (3, 4), (2, 3), (5, 6), (7, 8), (6, 7), (5, 6), (4, 5), (3, 4), (2, 3), (1, 2), (0, 1), (1, 2), (0, 1), (3, 4), (4, 5), (3, 4), (2, 3), (1, 2), (0, 1), (6, 7), (5, 6), (4, 5), (3, 4), (2, 3), (1, 2), (3, 4), (6, 7), (7, 8), (6, 7), (5, 6), (4, 5), (3, 4), (2, 3), (1, 2), (0, 1), (2, 3), (4, 5), (3, 4), (2, 3), (6, 7), (7, 8), (6, 7), (5, 6), (4, 5), (3, 4), (8, 9), (7, 8), (6, 7), (5, 6), (4, 5), (3, 4), (2, 3), (1, 2), (0, 1), (3, 4), (7, 8), (6, 7), (5, 6), (4, 5), (3, 4), (2, 3), (1, 2), (6, 7), (5, 6), (8, 9), (7, 8), (6, 7), (5, 6), (4, 5), (3, 4), (2, 3), (1, 2), (0, 1), (3, 4), (2, 3), (7, 8), (8, 9), (7, 8), (6, 7), (5, 6), (4, 5), (6, 7), (5, 6), (4, 5), (5, 6), (7, 8), (6, 7), (5, 6), (4, 5), (3, 4), (2, 3), (1, 2), (0, 1), (1, 2), (8, 9), (7, 8), (6, 7), (5, 6), (4, 5), (3, 4), (2, 3), (1, 2), (0, 1), (1, 2), (0, 1), (3, 4), (5, 6), (4, 5), (3, 4), (2, 3), (1, 2), (0, 1), (1, 2), (5, 6), (6, 7), (5, 6), (4, 5), (3, 4), (2, 3), (7, 8), (6, 7), (5, 6), (4, 5), (3, 4), (2, 3), (1, 2), (0, 1), (1, 2), (3, 4), (5, 6), (4, 5), (3, 4), (2, 3), (1, 2), (0, 1), (2, 3), (4, 5), (5, 6), (4, 5), (6, 7), (5, 6), (4, 5), (3, 4), (2, 3), (8, 9), (7, 8), (6, 7), (5, 6), (4, 5), (3, 4), (2, 3), (1, 2), (0, 1), (1, 2), (4, 5), (3, 4), (2, 3), (6, 7), (5, 6), (4, 5), (3, 4), (2, 3), (7, 8), (6, 7), (5, 6), (4, 5), (3, 4), (2, 3), (1, 2), (0, 1), (2, 3), (6, 7), (5, 6), (4, 5), (3, 4), (2, 3), (6, 7), (5, 6), (8, 9), (7, 8), (6, 7), (5, 6), (4, 5), (3, 4), (2, 3), (1, 2), (0, 1), (1, 2), (0, 1), (7, 8), (6, 7), (5, 6), (4, 5), (3, 4), (2, 3), (1, 2), (0, 1), (4, 5), (3, 4), (5, 6), (4, 5), (3, 4), (2, 3), (1, 2), (2, 3), (3, 4), (4, 5), (3, 4), (6, 7), (7, 8), (6, 7), (5, 6), (4, 5), (3, 4), (2, 3), (1, 2), (2, 3), (4, 5), (3, 4), (2, 3), (7, 8), (6, 7), (5, 6), (4, 5), (5, 6), (8, 9), (7, 8), (6, 7), (5, 6), (4, 5), (3, 4), (2, 3), (1, 2), (0, 1), (5, 6), (6, 7), (5, 6), (4, 5), (3, 4), (2, 3), (8, 9), (7, 8), (6, 7), (5, 6), (4, 5), (3, 4), (2, 3), (1, 2), (0, 1), (3, 4), (5, 6), (6, 7), (5, 6), (8, 9), (7, 8), (6, 7), (5, 6), (4, 5), (3, 4), (2, 3), (1, 2), (0, 1), (5, 6), (4, 5), (3, 4), (2, 3), (1, 2), (0, 1), (8, 9), (7, 8), (6, 7), (5, 6), (4, 5), (3, 4), (2, 3), (1, 2), (4, 5), (3, 4), (2, 3), (4, 5), (5, 6), (4, 5), (6, 7), (5, 6), (4, 5), (3, 4), (5, 6), (4, 5), (6, 7), (5, 6), (4, 5), (7, 8), (6, 7), (5, 6), (4, 5), (3, 4), (2, 3), (1, 2), (0, 1), (6, 7), (7, 8), (6, 7), (5, 6), (4, 5), (3, 4), (2, 3), (1, 2), (3, 4), (7, 8), (8, 9), (7, 8), (6, 7), (5, 6), (4, 5), (3, 4), (2, 3), (1, 2), (2, 3), (4, 5), (5, 6), (8, 9), (7, 8), (6, 7), (5, 6), (4, 5), (3, 4), (2, 3), (6, 7), (5, 6), (7, 8), (6, 7), (5, 6), (6, 7), (8, 9), (7, 8), (6, 7), (5, 6), (4, 5), (3, 4), (2, 3), (1, 2), (0, 1), (1, 2), (3, 4), (4, 5), (5, 6), (4, 5), (5, 6), (6, 7), (7, 8), (6, 7), (8, 9), (7, 8), (6, 7), (5, 6), (4, 5), (3, 4), (2, 3), (1, 2), (0, 1), (2, 3), (1, 2), (5, 6), (4, 5), (3, 4), (2, 3), (1, 2), (0, 1), (6, 7), (5, 6), (4, 5), (3, 4), (2, 3), (8, 9), (7, 8), (6, 7), (5, 6), (4, 5), (3, 4), (2, 3), (1, 2), (5, 6), (4, 5), (3, 4), (7, 8), (6, 7), (5, 6), (4, 5), (3, 4), (2, 3), (1, 2), (5, 6), (4, 5), (9, 10), (8, 9), (7, 8), (6, 7), (5, 6), (4, 5), (3, 4), (2, 3), (1, 2), (0, 1), (7, 8), (9, 10), (8, 9), (7, 8), (6, 7), (5, 6), (4, 5), (3, 4), (2, 3), (1, 2), (0, 1), (4, 5), (5, 6), (9, 10), (8, 9), (7, 8), (6, 7), (5, 6), (4, 5), (3, 4), (2, 3), (1, 2), (0, 1), (2, 3), (1, 2), (3, 4), (2, 3), (1, 2), (0, 1), (3, 4), (4, 5), (3, 4), (2, 3), (1, 2), (0, 1), (4, 5), (6, 7), (7, 8), (8, 9), (7, 8), (6, 7), (5, 6), (4, 5), (3, 4), (2, 3), (1, 2), (0, 1), (2, 3), (1, 2), (3, 4), (2, 3), (9, 10), (8, 9), (7, 8), (6, 7), (5, 6), (4, 5), (3, 4), (2, 3), (5, 6), (4, 5), (3, 4), (2, 3), (1, 2), (7, 8), (6, 7), (5, 6), (4, 5), (3, 4), (2, 3), (1, 2), (2, 3), (3, 4), (9, 10), (8, 9), (7, 8), (6, 7), (5, 6), (4, 5), (3, 4), (2, 3), (1, 2), (0, 1), (3, 4), (2, 3), (6, 7), (8, 9), (9, 10), (8, 9), (7, 8), (6, 7), (5, 6), (4, 5), (3, 4), (4, 5), (3, 4), (2, 3), (6, 7), (5, 6), (4, 5), (3, 4), (4, 5), (8, 9), (7, 8), (8, 9), (9, 10), (8, 9), (7, 8), (6, 7), (5, 6), (4, 5), (3, 4), (2, 3), (1, 2), (0, 1), (3, 4), (2, 3), (1, 2), (4, 5), (3, 4), (7, 8), (6, 7), (5, 6), (4, 5), (8, 9), (7, 8), (6, 7), (5, 6), (4, 5), (3, 4), (2, 3), (5, 6), (9, 10), (8, 9), (7, 8), (6, 7), (5, 6), (4, 5), (3, 4), (2, 3), (1, 2), (0, 1), (3, 4), (2, 3), (3, 4), (6, 7), (5, 6), (4, 5), (5, 6), (6, 7), (7, 8), (6, 7), (5, 6), (4, 5), (3, 4), (2, 3), (1, 2), (2, 3), (8, 9), (7, 8), (6, 7), (5, 6), (4, 5), (3, 4), (2, 3), (1, 2), (0, 1), (3, 4), (2, 3), (5, 6), (4, 5), (3, 4), (2, 3), (7, 8), (9, 10), (8, 9), (7, 8), (6, 7), (5, 6), (4, 5), (3, 4), (2, 3), (1, 2), (5, 6), (7, 8), (8, 9), (9, 10), (8, 9), (7, 8), (6, 7), (5, 6), (4, 5), (3, 4), (2, 3), (1, 2), (0, 1), (2, 3), (6, 7), (5, 6), (4, 5), (3, 4), (6, 7), (7, 8), (6, 7), (5, 6), (6, 7), (8, 9), (7, 8), (6, 7), (5, 6), (4, 5), (3, 4), (2, 3), (3, 4), (4, 5), (3, 4), (4, 5), (5, 6), (4, 5), (3, 4), (7, 8), (6, 7), (5, 6), (9, 10), (8, 9), (7, 8), (6, 7), (5, 6), (4, 5), (3, 4), (2, 3), (1, 2), (0, 1), (1, 2), (5, 6), (7, 8), (6, 7), (5, 6), (4, 5), (7, 8), (8, 9), (7, 8), (6, 7), (5, 6), (4, 5), (3, 4), (2, 3), (1, 2), (0, 1), (3, 4), (2, 3), (1, 2), (4, 5), (7, 8), (6, 7), (9, 10), (8, 9), (7, 8), (6, 7), (5, 6), (4, 5), (3, 4), (2, 3), (1, 2), (0, 1), (5, 6), (4, 5), (3, 4), (4, 5), (5, 6), (6, 7), (5, 6), (4, 5), (7, 8), (6, 7), (5, 6), (7, 8), (6, 7), (9, 10), (8, 9), (7, 8), (6, 7), (5, 6), (4, 5), (3, 4), (2, 3), (1, 2), (0, 1), (1, 2), (2, 3), (1, 2), (5, 6), (6, 7), (5, 6), (4, 5), (3, 4), (2, 3), (5, 6), (6, 7), (5, 6), (8, 9), (9, 10), (8, 9), (7, 8), (6, 7), (5, 6), (4, 5), (3, 4), (2, 3), (8, 9), (7, 8), (6, 7), (5, 6), (4, 5), (3, 4), (2, 3), (1, 2), (3, 4), (4, 5), (7, 8), (9, 10), (8, 9), (7, 8), (6, 7), (5, 6), (4, 5), (3, 4), (5, 6), (4, 5), (6, 7), (5, 6), (4, 5), (7, 8), (6, 7), (5, 6), (4, 5), (3, 4), (2, 3), (1, 2), (0, 1), (2, 3), (1, 2), (2, 3), (3, 4), (2, 3), (4, 5), (3, 4), (7, 8), (6, 7), (5, 6), (4, 5), (3, 4), (7, 8), (9, 10), (8, 9), (7, 8), (6, 7), (5, 6), (4, 5), (3, 4), (2, 3), (1, 2), (0, 1), (1, 2), (8, 9), (7, 8), (8, 9), (7, 8), (9, 10), (8, 9), (7, 8), (6, 7), (5, 6), (4, 5), (3, 4), (2, 3), (1, 2), (0, 1), (4, 5), (7, 8), (8, 9), (9, 10), (8, 9), (7, 8), (6, 7), (5, 6), (4, 5), (3, 4), (2, 3), (4, 5), (5, 6), (6, 7), (8, 9), (7, 8), (10, 11), (9, 10), (8, 9), (7, 8), (6, 7), (5, 6), (4, 5), (3, 4), (2, 3), (1, 2), (6, 7), (5, 6), (4, 5), (7, 8), (6, 7), (5, 6), (4, 5), (3, 4), (2, 3), (1, 2), (0, 1), (7, 8), (6, 7), (9, 10), (8, 9), (7, 8), (8, 9), (10, 11), (9, 10), (8, 9), (7, 8), (6, 7), (5, 6), (4, 5), (3, 4), (2, 3), (1, 2), (0, 1), (3, 4), (2, 3), (1, 2), (5, 6), (4, 5), (3, 4), (7, 8), (8, 9), (7, 8), (6, 7), (5, 6), (4, 5), (3, 4), (2, 3), (1, 2), (0, 1), (2, 3), (1, 2), (0, 1), (6, 7), (5, 6), (7, 8), (9, 10), (8, 9), (7, 8), (6, 7), (5, 6), (4, 5), (3, 4), (9, 10), (8, 9), (7, 8), (6, 7), (5, 6), (4, 5), (3, 4), (2, 3), (1, 2), (0, 1), (3, 4), (2, 3), (4, 5), (6, 7), (8, 9), (7, 8), (9, 10), (8, 9), (7, 8), (6, 7), (5, 6), (4, 5), (3, 4), (2, 3), (6, 7), (10, 11), (9, 10), (8, 9), (7, 8), (6, 7), (5, 6), (4, 5), (3, 4), (2, 3), (1, 2), (2, 3), (3, 4), (6, 7), (5, 6), (7, 8), (6, 7), (5, 6), (8, 9), (9, 10), (8, 9), (7, 8), (6, 7), (5, 6), (4, 5), (3, 4), (2, 3), (1, 2), (0, 1), (4, 5), (3, 4), (6, 7), (5, 6), (4, 5), (9, 10), (8, 9), (7, 8), (6, 7), (5, 6), (4, 5), (3, 4), (2, 3), (6, 7), (5, 6), (4, 5), (6, 7), (7, 8), (6, 7), (8, 9), (7, 8), (6, 7), (5, 6), (4, 5), (3, 4), (2, 3), (1, 2), (9, 10), (8, 9), (7, 8), (6, 7), (5, 6), (4, 5), (3, 4), (4, 5), (9, 10), (8, 9), (7, 8), (6, 7), (5, 6), (4, 5), (3, 4), (2, 3), (1, 2), (0, 1), (8, 9), (7, 8), (6, 7), (5, 6), (4, 5), (3, 4), (6, 7), (7, 8), (6, 7), (5, 6), (4, 5), (3, 4), (6, 7), (7, 8), (9, 10), (8, 9), (7, 8), (6, 7), (7, 8), (10, 11), (9, 10), (8, 9), (7, 8), (6, 7), (5, 6), (4, 5), (3, 4), (2, 3), (4, 5), (6, 7), (7, 8), (6, 7), (5, 6), (4, 5), (3, 4), (2, 3), (1, 2), (6, 7), (7, 8), (6, 7), (8, 9), (7, 8), (6, 7), (5, 6), (4, 5), (3, 4), (9, 10), (10, 11), (9, 10), (8, 9), (7, 8), (6, 7), (5, 6), (4, 5), (3, 4), (2, 3), (3, 4), (2, 3), (6, 7), (5, 6), (6, 7), (8, 9), (7, 8), (6, 7), (5, 6), (4, 5), (9, 10), (8, 9), (7, 8), (6, 7), (5, 6), (4, 5), (3, 4), (2, 3), (1, 2), (0, 1), (1, 2), (2, 3), (4, 5), (3, 4), (4, 5), (9, 10), (8, 9), (10, 11), (9, 10), (8, 9), (7, 8), (6, 7), (5, 6), (4, 5), (3, 4), (2, 3), (1, 2), (0, 1), (2, 3), (5, 6), (8, 9), (7, 8), (6, 7), (5, 6), (9, 10), (8, 9), (10, 11), (9, 10), (8, 9), (7, 8), (6, 7), (5, 6), (4, 5), (3, 4), (2, 3), (1, 2), (3, 4), (2, 3), (5, 6), (6, 7), (5, 6), (6, 7), (7, 8), (6, 7), (5, 6), (4, 5), (3, 4), (2, 3), (1, 2), (0, 1), (8, 9), (7, 8), (6, 7), (5, 6), (4, 5), (3, 4), (2, 3), (1, 2), (0, 1), (1, 2), (6, 7), (10, 11), (9, 10), (8, 9), (7, 8), (6, 7), (5, 6), (4, 5), (3, 4), (2, 3), (4, 5), (3, 4), (2, 3), (1, 2), (0, 1), (7, 8), (6, 7), (5, 6), (4, 5), (3, 4), (2, 3), (1, 2), (5, 6), (8, 9), (7, 8), (6, 7), (5, 6), (4, 5), (3, 4), (2, 3), (1, 2), (0, 1), (1, 2), (8, 9), (7, 8), (6, 7), (5, 6), (4, 5), (3, 4), (5, 6), (6, 7), (5, 6), (6, 7), (8, 9), (7, 8), (9, 10), (8, 9), (7, 8), (6, 7), (5, 6), (4, 5), (3, 4), (2, 3), (6, 7), (5, 6), (4, 5), (6, 7), (7, 8), (6, 7), (5, 6), (7, 8), (6, 7), (5, 6), (4, 5), (8, 9), (7, 8), (6, 7), (5, 6), (4, 5), (3, 4), (2, 3), (1, 2), (10, 11), (9, 10), (8, 9), (7, 8), (6, 7), (5, 6), (4, 5), (3, 4), (2, 3), (5, 6), (4, 5), (3, 4), (7, 8), (8, 9), (7, 8), (6, 7), (9, 10), (8, 9), (7, 8), (6, 7), (5, 6), (4, 5), (5, 6), (11, 12), (10, 11), (9, 10), (8, 9), (7, 8), (6, 7), (5, 6), (4, 5), (3, 4), (2, 3), (1, 2), (4, 5), (3, 4), (5, 6), (4, 5), (7, 8), (6, 7), (5, 6), (7, 8), (9, 10), (8, 9), (7, 8), (6, 7), (7, 8), (10, 11), (9, 10), (8, 9), (7, 8), (6, 7), (5, 6), (4, 5), (3, 4), (2, 3), (1, 2), (0, 1), (1, 2), (5, 6), (4, 5), (3, 4), (2, 3), (3, 4), (4, 5), (3, 4), (5, 6), (4, 5), (6, 7), (5, 6), (8, 9), (7, 8), (9, 10), (8, 9), (7, 8), (6, 7), (9, 10), (11, 12), (10, 11), (9, 10), (8, 9), (7, 8), (6, 7), (5, 6), (4, 5), (3, 4), (2, 3), (1, 2), (10, 11), (9, 10), (8, 9), (7, 8), (6, 7), (5, 6), (4, 5), (3, 4), (2, 3), (1, 2), (0, 1), (1, 2), (9, 10), (8, 9), (9, 10), (8, 9), (10, 11), (9, 10), (8, 9), (11, 12), (10, 11), (9, 10), (8, 9), (7, 8), (6, 7), (5, 6), (4, 5), (3, 4), (2, 3), (1, 2), (6, 7), (5, 6), (8, 9), (7, 8), (9, 10), (8, 9), (7, 8), (6, 7), (8, 9), (10, 11), (11, 12), (10, 11), (9, 10), (8, 9), (7, 8), (6, 7), (5, 6), (4, 5), (3, 4), (2, 3), (1, 2), (2, 3), (4, 5), (5, 6), (4, 5), (3, 4), (2, 3), (3, 4), (7, 8), (6, 7), (11, 12), (10, 11), (9, 10), (8, 9), (7, 8), (6, 7), (5, 6), (7, 8), (6, 7), (5, 6), (4, 5), (3, 4), (2, 3), (9, 10), (10, 11), (11, 12), (10, 11), (9, 10), (8, 9), (7, 8), (6, 7), (5, 6), (4, 5), (3, 4), (2, 3), (1, 2), (0, 1), (3, 4), (6, 7), (9, 10), (8, 9), (7, 8), (6, 7), (8, 9), (9, 10), (8, 9), (7, 8), (10, 11), (9, 10), (8, 9), (7, 8), (6, 7), (5, 6), (4, 5), (3, 4), (2, 3), (3, 4), (4, 5), (3, 4), (2, 3), (1, 2), (6, 7), (5, 6), (4, 5), (5, 6), (4, 5), (7, 8), (8, 9), (7, 8), (6, 7), (5, 6), (4, 5), (3, 4), (2, 3), (1, 2), (9, 10), (8, 9), (7, 8), (6, 7), (5, 6), (4, 5), (3, 4), (2, 3), (1, 2), (3, 4), (5, 6), (8, 9), (7, 8), (10, 11), (9, 10), (8, 9), (11, 12), (10, 11), (9, 10), (8, 9), (7, 8), (6, 7), (5, 6), (4, 5), (3, 4), (2, 3), (1, 2), (0, 1), (5, 6), (4, 5), (3, 4), (2, 3), (1, 2), (6, 7), (5, 6), (4, 5), (7, 8), (6, 7), (5, 6), (4, 5), (3, 4), (4, 5), (6, 7), (11, 12), (10, 11), (9, 10), (8, 9), (7, 8), (6, 7), (5, 6), (4, 5), (3, 4), (2, 3), (1, 2), (0, 1), (5, 6), (4, 5), (8, 9), (7, 8), (6, 7), (5, 6), (4, 5), (3, 4), (2, 3), (9, 10), (8, 9), (7, 8), (6, 7), (5, 6), (4, 5), (3, 4), (2, 3), (1, 2), (5, 6), (6, 7), (10, 11), (9, 10), (8, 9), (7, 8), (6, 7), (5, 6), (4, 5), (3, 4), (2, 3), (1, 2), (0, 1), (3, 4), (4, 5), (5, 6), (10, 11), (9, 10), (8, 9), (7, 8), (8, 9), (11, 12), (10, 11), (9, 10), (8, 9), (7, 8), (6, 7), (5, 6), (4, 5), (3, 4), (2, 3), (4, 5), (3, 4), (4, 5), (6, 7), (5, 6), (4, 5), (3, 4), (2, 3), (1, 2), (0, 1), (1, 2), (2, 3), (6, 7), (7, 8), (9, 10), (10, 11), (9, 10), (8, 9), (7, 8), (6, 7), (5, 6), (4, 5), (3, 4), (2, 3), (1, 2), (0, 1), (2, 3), (5, 6), (8, 9), (9, 10), (8, 9), (7, 8), (10, 11), (9, 10), (8, 9), (10, 11), (9, 10), (11, 12), (10, 11), (9, 10), (8, 9), (7, 8), (6, 7), (5, 6), (4, 5), (3, 4), (2, 3), (1, 2), (0, 1), (2, 3), (5, 6), (7, 8), (6, 7), (5, 6), (4, 5), (6, 7), (7, 8), (10, 11), (11, 12), (10, 11), (9, 10), (8, 9), (7, 8), (6, 7), (5, 6), (4, 5), (3, 4), (2, 3), (1, 2), (2, 3), (4, 5), (3, 4), (2, 3), (1, 2), (4, 5), (5, 6), (4, 5), (6, 7), (5, 6), (4, 5), (3, 4), (9, 10), (8, 9), (7, 8), (6, 7), (5, 6), (4, 5), (3, 4), (2, 3), (1, 2), (2, 3), (1, 2), (3, 4), (5, 6), (4, 5), (5, 6), (7, 8), (6, 7), (9, 10), (11, 12), (10, 11), (9, 10), (8, 9), (7, 8), (6, 7), (5, 6), (4, 5), (3, 4), (2, 3), (3, 4), (6, 7), (10, 11), (9, 10), (8, 9), (7, 8), (6, 7), (5, 6), (4, 5), (3, 4), (2, 3), (1, 2), (0, 1), (1, 2), (4, 5), (3, 4), (6, 7), (7, 8), (10, 11), (9, 10), (11, 12), (10, 11), (9, 10), (8, 9), (7, 8), (6, 7), (5, 6), (4, 5), (3, 4), (2, 3), (1, 2), (0, 1), (2, 3), (1, 2), (3, 4), (5, 6), (4, 5), (3, 4), (2, 3), (1, 2), (6, 7), (5, 6), (4, 5), (3, 4), (5, 6), (7, 8), (8, 9), (9, 10), (8, 9), (7, 8), (6, 7), (5, 6), (4, 5), (6, 7), (5, 6), (7, 8), (8, 9), (9, 10), (10, 11), (9, 10), (8, 9), (10, 11), (9, 10), (11, 12), (10, 11), (9, 10), (8, 9), (7, 8), (6, 7), (5, 6), (4, 5), (3, 4), (2, 3), (5, 6), (4, 5), (5, 6), (7, 8), (8, 9), (7, 8), (6, 7), (5, 6), (4, 5), (3, 4), (2, 3), (1, 2), (0, 1), (2, 3), (1, 2), (6, 7), (5, 6), (9, 10), (12, 13), (11, 12), (10, 11), (9, 10), (8, 9), (7, 8), (6, 7), (5, 6), (4, 5), (6, 7), (8, 9), (7, 8), (12, 13), (11, 12), (10, 11), (9, 10), (8, 9), (7, 8), (6, 7), (5, 6), (4, 5), (3, 4), (2, 3), (1, 2), (0, 1), (4, 5), (3, 4), (2, 3), (4, 5), (5, 6), (4, 5), (3, 4), (2, 3), (1, 2), (8, 9), (9, 10), (8, 9), (7, 8), (6, 7), (5, 6), (4, 5), (3, 4), (2, 3), (5, 6), (4, 5), (5, 6), (7, 8), (8, 9), (10, 11), (9, 10), (8, 9), (7, 8), (6, 7), (5, 6), (4, 5), (3, 4), (4, 5), (8, 9), (7, 8), (6, 7), (8, 9), (9, 10), (11, 12), (12, 13), (11, 12), (10, 11), (9, 10), (8, 9), (7, 8), (6, 7), (7, 8), (9, 10), (10, 11), (9, 10), (8, 9), (7, 8), (6, 7), (5, 6), (4, 5), (3, 4), (2, 3), (1, 2), (6, 7), (5, 6), (4, 5), (7, 8), (6, 7), (5, 6), (4, 5), (8, 9), (10, 11), (11, 12), (10, 11), (9, 10), (8, 9), (7, 8), (6, 7), (5, 6), (4, 5), (8, 9), (12, 13), (11, 12), (10, 11), (9, 10), (8, 9), (7, 8), (6, 7), (5, 6), (4, 5), (5, 6), (6, 7), (7, 8), (6, 7), (8, 9), (9, 10), (8, 9), (10, 11), (9, 10), (8, 9), (7, 8), (6, 7), (5, 6), (4, 5), (3, 4), (2, 3), (1, 2), (0, 1), (1, 2), (0, 1), (6, 7), (9, 10), (12, 13), (11, 12), (10, 11), (9, 10), (8, 9), (7, 8), (6, 7), (5, 6), (4, 5), (3, 4), (2, 3), (1, 2), (0, 1), (2, 3), (1, 2), (4, 5), (6, 7), (7, 8), (6, 7), (5, 6), (4, 5), (6, 7), (7, 8), (8, 9), (7, 8), (6, 7), (5, 6), (4, 5), (3, 4), (2, 3), (9, 10), (8, 9), (7, 8), (6, 7), (5, 6), (4, 5), (3, 4), (6, 7), (7, 8), (6, 7), (9, 10), (8, 9), (7, 8), (6, 7), (5, 6), (4, 5), (3, 4), (2, 3), (1, 2), (2, 3), (3, 4), (2, 3), (4, 5), (9, 10), (12, 13), (11, 12), (10, 11), (9, 10), (8, 9), (7, 8), (6, 7), (5, 6), (4, 5), (3, 4), (2, 3), (3, 4), (7, 8), (6, 7), (7, 8), (8, 9), (7, 8), (8, 9), (10, 11), (9, 10), (8, 9), (7, 8), (11, 12), (10, 11), (9, 10), (8, 9), (7, 8), (6, 7), (5, 6), (4, 5), (3, 4), (2, 3), (1, 2), (0, 1), (5, 6), (4, 5), (9, 10), (10, 11), (9, 10), (8, 9), (7, 8), (6, 7), (5, 6), (11, 12), (10, 11), (9, 10), (8, 9), (7, 8), (6, 7), (5, 6), (4, 5), (3, 4), (2, 3), (4, 5), (3, 4), (4, 5), (8, 9), (7, 8), (6, 7), (5, 6), (4, 5), (3, 4), (2, 3), (1, 2), (2, 3), (4, 5), (6, 7), (5, 6), (4, 5), (3, 4), (2, 3), (4, 5), (3, 4), (12, 13), (11, 12), (10, 11), (9, 10), (8, 9), (7, 8), (6, 7), (5, 6), (4, 5), (6, 7), (5, 6), (7, 8), (6, 7), (5, 6), (4, 5), (3, 4), (2, 3), (1, 2), (0, 1), (3, 4), (2, 3), (3, 4), (2, 3), (5, 6), (10, 11), (9, 10), (8, 9), (7, 8), (6, 7), (5, 6), (4, 5), (3, 4), (2, 3), (4, 5), (3, 4), (4, 5), (5, 6), (4, 5), (8, 9), (7, 8), (6, 7), (5, 6), (7, 8), (8, 9), (7, 8), (12, 13), (11, 12), (10, 11), (9, 10), (8, 9), (7, 8), (6, 7), (5, 6), (4, 5), (3, 4), (2, 3), (1, 2), (0, 1), (1, 2), (2, 3), (1, 2), (0, 1), (4, 5), (7, 8), (11, 12), (10, 11), (9, 10), (8, 9), (7, 8), (6, 7), (5, 6), (4, 5), (3, 4), (2, 3), (1, 2), (0, 1), (1, 2), (6, 7), (5, 6), (4, 5), (7, 8), (6, 7), (10, 11), (9, 10), (8, 9), (7, 8), (6, 7), (7, 8), (11, 12), (10, 11), (9, 10), (8, 9), (7, 8), (6, 7), (5, 6), (4, 5), (3, 4), (4, 5), (5, 6), (4, 5), (6, 7), (5, 6), (4, 5), (9, 10), (8, 9), (7, 8), (6, 7), (5, 6), (8, 9), (7, 8), (10, 11), (9, 10), (8, 9), (7, 8), (6, 7), (5, 6), (4, 5), (3, 4), (2, 3), (1, 2), (0, 1), (3, 4), (4, 5), (3, 4), (5, 6), (6, 7), (7, 8), (8, 9), (9, 10), (11, 12), (10, 11), (9, 10), (8, 9), (7, 8), (6, 7), (5, 6), (4, 5), (3, 4), (2, 3), (1, 2), (0, 1), (1, 2), (3, 4), (4, 5), (3, 4), (5, 6), (4, 5), (3, 4), (2, 3), (1, 2), (0, 1), (2, 3), (1, 2), (3, 4), (2, 3), (1, 2), (6, 7), (5, 6), (4, 5), (7, 8), (10, 11), (11, 12), (10, 11), (9, 10), (8, 9), (7, 8), (6, 7), (5, 6), (4, 5), (3, 4), (2, 3), (4, 5), (3, 4), (4, 5), (5, 6), (12, 13), (11, 12), (10, 11), (9, 10), (8, 9), (7, 8), (6, 7), (5, 6), (4, 5), (3, 4), (4, 5), (7, 8), (6, 7), (7, 8), (10, 11), (11, 12), (10, 11), (9, 10), (8, 9), (7, 8), (6, 7), (5, 6), (4, 5), (3, 4), (2, 3), (1, 2), (0, 1), (6, 7), (5, 6), (4, 5), (6, 7), (5, 6), (7, 8), (6, 7), (8, 9), (7, 8), (6, 7), (8, 9), (7, 8), (6, 7), (5, 6), (4, 5), (3, 4), (4, 5), (8, 9), (10, 11), (9, 10), (8, 9), (7, 8), (6, 7), (9, 10), (12, 13), (11, 12), (10, 11), (9, 10), (8, 9), (7, 8), (6, 7), (5, 6), (4, 5), (3, 4), (2, 3), (1, 2), (0, 1), (8, 9), (7, 8), (6, 7), (5, 6), (4, 5), (3, 4), (4, 5), (6, 7), (5, 6), (7, 8), (8, 9), (7, 8), (6, 7), (5, 6), (4, 5), (6, 7), (9, 10), (8, 9), (7, 8), (6, 7), (5, 6), (4, 5), (6, 7), (7, 8), (6, 7), (5, 6), (6, 7), (7, 8), (10, 11), (11, 12), (10, 11), (9, 10), (8, 9), (7, 8), (6, 7), (5, 6), (4, 5), (3, 4), (2, 3), (1, 2), (3, 4), (2, 3), (4, 5), (3, 4), (6, 7), (7, 8), (6, 7), (5, 6), (10, 11), (9, 10), (12, 13), (11, 12), (10, 11), (9, 10), (8, 9), (7, 8), (6, 7), (5, 6), (4, 5), (3, 4), (2, 3), (1, 2), (2, 3), (3, 4), (4, 5), (9, 10), (8, 9), (7, 8), (11, 12), (10, 11), (9, 10), (8, 9), (7, 8), (6, 7), (5, 6), (4, 5), (3, 4), (2, 3), (1, 2), (4, 5), (3, 4), (2, 3), (6, 7), (7, 8), (6, 7), (12, 13), (11, 12), (10, 11), (9, 10), (8, 9), (7, 8), (6, 7), (5, 6), (4, 5), (6, 7), (5, 6), (9, 10), (8, 9), (12, 13), (11, 12), (13, 14), (12, 13), (11, 12), (10, 11), (9, 10), (8, 9), (7, 8), (6, 7), (5, 6), (4, 5), (3, 4), (2, 3), (4, 5), (6, 7), (5, 6), (4, 5), (3, 4), (2, 3), (1, 2), (6, 7), (7, 8), (10, 11), (9, 10), (10, 11), (11, 12), (10, 11), (9, 10), (8, 9), (7, 8), (6, 7), (5, 6), (4, 5), (3, 4), (2, 3), (1, 2), (0, 1), (3, 4), (5, 6), (7, 8), (8, 9), (7, 8), (6, 7), (5, 6), (4, 5), (3, 4), (4, 5), (6, 7), (12, 13), (11, 12), (10, 11), (9, 10), (8, 9), (7, 8), (6, 7), (5, 6), (9, 10), (11, 12), (12, 13), (11, 12), (10, 11), (9, 10), (8, 9), (7, 8), (6, 7), (5, 6), (4, 5), (6, 7), (5, 6), (4, 5), (3, 4), (2, 3), (8, 9), (9, 10), (13, 14), (12, 13), (11, 12), (10, 11), (9, 10), (8, 9), (7, 8), (6, 7), (5, 6), (4, 5), (3, 4), (2, 3), (1, 2), (0, 1), (1, 2), (2, 3), (1, 2), (3, 4), (4, 5), (3, 4), (5, 6), (4, 5), (3, 4), (2, 3), (1, 2), (4, 5), (6, 7), (5, 6), (4, 5), (3, 4), (2, 3), (4, 5), (3, 4), (5, 6), (4, 5), (3, 4), (4, 5), (7, 8), (8, 9), (7, 8), (6, 7), (5, 6), (7, 8), (9, 10), (8, 9), (7, 8), (13, 14), (12, 13), (11, 12), (10, 11), (9, 10), (8, 9), (7, 8), (6, 7), (5, 6), (4, 5), (3, 4), (2, 3), (3, 4), (2, 3), (1, 2), (7, 8), (6, 7), (5, 6), (7, 8), (8, 9), (7, 8), (6, 7), (5, 6), (4, 5), (3, 4), (2, 3), (3, 4), (2, 3), (8, 9), (13, 14), (12, 13), (11, 12), (10, 11), (9, 10), (8, 9), (7, 8), (6, 7), (5, 6), (4, 5), (3, 4), (2, 3), (1, 2), (3, 4), (2, 3), (3, 4), (6, 7), (8, 9), (7, 8), (6, 7), (5, 6), (4, 5), (6, 7), (7, 8), (8, 9), (9, 10), (8, 9), (11, 12), (13, 14), (12, 13), (11, 12), (10, 11), (9, 10), (8, 9), (7, 8), (6, 7), (5, 6), (4, 5), (3, 4), (2, 3), (4, 5), (7, 8), (6, 7), (8, 9), (7, 8), (6, 7), (5, 6), (7, 8), (11, 12), (10, 11), (9, 10), (8, 9), (7, 8), (6, 7), (8, 9), (7, 8), (6, 7), (5, 6), (4, 5), (9, 10), (11, 12), (12, 13), (11, 12), (10, 11), (9, 10), (8, 9), (7, 8), (6, 7), (5, 6), (4, 5), (3, 4), (2, 3), (1, 2), (0, 1), (4, 5), (3, 4), (2, 3), (1, 2), (5, 6), (4, 5), (6, 7), (5, 6), (4, 5), (7, 8), (6, 7), (5, 6), (8, 9), (9, 10), (8, 9), (7, 8), (6, 7), (8, 9), (10, 11), (11, 12), (10, 11), (9, 10), (8, 9), (7, 8), (6, 7), (5, 6), (4, 5), (3, 4), (2, 3), (3, 4), (2, 3), (1, 2), (6, 7), (7, 8), (10, 11), (9, 10), (8, 9), (12, 13), (11, 12), (10, 11), (11, 12), (13, 14), (12, 13), (11, 12), (10, 11), (9, 10), (8, 9), (7, 8), (6, 7), (5, 6), (4, 5), (3, 4), (2, 3), (1, 2), (4, 5), (3, 4), (5, 6), (4, 5), (8, 9), (9, 10), (8, 9), (7, 8), (6, 7), (5, 6), (7, 8), (11, 12), (10, 11), (13, 14), (12, 13), (11, 12), (10, 11), (9, 10), (8, 9), (7, 8), (6, 7), (5, 6), (4, 5), (3, 4), (2, 3), (1, 2), (2, 3), (1, 2), (3, 4), (5, 6), (4, 5), (6, 7), (5, 6), (4, 5), (5, 6), (8, 9), (9, 10), (11, 12), (10, 11), (9, 10), (8, 9), (7, 8), (8, 9), (9, 10), (10, 11), (9, 10), (8, 9), (7, 8), (6, 7), (5, 6), (4, 5), (3, 4), (2, 3), (1, 2), (0, 1), (11, 12), (10, 11), (9, 10), (8, 9), (7, 8), (6, 7), (5, 6), (4, 5), (3, 4), (12, 13), (11, 12), (10, 11), (9, 10), (8, 9), (7, 8), (6, 7), (5, 6), (4, 5), (3, 4), (2, 3), (4, 5), (6, 7), (5, 6), (6, 7), (9, 10), (8, 9), (7, 8), (6, 7), (5, 6), (4, 5), (3, 4), (9, 10), (10, 11), (9, 10), (10, 11), (11, 12), (10, 11), (9, 10), (13, 14), (12, 13), (11, 12), (10, 11), (9, 10), (8, 9), (7, 8), (6, 7), (5, 6), (7, 8), (6, 7), (9, 10), (8, 9), (10, 11), (9, 10), (8, 9), (7, 8), (6, 7), (5, 6), (6, 7), (10, 11), (11, 12), (10, 11), (9, 10), (8, 9), (7, 8), (6, 7), (5, 6), (4, 5), (3, 4), (2, 3), (4, 5), (3, 4), (2, 3), (1, 2), (6, 7), (5, 6), (6, 7), (10, 11), (12, 13), (11, 12), (10, 11), (9, 10), (8, 9), (7, 8), (6, 7), (5, 6), (4, 5), (3, 4), (2, 3), (1, 2), (0, 1), (4, 5), (3, 4), (2, 3), (1, 2), (7, 8), (6, 7), (7, 8), (8, 9), (7, 8), (6, 7), (8, 9), (7, 8), (9, 10), (8, 9), (7, 8), (9, 10), (10, 11), (9, 10), (8, 9), (9, 10), (11, 12), (10, 11), (9, 10), (8, 9), (7, 8), (6, 7), (5, 6), (4, 5), (3, 4), (2, 3), (1, 2), (2, 3), (3, 4), (4, 5), (3, 4), (2, 3), (1, 2), (3, 4), (11, 12), (10, 11), (12, 13), (13, 14), (12, 13), (11, 12), (10, 11), (9, 10), (8, 9), (7, 8), (6, 7), (5, 6), (4, 5), (3, 4), (2, 3), (1, 2), (3, 4), (6, 7), (7, 8), (6, 7), (5, 6), (4, 5), (3, 4), (8, 9), (7, 8), (6, 7), (5, 6), (4, 5), (3, 4), (10, 11), (9, 10), (8, 9), (7, 8), (9, 10), (8, 9), (7, 8), (9, 10), (11, 12), (10, 11), (9, 10), (8, 9), (7, 8), (9, 10), (8, 9), (7, 8), (10, 11), (12, 13), (11, 12), (10, 11), (9, 10), (8, 9), (7, 8), (6, 7), (5, 6), (4, 5), (6, 7), (8, 9), (7, 8), (6, 7), (8, 9), (7, 8), (13, 14), (12, 13), (11, 12), (10, 11), (9, 10), (8, 9), (7, 8), (9, 10), (10, 11), (9, 10), (11, 12), (12, 13), (11, 12), (10, 11), (9, 10), (8, 9), (7, 8), (6, 7), (5, 6), (4, 5), (3, 4), (2, 3), (1, 2), (0, 1), (2, 3), (3, 4), (2, 3), (5, 6), (4, 5), (3, 4), (4, 5), (5, 6), (6, 7), (5, 6), (4, 5), (3, 4), (2, 3), (1, 2), (2, 3), (3, 4), (2, 3), (4, 5), (3, 4), (6, 7), (5, 6), (6, 7), (7, 8), (6, 7), (5, 6), (4, 5), (3, 4), (2, 3), (4, 5), (6, 7), (8, 9), (7, 8), (6, 7), (5, 6), (4, 5), (5, 6), (9, 10), (8, 9), (10, 11), (9, 10), (8, 9), (7, 8), (6, 7), (7, 8), (8, 9), (7, 8), (10, 11), (11, 12), (10, 11), (9, 10), (8, 9), (7, 8), (13, 14), (12, 13), (11, 12), (10, 11), (9, 10), (8, 9), (7, 8), (6, 7), (5, 6), (4, 5), (3, 4), (2, 3), (1, 2), (0, 1), (1, 2), (2, 3), (3, 4), (7, 8), (6, 7), (5, 6), (4, 5), (3, 4), (7, 8), (6, 7), (5, 6), (6, 7), (7, 8), (6, 7), (9, 10), (10, 11), (9, 10), (8, 9), (11, 12), (10, 11), (9, 10), (8, 9), (7, 8), (11, 12), (13, 14), (12, 13), (11, 12), (10, 11), (9, 10), (8, 9), (7, 8), (6, 7), (5, 6), (4, 5), (5, 6), (7, 8), (6, 7), (7, 8), (8, 9), (7, 8), (6, 7), (5, 6), (9, 10), (8, 9), (10, 11), (11, 12), (10, 11), (9, 10), (8, 9)]
