results/lll/svpchallengedim40seed4dim15delta1.txt: 209.199 sec
b: [[-42061940, -48720839, -48450832, -20136220, 47184883, -315178, 21807340, -21754662, -25472204, 15883128, 1107053, -31960370, 8080638, -21733120, 28095300],
 [-47337567, -25392614, -26916220, -240013, 27112804, -12738874, -22080104, 25110319, 38094307, 63991566, -51359141, -10984379, 43034437, 8363581, 565510],
 [35786281, -14153759, -29835469, -52531748, -17432094, -52600263, 1043951, -24566114, -30450042, 9029821, -7769432, -39551090, -46003671, -38817122, -8597450],
 [14772150, 25321537, 7679548, -52013001, -4997743, 59662817, 33099752, -23048588, -24430037, 71702649, -11457997, 14962016, 22930348, -16282892, 6053526],
 [19581977, 52620023, 50460000, -34586168, 9197257, 11409147, -41138910, 7501707, -16835604, -5535660, 300204, 63977677, 79012407, 734935, 23942819],
 [59263218, 30266159, 1772732, 51545846, 74960954, -15387168, 24234344, 15714759, 17713490, -40377029, 29359243, -13314301, 24536453, 9405108, 31989856],
 [29651702, 643063, -4221557, -95616532, -66567278, 28826738, 35304317, -3696690, 1189970, -8576812, 8191590, 12390258, -40481661, 61165712, -24174089],
 [-58840077, 987886, -18667271, -45503308, 37820785, 15159976, -45052290, 377630, 10753419, -89839931, -24333824, 4520534, -25913820, 19200884, 33179816],
 [35070115, 27468727, 42558926, -39656885, 44841016, 14165447, 6192704, 85941870, -8894134, 25254103, -63164134, 25516943, 30866676, 4354121, -9843143],
 [-18131447, 21650963, -26068662, -50171230, 44936758, -29459400, 74304639, 48142618, 23932716, -1124768, -12463540, 5745502, -16467109, -23739987, 36235077],
 [45209794, -7717170, -35589029, -13697224, 22104959, 84670734, 38272117, 16701536, 76555294, 24441080, 51265230, 16504850, 23963405, 657810, -27905596],
 [-29334270, -3934623, 44620559, -62435106, -17327485, 102981196, -11734726, 49096767, 14542821, -8118878, 16438520, -29366564, 2893902, -19857179, 15082191],
 [4354630, 48051496, -31762866, 40302463, 31416978, 45013182, -40865374, -13677711, -92688662, 40760176, -10474079, 33879932, 17442994, 11405479, 49645566],
 [32215783, -76851597, -13391099, 13240445, 36656407, 26431804, -17931750, -45666838, 38542101, 69201849, 4190207, 23065233, 2898590, -38476865, 44053120],
 [108224350, 43532739, -12856786, -161034150, -112148581, 79834304, 64479959, 11851698, -11688846, 30079052, -77788499, 93398484, -32761399, -31903379, 1754290]], shape=[15, 15], strides=[15, 1], layout=Cc (0x5), const ndim=2
v_norms: [13321984190388515, 36587396883953393808073370952235/2664396838077703, 457995348189389884581121716308780015499098304829/36587396883953393808073370952235, 35488280560685371376668966039974645876208005865929964376060621924/2289976740946949422905608581543900077495491524145, 448748598570942501539452781857939033179382752515655089927736143056096026419322979/35488280560685371376668966039974645876208005865929964376060621924, 6079365883305042673759335017713396395760006868394976669925646565792972360374274692225231432095510/448748598570942501539452781857939033179382752515655089927736143056096026419322979, 14435482360766478775383316538670551166087152599123814764306962696772065636696031301979161500415881107526301695163/1215873176661008534751867003542679279152001373678995333985129313158594472074854938445046286419102, 138229739942304766737177721276131583025378162823500429870661625261584205778466026816168016730376447519460341646755984540207304900/14435482360766478775383316538670551166087152599123814764306962696772065636696031301979161500415881107526301695163, 325971679106975784286984542617089252237913773943422635950145847091066465460729925386447384511999717843494811879243883340233607815199721291939582/34557434985576191684294430319032895756344540705875107467665406315396051444616506704042004182594111879865085411688996135051826225, 2942327340232843965672960083437758675321548642931843694981262413648782375379294086497548277872675220329960162047643936104973977190748108943630214332680802592659/325971679106975784286984542617089252237913773943422635950145847091066465460729925386447384511999717843494811879243883340233607815199721291939582, 156433514990796297618980356244215472338980475736900962275133553268578767719699337934669197449254474021263272325459822388222629721156204501736841236015713055024118917287053277767/14711636701164219828364800417188793376607743214659218474906312068243911876896470432487741389363376101649800810238219680524869885953740544718151071663404012963295, 2905938473120833889727851168097938062279943963941600096759022138017797017762664957104609248080103149706260409689396293266342382881047290221179474162313179898916390079876653185711270601452966221/312867029981592595237960712488430944677960951473801924550267106537157535439398675869338394898508948042526544650919644776445259442312409003473682472031426110048237834574106555534, 16608488530014085809425994272324574944761307733211169957431685573318275530511214061369001148378228101760294275599362961424165286900198038569056961019200597758166571496092366638500318716250828023231798815687915/1937292315413889259818567445398625374853295975961066731172681425345198011841776638069739498720068766470840273126264195510894921920698193480786316108208786599277593386584435457140847067635310814, 55416894363943490204087110791701391599922061359534351706045490012570403401031260750176690962542114243502446149838624809302847111256752436613496451201752745515559086483852359627311730717377815578364018341690974900845012953843/5536162843338028603141998090774858314920435911070389985810561857772758510170404687123000382792742700586764758533120987141388428966732679523018987006400199252722190498697455546166772905416942674410599605229305, 4276004080986662250556170150571682084661652708811008860820343595371977250993691951408982529005301818073582930400216010607001999500303394702071829521757444159996645323454281158344057771824138679224276609066488857242630567308043703839472400369/498752049275491411836783997125312524399298552235809165354409410113133630609281346751590218662879028191522015348547623283725624001310771929521468060815774709640031778354671236645805576456400340205276165075218774107605116584587], shape=[15], strides=[1], layout=CFcf (0xf), const ndim=1
Mu { arr: [1062975039985131/2664396838077703, 3843775174257651/13321984190388515, -12130626377552763978587808022009/36587396883953393808073370952235, 353672193004981/2664396838077703, 1302250992567215846178954148486/36587396883953393808073370952235, 10560534548096392050830233627365675644915394098/457995348189389884581121716308780015499098304829, -6174016252940162/13321984190388515, 4681554641650461363336740134347/36587396883953393808073370952235, -157167371276149800109202697207409911014992272471/457995348189389884581121716308780015499098304829, 15290735497091144757013093470944131528352192917904473085259044481/35488280560685371376668966039974645876208005865929964376060621924, -1104507036652246/13321984190388515, -8588384374457688402187103373902/36587396883953393808073370952235, -184794210954328673741464390949131073327361460497/457995348189389884581121716308780015499098304829, -10902316875926043104284087800021032855820357086052915323411749579/35488280560685371376668966039974645876208005865929964376060621924, 96067743019815900608852834349279848296655414494648293479414799343429610121331951/448748598570942501539452781857939033179382752515655089927736143056096026419322979, -867494131025083/2664396838077703, -13060513044639829121653971798968/36587396883953393808073370952235, 169304948526733825103310320935377135566842741721/457995348189389884581121716308780015499098304829, 3848290532520969893541198921515408819216528710569216288062784062/8872070140171342844167241509993661469052001466482491094015155481, -129747528127290267068207416245546153927443773476693631992485700542309588484767072/448748598570942501539452781857939033179382752515655089927736143056096026419322979, -479197986632844508530436432060799678835162074659553577364723664551873096853611428020016952056505/1215873176661008534751867003542679279152001373678995333985129313158594472074854938445046286419102, 3469844382427689/13321984190388515, -3594829049546357864134983871157/36587396883953393808073370952235, -113446825371270324706721391715376682834426817457/457995348189389884581121716308780015499098304829, -3898865213201727222988805487204810406897538294097974848653522586/8872070140171342844167241509993661469052001466482491094015155481, 174562528217831723514731066862350225614901997128038319983827548497789607726424272/448748598570942501539452781857939033179382752515655089927736143056096026419322979, -228666229640730594323147463459087125386319490909290621193516776949965059184571804184799655421671/607936588330504267375933501771339639576000686839497666992564656579297236037427469222523143209551, 6367157313755593036841129968249040474954608031897783476921010728626685660750797851118184229717842736475404392524/14435482360766478775383316538670551166087152599123814764306962696772065636696031301979161500415881107526301695163, -4079670479177427/13321984190388515, 18093250839035609107731509224763/36587396883953393808073370952235, -1728218887513387442609043449827566014153168958/457995348189389884581121716308780015499098304829, 14793513802828346515803802920980817064630708739063731754228346685/35488280560685371376668966039974645876208005865929964376060621924, 173389368634560662468131165885221659940020710949261322138376707121991533320752127/448748598570942501539452781857939033179382752515655089927736143056096026419322979, 218649337248050878515453498294693250399087325815247943594338613632970732052459587238798729588237/607936588330504267375933501771339639576000686839497666992564656579297236037427469222523143209551, 2996496188126711464395464924439419002100960796693742635256274316232291336135031982216328716768613090941394561548/14435482360766478775383316538670551166087152599123814764306962696772065636696031301979161500415881107526301695163, 16492190470164732540423900759000074126774297914670694069924049091538671041287910593137607873181609369960346971459788493736902097/69114869971152383368588860638065791512689081411750214935330812630792102889233013408084008365188223759730170823377992270103652450, 1051956675896507/2664396838077703, 1640465762219871480964850673748/36587396883953393808073370952235, 47707630876345793387078525626844721508582785449/457995348189389884581121716308780015499098304829, 629158667012923496705154551446757278286856114543583814628128048/8872070140171342844167241509993661469052001466482491094015155481, 15420158969766194237245257940169555484312508857110422912244824434775959694137904/448748598570942501539452781857939033179382752515655089927736143056096026419322979, 470072218970755189268592977430515067782774629312096055482789036283723031107913284584833939553465/1215873176661008534751867003542679279152001373678995333985129313158594472074854938445046286419102, 5468494061661954281544726701596084951683229950043448102519122833245492587071830529453617396159193088049405055255/14435482360766478775383316538670551166087152599123814764306962696772065636696031301979161500415881107526301695163, 7111636595447690072490151275763138235912164744496499024207469003265602615357385102757546141032200200610279120222632802631493179/23038289990384127789529620212688597170896360470583404978443604210264034296411004469361336121729407919910056941125997423367884150, 135503684937366205004983964282915500680129022913100166471837450688022889085499596619057967479026538667949276720825007912917506167996957369406197/325971679106975784286984542617089252237913773943422635950145847091066465460729925386447384511999717843494811879243883340233607815199721291939582, -135027543927577/2664396838077703, 2846976134045601090231968507244/36587396883953393808073370952235, -190304138433242047231069862452006090803242157738/457995348189389884581121716308780015499098304829, 7806293465096324599860737350448589728224039107869107162976331423/17744140280342685688334483019987322938104002932964982188030310962, -192413492419949727421049871890095587203168883034663639782977428811261457891101590/448748598570942501539452781857939033179382752515655089927736143056096026419322979, 2660234164281574347926945638692235705683984428792790374547797759824141798727757206447010737219169/6079365883305042673759335017713396395760006868394976669925646565792972360374274692225231432095510, 6323498538508122430739708805910445216927785640795209948665313366313120571053646121269096783348544350903959837743/14435482360766478775383316538670551166087152599123814764306962696772065636696031301979161500415881107526301695163, -7395724527080086097106877873622143177246596626946664820596706185316488553764050552634437879794206170611910808097156783443902827/69114869971152383368588860638065791512689081411750214935330812630792102889233013408084008365188223759730170823377992270103652450, -71444174773671881127533500547942468752031052188992532488227370120063905323795368861094800208905603996755204083879261989296060161317497824664337/325971679106975784286984542617089252237913773943422635950145847091066465460729925386447384511999717843494811879243883340233607815199721291939582, -2903653965309455204670449085322366897011029919233794015809070281717496705065833070339142639410139131837654763735706817709977987822207455044445290658693546297/2942327340232843965672960083437758675321548642931843694981262413648782375379294086497548277872675220329960162047643936104973977190748108943630214332680802592659, -63425167727876/2664396838077703, -1015021459416297664287498372931/36587396883953393808073370952235, -160540476547801766467136115599263432352039349393/457995348189389884581121716308780015499098304829, 15664632510946678183135271338545564372272972839389194108284187001/35488280560685371376668966039974645876208005865929964376060621924, -19654177747879471338057150879676408378156556917677860738655107566270992588398349/448748598570942501539452781857939033179382752515655089927736143056096026419322979, -1174234357301604579745768060618088605229086709210569594625887855345525946877718214791296651949672/3039682941652521336879667508856698197880003434197488334962823282896486180187137346112615716047755, 3392051820877282921427773453684129290004578325538247406145971668217004219641737119803806028276797529619231874888/14435482360766478775383316538670551166087152599123814764306962696772065636696031301979161500415881107526301695163, 65844369525850246823165595514902660070387129004469301308441635117033843501453058679101329236563699888644388863983386869929300403/138229739942304766737177721276131583025378162823500429870661625261584205778466026816168016730376447519460341646755984540207304900, 238515266960930277624002641934674400177341729247483435494750332944515559618284063791934602601696060723478147249275504000326645904846201972847593/651943358213951568573969085234178504475827547886845271900291694182132930921459850772894769023999435686989623758487766680467215630399442583879164, -150764535510619025746373870787970336271361629841341906433342533791304268121261767019286136263114918342908253757387377125788508821174739278677963556375021671793/1961551560155229310448640055625172450214365761954562463320841609099188250252862724331698851915116813553306774698429290736649318127165405962420142888453868395106, 142474910262624391553378840888907747308996871282229190129861540336665742522321209793165078629144722392371973558325214970124266422457518415223985122310839832663604129404363274181/312867029981592595237960712488430944677960951473801924550267106537157535439398675869338394898508948042526544650919644776445259442312409003473682472031426110048237834574106555534, 2279586801561049/13321984190388515, -285587885751935046496477914539/7317479376790678761614674190447, -178963049593735285614294261824242395335924769346/457995348189389884581121716308780015499098304829, 15091152338857692058883031907604339898415481414781663396809606189/35488280560685371376668966039974645876208005865929964376060621924, 166073979485220107853919558572089802112694242366073139553634802170882730282772575/448748598570942501539452781857939033179382752515655089927736143056096026419322979, 619345191241677434548027518132967100261990865954183016675544818407603686258664617851558365266519/6079365883305042673759335017713396395760006868394976669925646565792972360374274692225231432095510, -6909010656542827042647799614673921501079670589150718567074591715666603543510839574924043410385832042498232072797/14435482360766478775383316538670551166087152599123814764306962696772065636696031301979161500415881107526301695163, 8004707157872367246310387187713633967169213095720145849534075284389003819308290157180290704827737134153017485058816987122000651/46076579980768255579059240425377194341792720941166809956887208420528068592822008938722672243458815839820113882251994846735768300, -48709620426905243667935405214660995566148177789201419957541193927638545387094959778905687761049860812626720910154647187690272323688935378989807/651943358213951568573969085234178504475827547886845271900291694182132930921459850772894769023999435686989623758487766680467215630399442583879164, -2696462210199008502016785087112948961120899090792126593481422384622957281912788862041679438664318798458806466149048162776673276811853401019342040448816550727863/5884654680465687931345920166875517350643097285863687389962524827297564750758588172995096555745350440659920324095287872209947954381496217887260428665361605185318, -140722572760092515748200936873550831657981514813412700792464843642951283480860930216994451559010508376004213495443351144873153143296748894789479039355062237947440395638529834661/312867029981592595237960712488430944677960951473801924550267106537157535439398675869338394898508948042526544650919644776445259442312409003473682472031426110048237834574106555534, -397306114845532145139440638412957302544126698077166629332774265753401735051844193005110259714212711196746779566967236129482403745591391136106083231901275016462445865988701124839745413061866692/968646157706944629909283722699312687426647987980533365586340712672599005920888319034869749360034383235420136563132097755447460960349096740393158054104393299638796693292217728570423533817655407, 1315463821129481/2664396838077703, 8850797835799246409143550813687/36587396883953393808073370952235, -10610761387690130566575451094049748269310463264/457995348189389884581121716308780015499098304829, 8893574403828275054521722943189304934293021433561246089227379103/35488280560685371376668966039974645876208005865929964376060621924, -34145283181476514016941643569267277837488248024043980832510439519678613118143015/448748598570942501539452781857939033179382752515655089927736143056096026419322979, 128385133859003076841306049575860469246863750175337985559537586608077991027733790155721409220397/607936588330504267375933501771339639576000686839497666992564656579297236037427469222523143209551, -4389392114558140875450581694782747473108222569699828825733632837455662967001736088221183900300222531110421148540/14435482360766478775383316538670551166087152599123814764306962696772065636696031301979161500415881107526301695163, -4642549118204679575798818658589155502635981286883758159219142135317685402582370287412040612178704033762887371617123490243364701/27645947988460953347435544255226316605075632564700085974132325052316841155693205363233603346075289503892068329351196908041460980, -252231729752581286147995021396690480356749833323957592779023539540332248694949693414068467715311974582840348139940419765624171847353860376470705/651943358213951568573969085234178504475827547886845271900291694182132930921459850772894769023999435686989623758487766680467215630399442583879164, -1644049768604105232733806928636596047709649685161571681593847626774136530137581734284161786227095427693381615213098355708236619030315509344665919655037005049133/5884654680465687931345920166875517350643097285863687389962524827297564750758588172995096555745350440659920324095287872209947954381496217887260428665361605185318, 152548808084043897502411469637694332199674148800358825327360003032050220993860156675779536534849178042551463862198680920636900757401540995341625304975495411046018951770926647765/312867029981592595237960712488430944677960951473801924550267106537157535439398675869338394898508948042526544650919644776445259442312409003473682472031426110048237834574106555534, -404906453552984726899251309573367495054253885524320254314250813591645243602112035487653288574181397658571302511303607319927773257225329111936375676271912032906325661109427211918559123168095149/2905938473120833889727851168097938062279943963941600096759022138017797017762664957104609248080103149706260409689396293266342382881047290221179474162313179898916390079876653185711270601452966221, -1708243148469549076433339334107292726769668475769535647584733785525899174908819116576135997766546105805482367333022081735674936717407832287963409513800337325681263339531989906789086299804893326457149939071448/16608488530014085809425994272324574944761307733211169957431685573318275530511214061369001148378228101760294275599362961424165286900198038569056961019200597758166571496092366638500318716250828023231798815687915, -8793871350246589/13321984190388515, -12645641904709565469182828923888/36587396883953393808073370952235, 397473519326057869877868277165732568435519708482/457995348189389884581121716308780015499098304829, 13601620003781474219043477615088338657953351906807888264157446456/8872070140171342844167241509993661469052001466482491094015155481, 2903062343235453776064225017712482788855980867065060218722213106706572659128184/448748598570942501539452781857939033179382752515655089927736143056096026419322979, -2088328218534588073253356113132367672339111202552641896443751303191075850339918550722358833560559/6079365883305042673759335017713396395760006868394976669925646565792972360374274692225231432095510, 11647682424058768094381434008841808829358802769884367447732847731349417825414455858394324027400478998150733878523/14435482360766478775383316538670551166087152599123814764306962696772065636696031301979161500415881107526301695163, 19444036120148851175819919522274362117784772908886163311784423069722910974590493523065219450358008860225844499312300831919306091/46076579980768255579059240425377194341792720941166809956887208420528068592822008938722672243458815839820113882251994846735768300, 264257016146206916349576978836198352620052697340369000069881337972710502354986695579259550061517993203349944480436566909080570816953136971619013/651943358213951568573969085234178504475827547886845271900291694182132930921459850772894769023999435686989623758487766680467215630399442583879164, 2684000558543700355370422635571664025702238829309888215744007181809739799496845911879484145856367752526981350077366249013123507713204740358198070940864596274381/5884654680465687931345920166875517350643097285863687389962524827297564750758588172995096555745350440659920324095287872209947954381496217887260428665361605185318, 112996344514822841869333917505404938346802318651446906284674107371904177097681648937731531057740187025129669629876841196437573502201370591129482762563328760835220487264343660731/312867029981592595237960712488430944677960951473801924550267106537157535439398675869338394898508948042526544650919644776445259442312409003473682472031426110048237834574106555534, -1116127043851627732646810986779612065664349191598402574059129875583603331984724822463886205096741194551340807657724963520211675725704302944617338950229950932316870876407552906085928146891324298/2905938473120833889727851168097938062279943963941600096759022138017797017762664957104609248080103149706260409689396293266342382881047290221179474162313179898916390079876653185711270601452966221, 2749427340138363470388531823998267908290316141769026088136470238176013339120587380226054469553823018201892765202994806398123433805954901173274418696724512458195404011965800625774834678640137255524174919922761/16608488530014085809425994272324574944761307733211169957431685573318275530511214061369001148378228101760294275599362961424165286900198038569056961019200597758166571496092366638500318716250828023231798815687915, 65199789359420198227486753239583331265660300881335963298298804766187498244662128730722967717644435467825907428634937714558461572637494442319132880195537132132320097716832008598819934316062285402460920823969452787841087523447/166250683091830470612261332375104174799766184078603055118136470037711210203093782250530072887626342730507338449515874427908541333770257309840489353605258236546677259451557078881935192152133446735092055025072924702535038861529] }
(hist.len, cnt): (4794, 9194)
[(0, 1), (0, 1), (0, 1), (0, 1), (0, 1), (0, 1), (0, 1), (0, 1), (0, 1), (0, 1), (0, 1), (0, 1), (0, 1), (0, 1), (0, 1), (0, 1), (0, 1), (0, 1), (0, 1), (0, 1), (0, 1), (0, 1), (0, 1), (0, 1), (0, 1), (0, 1), (0, 1), (0, 1), (0, 1), (0, 1), (0, 1), (0, 1), (0, 1), (0, 1), (0, 1), (0, 1), (0, 1), (0, 1), (0, 1), (0, 1), (0, 1), (0, 1), (0, 1), (0, 1), (0, 1), (0, 1), (0, 1), (0, 1), (0, 1), (0, 1), (0, 1), (0, 1), (0, 1), (0, 1), (0, 1), (0, 1), (0, 1), (0, 1), (0, 1), (0, 1), (0, 1), (0, 1), (0, 1), (0, 1), (0, 1), (0, 1), (0, 1), (0, 1), (0, 1), (0, 1), (0, 1), (0, 1), (0, 1), (0, 1), (0, 1), (0, 1), (0, 1), (0, 1), (0, 1), (0, 1), (1, 2), (1, 2), (0, 1), (1, 2), (0, 1), (1, 2), (1, 2), (0, 1), (1, 2), (0, 1), (1, 2), (0, 1), (0, 1), (1, 2), (0, 1), (1, 2), (0, 1), (1, 2), (0, 1), (1, 2), (0, 1), (1, 2), (0, 1), (1, 2), (0, 1), (1, 2), (0, 1), (1, 2), (0, 1), (1, 2), (0, 1), (0, 1), (1, 2), (1, 2), (0, 1), (1, 2), (0, 1), (1, 2), (0, 1), (1, 2), (0, 1), (1, 2), (0, 1), (0, 1), (1, 2), (0, 1), (0, 1), (1, 2), (0, 1), (1, 2), (0, 1), (1, 2), (0, 1), (1, 2), (0, 1), (1, 2), (0, 1), (0, 1), (1, 2), (0, 1), (0, 1), (1, 2), (0, 1), (0, 1), (1, 2), (0, 1), (0, 1), (1, 2), (0, 1), (1, 2), (0, 1), (1, 2), (0, 1), (0, 1), (1, 2), (0, 1), (1, 2), (1, 2), (0, 1), (1, 2), (0, 1), (1, 2), (0, 1), (1, 2), (1, 2), (0, 1), (1, 2), (0, 1), (1, 2), (0, 1), (1, 2), (0, 1), (1, 2), (0, 1), (1, 2), (1, 2), (0, 1), (1, 2), (0, 1), (1, 2), (0, 1), (0, 1), (1, 2), (0, 1), (1, 2), (0, 1), (1, 2), (0, 1), (1, 2), (2, 3), (1, 2), (0, 1), (2, 3), (1, 2), (2, 3), (1, 2), (0, 1), (1, 2), (2, 3), (1, 2), (0, 1), (1, 2), (0, 1), (1, 2), (2, 3), (1, 2), (0, 1), (1, 2), (2, 3), (1, 2), (0, 1), (2, 3), (1, 2), (2, 3), (1, 2), (0, 1), (1, 2), (2, 3), (1, 2), (0, 1), (1, 2), (0, 1), (1, 2), (2, 3), (1, 2), (0, 1), (1, 2), (2, 3), (1, 2), (0, 1), (2, 3), (1, 2), (0, 1), (1, 2), (2, 3), (1, 2), (0, 1), (1, 2), (2, 3), (1, 2), (0, 1), (2, 3), (1, 2), (1, 2), (0, 1), (2, 3), (1, 2), (0, 1), (0, 1), (1, 2), (0, 1), (2, 3), (1, 2), (2, 3), (1, 2), (0, 1), (2, 3), (1, 2), (0, 1), (1, 2), (0, 1), (2, 3), (1, 2), (0, 1), (2, 3), (1, 2), (0, 1), (2, 3), (1, 2), (0, 1), (0, 1), (1, 2), (0, 1), (2, 3), (1, 2), (0, 1), (2, 3), (1, 2), (0, 1), (2, 3), (1, 2), (0, 1), (2, 3), (1, 2), (0, 1), (1, 2), (0, 1), (1, 2), (0, 1), (1, 2), (2, 3), (1, 2), (0, 1), (2, 3), (1, 2), (0, 1), (2, 3), (1, 2), (0, 1), (1, 2), (2, 3), (1, 2), (0, 1), (2, 3), (1, 2), (0, 1), (2, 3), (1, 2), (0, 1), (2, 3), (1, 2), (0, 1), (2, 3), (1, 2), (0, 1), (1, 2), (2, 3), (1, 2), (0, 1), (2, 3), (1, 2), (2, 3), (1, 2), (0, 1), (2, 3), (1, 2), (0, 1), (1, 2), (0, 1), (1, 2), (2, 3), (1, 2), (3, 4), (2, 3), (1, 2), (0, 1), (2, 3), (1, 2), (0, 1), (2, 3), (3, 4), (2, 3), (1, 2), (0, 1), (3, 4), (2, 3), (1, 2), (0, 1), (2, 3), (1, 2), (0, 1), (1, 2), (0, 1), (3, 4), (2, 3), (1, 2), (0, 1), (2, 3), (1, 2), (3, 4), (2, 3), (1, 2), (0, 1), (3, 4), (2, 3), (1, 2), (0, 1), (3, 4), (2, 3), (1, 2), (0, 1), (1, 2), (0, 1), (3, 4), (2, 3), (1, 2), (0, 1), (3, 4), (2, 3), (1, 2), (0, 1), (3, 4), (2, 3), (1, 2), (0, 1), (1, 2), (3, 4), (2, 3), (1, 2), (0, 1), (2, 3), (1, 2), (0, 1), (2, 3), (1, 2), (3, 4), (2, 3), (1, 2), (0, 1), (2, 3), (1, 2), (0, 1), (3, 4), (2, 3), (1, 2), (0, 1), (1, 2), (2, 3), (3, 4), (2, 3), (1, 2), (0, 1), (2, 3), (1, 2), (0, 1), (2, 3), (3, 4), (2, 3), (1, 2), (3, 4), (2, 3), (1, 2), (0, 1), (2, 3), (1, 2), (0, 1), (1, 2), (2, 3), (1, 2), (0, 1), (3, 4), (2, 3), (1, 2), (0, 1), (2, 3), (1, 2), (3, 4), (2, 3), (1, 2), (0, 1), (2, 3), (3, 4), (2, 3), (1, 2), (0, 1), (2, 3), (1, 2), (3, 4), (2, 3), (1, 2), (0, 1), (1, 2), (3, 4), (2, 3), (1, 2), (0, 1), (2, 3), (1, 2), (2, 3), (1, 2), (3, 4), (2, 3), (1, 2), (0, 1), (2, 3), (3, 4), (2, 3), (1, 2), (0, 1), (1, 2), (3, 4), (2, 3), (1, 2), (0, 1), (2, 3), (1, 2), (3, 4), (2, 3), (1, 2), (0, 1), (3, 4), (2, 3), (1, 2), (0, 1), (3, 4), (2, 3), (1, 2), (0, 1), (2, 3), (3, 4), (2, 3), (1, 2), (3, 4), (2, 3), (1, 2), (0, 1), (2, 3), (1, 2), (4, 5), (3, 4), (2, 3), (1, 2), (3, 4), (2, 3), (4, 5), (3, 4), (2, 3), (1, 2), (0, 1), (3, 4), (2, 3), (1, 2), (4, 5), (3, 4), (2, 3), (1, 2), (0, 1), (1, 2), (4, 5), (3, 4), (2, 3), (1, 2), (0, 1), (2, 3), (1, 2), (2, 3), (3, 4), (2, 3), (3, 4), (4, 5), (3, 4), (2, 3), (1, 2), (0, 1), (4, 5), (3, 4), (2, 3), (4, 5), (3, 4), (2, 3), (1, 2), (0, 1), (4, 5), (3, 4), (2, 3), (1, 2), (2, 3), (4, 5), (3, 4), (2, 3), (1, 2), (2, 3), (3, 4), (2, 3), (1, 2), (0, 1), (4, 5), (3, 4), (2, 3), (1, 2), (0, 1), (1, 2), (3, 4), (2, 3), (1, 2), (4, 5), (3, 4), (2, 3), (1, 2), (3, 4), (2, 3), (1, 2), (0, 1), (3, 4), (4, 5), (3, 4), (2, 3), (1, 2), (0, 1), (1, 2), (2, 3), (1, 2), (2, 3), (4, 5), (3, 4), (2, 3), (1, 2), (0, 1), (1, 2), (2, 3), (1, 2), (0, 1), (1, 2), (2, 3), (1, 2), (0, 1), (3, 4), (2, 3), (1, 2), (0, 1), (4, 5), (3, 4), (2, 3), (1, 2), (0, 1), (2, 3), (4, 5), (3, 4), (2, 3), (1, 2), (0, 1), (2, 3), (1, 2), (4, 5), (3, 4), (2, 3), (1, 2), (0, 1), (1, 2), (4, 5), (3, 4), (2, 3), (1, 2), (0, 1), (4, 5), (3, 4), (2, 3), (1, 2), (4, 5), (3, 4), (2, 3), (1, 2), (0, 1), (2, 3), (3, 4), (4, 5), (3, 4), (2, 3), (1, 2), (0, 1), (4, 5), (3, 4), (2, 3), (3, 4), (2, 3), (1, 2), (0, 1), (4, 5), (3, 4), (2, 3), (1, 2), (0, 1), (1, 2), (3, 4), (2, 3), (1, 2), (0, 1), (1, 2), (2, 3), (1, 2), (2, 3), (4, 5), (3, 4), (2, 3), (1, 2), (0, 1), (4, 5), (3, 4), (2, 3), (1, 2), (0, 1), (4, 5), (3, 4), (2, 3), (1, 2), (0, 1), (1, 2), (4, 5), (3, 4), (2, 3), (1, 2), (0, 1), (3, 4), (2, 3), (4, 5), (3, 4), (2, 3), (1, 2), (0, 1), (1, 2), (0, 1), (2, 3), (1, 2), (0, 1), (1, 2), (3, 4), (2, 3), (1, 2), (0, 1), (3, 4), (4, 5), (3, 4), (2, 3), (1, 2), (0, 1), (3, 4), (4, 5), (3, 4), (2, 3), (1, 2), (0, 1), (2, 3), (3, 4), (2, 3), (1, 2), (0, 1), (5, 6), (4, 5), (3, 4), (2, 3), (1, 2), (0, 1), (1, 2), (4, 5), (3, 4), (2, 3), (1, 2), (0, 1), (4, 5), (5, 6), (4, 5), (3, 4), (2, 3), (1, 2), (0, 1), (1, 2), (2, 3), (1, 2), (0, 1), (3, 4), (2, 3), (1, 2), (0, 1), (2, 3), (4, 5), (5, 6), (4, 5), (3, 4), (2, 3), (1, 2), (0, 1), (2, 3), (3, 4), (2, 3), (1, 2), (3, 4), (2, 3), (1, 2), (4, 5), (3, 4), (2, 3), (1, 2), (3, 4), (2, 3), (3, 4), (4, 5), (3, 4), (2, 3), (1, 2), (2, 3), (4, 5), (5, 6), (4, 5), (3, 4), (2, 3), (1, 2), (0, 1), (4, 5), (3, 4), (2, 3), (1, 2), (0, 1), (2, 3), (3, 4), (2, 3), (1, 2), (3, 4), (4, 5), (3, 4), (2, 3), (1, 2), (4, 5), (3, 4), (2, 3), (5, 6), (4, 5), (3, 4), (2, 3), (1, 2), (0, 1), (3, 4), (2, 3), (1, 2), (0, 1), (5, 6), (4, 5), (3, 4), (2, 3), (1, 2), (0, 1), (1, 2), (3, 4), (4, 5), (3, 4), (2, 3), (3, 4), (5, 6), (4, 5), (3, 4), (2, 3), (1, 2), (0, 1), (3, 4), (5, 6), (4, 5), (3, 4), (2, 3), (1, 2), (0, 1), (1, 2), (3, 4), (2, 3), (1, 2), (0, 1), (2, 3), (1, 2), (2, 3), (4, 5), (5, 6), (4, 5), (3, 4), (2, 3), (1, 2), (0, 1), (4, 5), (5, 6), (4, 5), (3, 4), (2, 3), (1, 2), (3, 4), (5, 6), (4, 5), (3, 4), (2, 3), (1, 2), (2, 3), (5, 6), (4, 5), (3, 4), (2, 3), (1, 2), (0, 1), (3, 4), (2, 3), (3, 4), (5, 6), (4, 5), (3, 4), (2, 3), (1, 2), (0, 1), (4, 5), (5, 6), (4, 5), (3, 4), (2, 3), (1, 2), (4, 5), (5, 6), (4, 5), (3, 4), (2, 3), (3, 4), (2, 3), (4, 5), (3, 4), (2, 3), (1, 2), (2, 3), (5, 6), (4, 5), (3, 4), (2, 3), (1, 2), (0, 1), (3, 4), (5, 6), (4, 5), (3, 4), (2, 3), (1, 2), (0, 1), (1, 2), (5, 6), (4, 5), (3, 4), (2, 3), (1, 2), (0, 1), (3, 4), (4, 5), (3, 4), (2, 3), (5, 6), (4, 5), (3, 4), (2, 3), (1, 2), (0, 1), (2, 3), (1, 2), (0, 1), (1, 2), (3, 4), (2, 3), (1, 2), (0, 1), (3, 4), (2, 3), (5, 6), (4, 5), (3, 4), (2, 3), (1, 2), (0, 1), (2, 3), (4, 5), (3, 4), (2, 3), (1, 2), (4, 5), (5, 6), (4, 5), (3, 4), (2, 3), (1, 2), (2, 3), (3, 4), (2, 3), (5, 6), (4, 5), (3, 4), (2, 3), (1, 2), (2, 3), (5, 6), (4, 5), (3, 4), (2, 3), (1, 2), (0, 1), (2, 3), (5, 6), (4, 5), (5, 6), (6, 7), (5, 6), (4, 5), (3, 4), (2, 3), (1, 2), (5, 6), (6, 7), (5, 6), (4, 5), (3, 4), (2, 3), (1, 2), (0, 1), (1, 2), (4, 5), (3, 4), (6, 7), (5, 6), (4, 5), (3, 4), (2, 3), (1, 2), (0, 1), (1, 2), (5, 6), (4, 5), (3, 4), (2, 3), (6, 7), (5, 6), (4, 5), (3, 4), (2, 3), (1, 2), (0, 1), (1, 2), (3, 4), (5, 6), (4, 5), (3, 4), (2, 3), (1, 2), (0, 1), (2, 3), (4, 5), (3, 4), (4, 5), (6, 7), (5, 6), (4, 5), (3, 4), (2, 3), (1, 2), (0, 1), (1, 2), (2, 3), (1, 2), (5, 6), (6, 7), (5, 6), (4, 5), (3, 4), (2, 3), (1, 2), (2, 3), (3, 4), (4, 5), (5, 6), (4, 5), (3, 4), (2, 3), (1, 2), (0, 1), (3, 4), (2, 3), (4, 5), (3, 4), (2, 3), (1, 2), (0, 1), (4, 5), (5, 6), (4, 5), (3, 4), (2, 3), (1, 2), (4, 5), (3, 4), (6, 7), (5, 6), (4, 5), (3, 4), (2, 3), (1, 2), (5, 6), (4, 5), (3, 4), (2, 3), (1, 2), (0, 1), (2, 3), (4, 5), (5, 6), (4, 5), (3, 4), (2, 3), (1, 2), (4, 5), (3, 4), (2, 3), (4, 5), (5, 6), (4, 5), (3, 4), (5, 6), (6, 7), (5, 6), (4, 5), (3, 4), (2, 3), (1, 2), (0, 1), (3, 4), (2, 3), (1, 2), (4, 5), (6, 7), (5, 6), (4, 5), (3, 4), (2, 3), (1, 2), (5, 6), (4, 5), (3, 4), (6, 7), (5, 6), (4, 5), (3, 4), (2, 3), (1, 2), (3, 4), (5, 6), (4, 5), (6, 7), (5, 6), (4, 5), (3, 4), (2, 3), (1, 2), (0, 1), (2, 3), (5, 6), (4, 5), (6, 7), (5, 6), (4, 5), (3, 4), (2, 3), (1, 2), (0, 1), (1, 2), (2, 3), (1, 2), (4, 5), (3, 4), (6, 7), (5, 6), (4, 5), (3, 4), (2, 3), (1, 2), (0, 1), (2, 3), (3, 4), (2, 3), (1, 2), (3, 4), (2, 3), (1, 2), (4, 5), (3, 4), (2, 3), (1, 2), (0, 1), (4, 5), (3, 4), (2, 3), (1, 2), (4, 5), (3, 4), (5, 6), (4, 5), (3, 4), (2, 3), (1, 2), (2, 3), (1, 2), (4, 5), (3, 4), (2, 3), (1, 2), (0, 1), (5, 6), (4, 5), (3, 4), (2, 3), (1, 2), (0, 1), (3, 4), (2, 3), (5, 6), (6, 7), (5, 6), (4, 5), (3, 4), (2, 3), (1, 2), (0, 1), (4, 5), (3, 4), (6, 7), (5, 6), (4, 5), (3, 4), (2, 3), (1, 2), (0, 1), (1, 2), (4, 5), (5, 6), (6, 7), (5, 6), (4, 5), (3, 4), (2, 3), (1, 2), (0, 1), (4, 5), (6, 7), (5, 6), (4, 5), (3, 4), (2, 3), (1, 2), (0, 1), (3, 4), (4, 5), (3, 4), (2, 3), (1, 2), (5, 6), (4, 5), (3, 4), (2, 3), (6, 7), (5, 6), (4, 5), (3, 4), (2, 3), (1, 2), (0, 1), (4, 5), (3, 4), (2, 3), (6, 7), (5, 6), (4, 5), (3, 4), (2, 3), (1, 2), (4, 5), (6, 7), (5, 6), (4, 5), (3, 4), (5, 6), (6, 7), (5, 6), (7, 8), (6, 7), (5, 6), (4, 5), (3, 4), (2, 3), (1, 2), (0, 1), (6, 7), (5, 6), (4, 5), (3, 4), (2, 3), (5, 6), (4, 5), (6, 7), (5, 6), (4, 5), (3, 4), (2, 3), (1, 2), (0, 1), (1, 2), (6, 7), (5, 6), (4, 5), (3, 4), (6, 7), (5, 6), (6, 7), (7, 8), (6, 7), (5, 6), (4, 5), (3, 4), (5, 6), (4, 5), (7, 8), (6, 7), (5, 6), (4, 5), (3, 4), (2, 3), (1, 2), (0, 1), (1, 2), (3, 4), (7, 8), (6, 7), (5, 6), (4, 5), (3, 4), (2, 3), (1, 2), (0, 1), (4, 5), (3, 4), (2, 3), (6, 7), (5, 6), (7, 8), (6, 7), (5, 6), (4, 5), (3, 4), (2, 3), (1, 2), (0, 1), (1, 2), (2, 3), (4, 5), (3, 4), (2, 3), (3, 4), (6, 7), (5, 6), (4, 5), (3, 4), (2, 3), (1, 2), (2, 3), (5, 6), (7, 8), (6, 7), (5, 6), (4, 5), (3, 4), (2, 3), (1, 2), (3, 4), (4, 5), (3, 4), (2, 3), (1, 2), (0, 1), (5, 6), (4, 5), (3, 4), (2, 3), (1, 2), (0, 1), (1, 2), (4, 5), (3, 4), (2, 3), (1, 2), (7, 8), (6, 7), (5, 6), (4, 5), (3, 4), (2, 3), (1, 2), (0, 1), (3, 4), (6, 7), (5, 6), (4, 5), (3, 4), (2, 3), (1, 2), (0, 1), (3, 4), (5, 6), (4, 5), (7, 8), (6, 7), (5, 6), (4, 5), (3, 4), (2, 3), (4, 5), (3, 4), (2, 3), (1, 2), (0, 1), (2, 3), (1, 2), (5, 6), (6, 7), (5, 6), (4, 5), (3, 4), (2, 3), (1, 2), (0, 1), (5, 6), (4, 5), (3, 4), (2, 3), (1, 2), (5, 6), (4, 5), (3, 4), (4, 5), (5, 6), (7, 8), (6, 7), (5, 6), (4, 5), (3, 4), (2, 3), (1, 2), (0, 1), (1, 2), (4, 5), (3, 4), (2, 3), (1, 2), (0, 1), (6, 7), (5, 6), (4, 5), (3, 4), (2, 3), (1, 2), (4, 5), (6, 7), (5, 6), (4, 5), (3, 4), (2, 3), (1, 2), (5, 6), (4, 5), (3, 4), (7, 8), (6, 7), (5, 6), (4, 5), (3, 4), (2, 3), (1, 2), (0, 1), (2, 3), (1, 2), (2, 3), (4, 5), (3, 4), (2, 3), (1, 2), (2, 3), (1, 2), (5, 6), (4, 5), (5, 6), (7, 8), (6, 7), (5, 6), (4, 5), (3, 4), (2, 3), (1, 2), (0, 1), (6, 7), (5, 6), (4, 5), (3, 4), (2, 3), (1, 2), (0, 1), (2, 3), (4, 5), (6, 7), (5, 6), (4, 5), (5, 6), (7, 8), (6, 7), (5, 6), (4, 5), (3, 4), (2, 3), (1, 2), (3, 4), (5, 6), (4, 5), (3, 4), (6, 7), (5, 6), (7, 8), (6, 7), (5, 6), (4, 5), (3, 4), (2, 3), (1, 2), (0, 1), (1, 2), (4, 5), (5, 6), (4, 5), (6, 7), (5, 6), (4, 5), (7, 8), (6, 7), (5, 6), (4, 5), (3, 4), (2, 3), (1, 2), (2, 3), (4, 5), (6, 7), (5, 6), (4, 5), (5, 6), (4, 5), (3, 4), (7, 8), (6, 7), (5, 6), (4, 5), (3, 4), (2, 3), (1, 2), (0, 1), (3, 4), (2, 3), (1, 2), (0, 1), (4, 5), (5, 6), (4, 5), (3, 4), (2, 3), (3, 4), (6, 7), (7, 8), (6, 7), (5, 6), (4, 5), (3, 4), (2, 3), (1, 2), (0, 1), (3, 4), (2, 3), (1, 2), (4, 5), (3, 4), (2, 3), (3, 4), (2, 3), (1, 2), (2, 3), (4, 5), (3, 4), (5, 6), (4, 5), (6, 7), (5, 6), (4, 5), (3, 4), (2, 3), (1, 2), (2, 3), (3, 4), (2, 3), (1, 2), (3, 4), (7, 8), (6, 7), (5, 6), (4, 5), (3, 4), (2, 3), (1, 2), (2, 3), (4, 5), (3, 4), (5, 6), (6, 7), (7, 8), (6, 7), (5, 6), (4, 5), (3, 4), (2, 3), (1, 2), (0, 1), (1, 2), (2, 3), (1, 2), (3, 4), (2, 3), (4, 5), (3, 4), (2, 3), (3, 4), (4, 5), (7, 8), (6, 7), (5, 6), (4, 5), (3, 4), (2, 3), (1, 2), (0, 1), (3, 4), (2, 3), (1, 2), (0, 1), (1, 2), (5, 6), (6, 7), (5, 6), (4, 5), (7, 8), (8, 9), (7, 8), (6, 7), (5, 6), (4, 5), (3, 4), (2, 3), (1, 2), (0, 1), (2, 3), (3, 4), (2, 3), (4, 5), (3, 4), (2, 3), (3, 4), (5, 6), (4, 5), (3, 4), (4, 5), (6, 7), (5, 6), (4, 5), (3, 4), (7, 8), (6, 7), (5, 6), (4, 5), (3, 4), (2, 3), (6, 7), (5, 6), (6, 7), (8, 9), (7, 8), (6, 7), (5, 6), (4, 5), (3, 4), (2, 3), (1, 2), (0, 1), (1, 2), (2, 3), (3, 4), (4, 5), (8, 9), (7, 8), (6, 7), (5, 6), (4, 5), (3, 4), (2, 3), (1, 2), (0, 1), (2, 3), (3, 4), (2, 3), (4, 5), (5, 6), (4, 5), (6, 7), (5, 6), (4, 5), (3, 4), (2, 3), (1, 2), (2, 3), (6, 7), (8, 9), (7, 8), (6, 7), (5, 6), (4, 5), (3, 4), (7, 8), (6, 7), (7, 8), (6, 7), (8, 9), (7, 8), (6, 7), (5, 6), (4, 5), (3, 4), (2, 3), (1, 2), (0, 1), (3, 4), (2, 3), (5, 6), (4, 5), (5, 6), (7, 8), (6, 7), (5, 6), (4, 5), (3, 4), (2, 3), (3, 4), (2, 3), (1, 2), (6, 7), (5, 6), (8, 9), (7, 8), (6, 7), (5, 6), (4, 5), (3, 4), (2, 3), (1, 2), (0, 1), (4, 5), (3, 4), (2, 3), (3, 4), (4, 5), (3, 4), (4, 5), (5, 6), (4, 5), (3, 4), (5, 6), (6, 7), (7, 8), (6, 7), (5, 6), (4, 5), (3, 4), (2, 3), (1, 2), (2, 3), (7, 8), (6, 7), (5, 6), (4, 5), (6, 7), (5, 6), (8, 9), (7, 8), (6, 7), (5, 6), (4, 5), (3, 4), (2, 3), (4, 5), (3, 4), (5, 6), (4, 5), (3, 4), (2, 3), (1, 2), (6, 7), (5, 6), (4, 5), (3, 4), (2, 3), (1, 2), (2, 3), (5, 6), (4, 5), (6, 7), (8, 9), (7, 8), (6, 7), (5, 6), (4, 5), (3, 4), (2, 3), (1, 2), (3, 4), (2, 3), (4, 5), (3, 4), (2, 3), (3, 4), (5, 6), (4, 5), (3, 4), (8, 9), (7, 8), (6, 7), (5, 6), (4, 5), (3, 4), (2, 3), (1, 2), (0, 1), (4, 5), (7, 8), (6, 7), (5, 6), (4, 5), (3, 4), (2, 3), (6, 7), (5, 6), (4, 5), (8, 9), (7, 8), (6, 7), (5, 6), (4, 5), (3, 4), (2, 3), (1, 2), (0, 1), (5, 6), (6, 7), (5, 6), (7, 8), (8, 9), (7, 8), (6, 7), (5, 6), (4, 5), (3, 4), (2, 3), (1, 2), (0, 1), (2, 3), (1, 2), (3, 4), (5, 6), (4, 5), (3, 4), (2, 3), (1, 2), (2, 3), (7, 8), (8, 9), (7, 8), (6, 7), (5, 6), (4, 5), (3, 4), (2, 3), (1, 2), (0, 1), (2, 3), (1, 2), (3, 4), (2, 3), (1, 2), (2, 3), (4, 5), (3, 4), (2, 3), (1, 2), (0, 1), (8, 9), (7, 8), (6, 7), (5, 6), (4, 5), (3, 4), (2, 3), (3, 4), (5, 6), (6, 7), (5, 6), (4, 5), (3, 4), (6, 7), (8, 9), (7, 8), (6, 7), (5, 6), (4, 5), (3, 4), (2, 3), (1, 2), (0, 1), (2, 3), (1, 2), (6, 7), (5, 6), (4, 5), (3, 4), (2, 3), (1, 2), (7, 8), (6, 7), (5, 6), (4, 5), (3, 4), (2, 3), (1, 2), (2, 3), (3, 4), (2, 3), (1, 2), (0, 1), (5, 6), (6, 7), (5, 6), (4, 5), (3, 4), (7, 8), (6, 7), (5, 6), (8, 9), (7, 8), (6, 7), (5, 6), (4, 5), (3, 4), (2, 3), (1, 2), (3, 4), (2, 3), (3, 4), (4, 5), (3, 4), (2, 3), (3, 4), (7, 8), (8, 9), (7, 8), (6, 7), (5, 6), (4, 5), (3, 4), (2, 3), (1, 2), (3, 4), (4, 5), (3, 4), (2, 3), (1, 2), (0, 1), (7, 8), (6, 7), (8, 9), (7, 8), (6, 7), (5, 6), (4, 5), (3, 4), (2, 3), (3, 4), (2, 3), (1, 2), (5, 6), (4, 5), (3, 4), (2, 3), (1, 2), (4, 5), (3, 4), (2, 3), (5, 6), (7, 8), (6, 7), (5, 6), (4, 5), (3, 4), (2, 3), (1, 2), (0, 1), (1, 2), (3, 4), (8, 9), (7, 8), (6, 7), (5, 6), (4, 5), (3, 4), (2, 3), (1, 2), (3, 4), (5, 6), (4, 5), (3, 4), (2, 3), (4, 5), (6, 7), (7, 8), (6, 7), (7, 8), (6, 7), (5, 6), (4, 5), (8, 9), (7, 8), (6, 7), (5, 6), (4, 5), (3, 4), (2, 3), (1, 2), (0, 1), (1, 2), (2, 3), (1, 2), (4, 5), (5, 6), (4, 5), (3, 4), (6, 7), (5, 6), (4, 5), (3, 4), (2, 3), (1, 2), (0, 1), (6, 7), (7, 8), (6, 7), (5, 6), (4, 5), (3, 4), (2, 3), (1, 2), (0, 1), (3, 4), (2, 3), (6, 7), (5, 6), (4, 5), (3, 4), (2, 3), (1, 2), (3, 4), (6, 7), (5, 6), (4, 5), (3, 4), (2, 3), (4, 5), (9, 10), (8, 9), (7, 8), (6, 7), (5, 6), (4, 5), (3, 4), (2, 3), (4, 5), (3, 4), (2, 3), (6, 7), (9, 10), (8, 9), (7, 8), (6, 7), (5, 6), (4, 5), (3, 4), (2, 3), (1, 2), (0, 1), (6, 7), (5, 6), (4, 5), (3, 4), (2, 3), (1, 2), (0, 1), (4, 5), (6, 7), (7, 8), (6, 7), (5, 6), (4, 5), (3, 4), (2, 3), (1, 2), (2, 3), (4, 5), (5, 6), (7, 8), (6, 7), (5, 6), (4, 5), (3, 4), (2, 3), (1, 2), (0, 1), (7, 8), (6, 7), (5, 6), (9, 10), (8, 9), (7, 8), (6, 7), (5, 6), (4, 5), (3, 4), (2, 3), (1, 2), (0, 1), (1, 2), (4, 5), (3, 4), (7, 8), (6, 7), (5, 6), (4, 5), (5, 6), (4, 5), (7, 8), (8, 9), (7, 8), (6, 7), (5, 6), (4, 5), (3, 4), (2, 3), (1, 2), (0, 1), (4, 5), (3, 4), (4, 5), (5, 6), (4, 5), (3, 4), (2, 3), (6, 7), (7, 8), (9, 10), (8, 9), (7, 8), (6, 7), (5, 6), (4, 5), (3, 4), (2, 3), (1, 2), (2, 3), (6, 7), (5, 6), (4, 5), (3, 4), (2, 3), (1, 2), (0, 1), (5, 6), (4, 5), (7, 8), (6, 7), (5, 6), (9, 10), (8, 9), (7, 8), (6, 7), (5, 6), (4, 5), (3, 4), (5, 6), (4, 5), (3, 4), (2, 3), (1, 2), (0, 1), (7, 8), (6, 7), (5, 6), (4, 5), (3, 4), (2, 3), (1, 2), (0, 1), (5, 6), (4, 5), (5, 6), (6, 7), (7, 8), (6, 7), (5, 6), (4, 5), (3, 4), (2, 3), (3, 4), (6, 7), (5, 6), (4, 5), (9, 10), (8, 9), (7, 8), (6, 7), (5, 6), (4, 5), (3, 4), (2, 3), (1, 2), (2, 3), (3, 4), (2, 3), (6, 7), (5, 6), (7, 8), (6, 7), (5, 6), (6, 7), (8, 9), (7, 8), (6, 7), (5, 6), (4, 5), (3, 4), (2, 3), (1, 2), (0, 1), (3, 4), (5, 6), (4, 5), (3, 4), (7, 8), (6, 7), (5, 6), (9, 10), (8, 9), (7, 8), (6, 7), (5, 6), (4, 5), (3, 4), (2, 3), (3, 4), (2, 3), (1, 2), (2, 3), (5, 6), (6, 7), (5, 6), (4, 5), (3, 4), (6, 7), (5, 6), (6, 7), (7, 8), (6, 7), (5, 6), (4, 5), (7, 8), (6, 7), (8, 9), (7, 8), (6, 7), (5, 6), (4, 5), (3, 4), (6, 7), (7, 8), (6, 7), (5, 6), (8, 9), (9, 10), (8, 9), (7, 8), (6, 7), (5, 6), (4, 5), (3, 4), (2, 3), (1, 2), (0, 1), (1, 2), (3, 4), (2, 3), (1, 2), (4, 5), (3, 4), (2, 3), (1, 2), (0, 1), (6, 7), (9, 10), (8, 9), (7, 8), (6, 7), (5, 6), (4, 5), (3, 4), (2, 3), (1, 2), (4, 5), (5, 6), (4, 5), (3, 4), (2, 3), (1, 2), (6, 7), (5, 6), (4, 5), (3, 4), (4, 5), (8, 9), (7, 8), (6, 7), (5, 6), (4, 5), (3, 4), (2, 3), (1, 2), (0, 1), (3, 4), (2, 3), (3, 4), (4, 5), (5, 6), (4, 5), (6, 7), (8, 9), (7, 8), (9, 10), (8, 9), (7, 8), (6, 7), (5, 6), (4, 5), (3, 4), (2, 3), (1, 2), (0, 1), (4, 5), (7, 8), (6, 7), (9, 10), (8, 9), (7, 8), (6, 7), (5, 6), (4, 5), (3, 4), (2, 3), (1, 2), (0, 1), (4, 5), (3, 4), (2, 3), (1, 2), (4, 5), (9, 10), (8, 9), (7, 8), (6, 7), (5, 6), (4, 5), (3, 4), (6, 7), (7, 8), (6, 7), (5, 6), (7, 8), (6, 7), (8, 9), (7, 8), (6, 7), (5, 6), (4, 5), (8, 9), (9, 10), (8, 9), (7, 8), (6, 7), (5, 6), (4, 5), (3, 4), (2, 3), (6, 7), (7, 8), (6, 7), (5, 6), (8, 9), (7, 8), (6, 7), (5, 6), (4, 5), (3, 4), (4, 5), (6, 7), (7, 8), (6, 7), (5, 6), (7, 8), (9, 10), (8, 9), (7, 8), (6, 7), (5, 6), (4, 5), (3, 4), (2, 3), (1, 2), (0, 1), (2, 3), (5, 6), (6, 7), (5, 6), (4, 5), (3, 4), (6, 7), (5, 6), (9, 10), (8, 9), (7, 8), (6, 7), (5, 6), (4, 5), (3, 4), (2, 3), (1, 2), (0, 1), (1, 2), (4, 5), (3, 4), (2, 3), (4, 5), (6, 7), (5, 6), (4, 5), (3, 4), (9, 10), (8, 9), (7, 8), (6, 7), (5, 6), (4, 5), (3, 4), (2, 3), (1, 2), (6, 7), (5, 6), (4, 5), (6, 7), (5, 6), (9, 10), (8, 9), (10, 11), (9, 10), (8, 9), (7, 8), (6, 7), (5, 6), (4, 5), (5, 6), (4, 5), (3, 4), (2, 3), (6, 7), (5, 6), (4, 5), (3, 4), (2, 3), (1, 2), (4, 5), (10, 11), (9, 10), (8, 9), (7, 8), (6, 7), (5, 6), (4, 5), (3, 4), (2, 3), (1, 2), (0, 1), (1, 2), (5, 6), (6, 7), (5, 6), (6, 7), (7, 8), (6, 7), (5, 6), (4, 5), (6, 7), (5, 6), (6, 7), (7, 8), (9, 10), (8, 9), (7, 8), (6, 7), (5, 6), (4, 5), (3, 4), (2, 3), (1, 2), (0, 1), (4, 5), (7, 8), (6, 7), (5, 6), (4, 5), (3, 4), (2, 3), (1, 2), (3, 4), (4, 5), (3, 4), (2, 3), (5, 6), (4, 5), (3, 4), (7, 8), (8, 9), (7, 8), (6, 7), (5, 6), (4, 5), (3, 4), (2, 3), (3, 4), (6, 7), (8, 9), (10, 11), (9, 10), (8, 9), (7, 8), (6, 7), (5, 6), (4, 5), (3, 4), (2, 3), (1, 2), (6, 7), (5, 6), (4, 5), (8, 9), (7, 8), (6, 7), (5, 6), (4, 5), (8, 9), (7, 8), (9, 10), (8, 9), (7, 8), (6, 7), (5, 6), (4, 5), (3, 4), (2, 3), (1, 2), (3, 4), (6, 7), (8, 9), (9, 10), (8, 9), (7, 8), (6, 7), (5, 6), (7, 8), (9, 10), (10, 11), (9, 10), (8, 9), (7, 8), (6, 7), (5, 6), (4, 5), (3, 4), (2, 3), (1, 2), (0, 1), (3, 4), (5, 6), (6, 7), (8, 9), (7, 8), (6, 7), (5, 6), (4, 5), (6, 7), (8, 9), (7, 8), (6, 7), (5, 6), (9, 10), (8, 9), (7, 8), (6, 7), (5, 6), (4, 5), (3, 4), (2, 3), (1, 2), (0, 1), (3, 4), (4, 5), (3, 4), (6, 7), (7, 8), (6, 7), (5, 6), (7, 8), (9, 10), (8, 9), (10, 11), (9, 10), (8, 9), (7, 8), (6, 7), (5, 6), (4, 5), (3, 4), (2, 3), (1, 2), (2, 3), (6, 7), (5, 6), (4, 5), (3, 4), (6, 7), (5, 6), (6, 7), (8, 9), (7, 8), (6, 7), (5, 6), (4, 5), (3, 4), (2, 3), (1, 2), (0, 1), (3, 4), (2, 3), (1, 2), (4, 5), (3, 4), (2, 3), (1, 2), (4, 5), (3, 4), (2, 3), (7, 8), (6, 7), (8, 9), (7, 8), (6, 7), (5, 6), (4, 5), (3, 4), (4, 5), (8, 9), (7, 8), (9, 10), (8, 9), (7, 8), (6, 7), (10, 11), (9, 10), (8, 9), (7, 8), (6, 7), (5, 6), (4, 5), (3, 4), (2, 3), (1, 2), (0, 1), (3, 4), (2, 3), (5, 6), (4, 5), (3, 4), (2, 3), (3, 4), (5, 6), (4, 5), (3, 4), (2, 3), (6, 7), (5, 6), (4, 5), (3, 4), (2, 3), (1, 2), (5, 6), (7, 8), (9, 10), (10, 11), (9, 10), (8, 9), (7, 8), (6, 7), (5, 6), (4, 5), (3, 4), (2, 3), (1, 2), (0, 1), (2, 3), (7, 8), (6, 7), (5, 6), (6, 7), (8, 9), (7, 8), (6, 7), (5, 6), (4, 5), (3, 4), (2, 3), (1, 2), (4, 5), (8, 9), (7, 8), (6, 7), (5, 6), (4, 5), (3, 4), (2, 3), (1, 2), (0, 1), (5, 6), (6, 7), (5, 6), (7, 8), (9, 10), (8, 9), (7, 8), (6, 7), (5, 6), (4, 5), (3, 4), (2, 3), (1, 2), (0, 1), (1, 2), (5, 6), (4, 5), (3, 4), (2, 3), (6, 7), (5, 6), (4, 5), (7, 8), (6, 7), (9, 10), (8, 9), (7, 8), (6, 7), (5, 6), (4, 5), (3, 4), (2, 3), (1, 2), (7, 8), (9, 10), (8, 9), (7, 8), (6, 7), (5, 6), (9, 10), (10, 11), (9, 10), (8, 9), (7, 8), (6, 7), (5, 6), (4, 5), (3, 4), (2, 3), (1, 2), (0, 1), (3, 4), (7, 8), (6, 7), (5, 6), (4, 5), (3, 4), (2, 3), (7, 8), (6, 7), (9, 10), (8, 9), (7, 8), (6, 7), (5, 6), (4, 5), (3, 4), (4, 5), (3, 4), (7, 8), (8, 9), (7, 8), (6, 7), (5, 6), (4, 5), (3, 4), (2, 3), (1, 2), (3, 4), (2, 3), (3, 4), (4, 5), (8, 9), (7, 8), (6, 7), (9, 10), (10, 11), (9, 10), (8, 9), (7, 8), (6, 7), (5, 6), (4, 5), (3, 4), (2, 3), (1, 2), (9, 10), (8, 9), (7, 8), (6, 7), (5, 6), (4, 5), (3, 4), (2, 3), (3, 4), (7, 8), (6, 7), (10, 11), (9, 10), (8, 9), (7, 8), (6, 7), (5, 6), (4, 5), (3, 4), (2, 3), (1, 2), (0, 1), (5, 6), (7, 8), (6, 7), (5, 6), (4, 5), (8, 9), (7, 8), (8, 9), (9, 10), (8, 9), (7, 8), (6, 7), (5, 6), (4, 5), (3, 4), (2, 3), (1, 2), (4, 5), (5, 6), (4, 5), (3, 4), (6, 7), (5, 6), (4, 5), (7, 8), (6, 7), (5, 6), (4, 5), (3, 4), (2, 3), (1, 2), (0, 1), (2, 3), (3, 4), (2, 3), (1, 2), (2, 3), (8, 9), (7, 8), (6, 7), (5, 6), (4, 5), (3, 4), (2, 3), (3, 4), (5, 6), (7, 8), (9, 10), (8, 9), (7, 8), (6, 7), (5, 6), (4, 5), (3, 4), (2, 3), (1, 2), (0, 1), (2, 3), (3, 4), (2, 3), (5, 6), (4, 5), (3, 4), (2, 3), (1, 2), (3, 4), (8, 9), (7, 8), (6, 7), (9, 10), (8, 9), (7, 8), (6, 7), (5, 6), (4, 5), (3, 4), (2, 3), (1, 2), (10, 11), (9, 10), (8, 9), (7, 8), (6, 7), (5, 6), (8, 9), (7, 8), (9, 10), (8, 9), (7, 8), (11, 12), (10, 11), (9, 10), (8, 9), (7, 8), (6, 7), (5, 6), (4, 5), (3, 4), (7, 8), (6, 7), (5, 6), (4, 5), (3, 4), (2, 3), (6, 7), (7, 8), (6, 7), (9, 10), (10, 11), (9, 10), (8, 9), (7, 8), (6, 7), (5, 6), (4, 5), (9, 10), (11, 12), (10, 11), (9, 10), (8, 9), (7, 8), (6, 7), (5, 6), (4, 5), (3, 4), (2, 3), (1, 2), (4, 5), (3, 4), (2, 3), (1, 2), (3, 4), (7, 8), (6, 7), (5, 6), (6, 7), (10, 11), (9, 10), (8, 9), (11, 12), (10, 11), (9, 10), (8, 9), (7, 8), (6, 7), (5, 6), (4, 5), (3, 4), (2, 3), (1, 2), (3, 4), (4, 5), (3, 4), (7, 8), (8, 9), (7, 8), (6, 7), (5, 6), (4, 5), (6, 7), (5, 6), (6, 7), (7, 8), (6, 7), (5, 6), (8, 9), (9, 10), (8, 9), (7, 8), (10, 11), (9, 10), (8, 9), (7, 8), (6, 7), (9, 10), (8, 9), (7, 8), (10, 11), (11, 12), (10, 11), (9, 10), (8, 9), (7, 8), (6, 7), (5, 6), (4, 5), (3, 4), (2, 3), (1, 2), (0, 1), (1, 2), (2, 3), (3, 4), (2, 3), (1, 2), (4, 5), (3, 4), (2, 3), (5, 6), (4, 5), (3, 4), (2, 3), (1, 2), (2, 3), (6, 7), (5, 6), (4, 5), (8, 9), (7, 8), (9, 10), (8, 9), (7, 8), (6, 7), (5, 6), (4, 5), (3, 4), (2, 3), (1, 2), (0, 1), (1, 2), (6, 7), (7, 8), (6, 7), (5, 6), (6, 7), (7, 8), (8, 9), (7, 8), (8, 9), (9, 10), (8, 9), (7, 8), (6, 7), (5, 6), (4, 5), (3, 4), (2, 3), (8, 9), (11, 12), (10, 11), (9, 10), (8, 9), (7, 8), (6, 7), (5, 6), (4, 5), (7, 8), (6, 7), (5, 6), (4, 5), (3, 4), (2, 3), (1, 2), (0, 1), (1, 2), (2, 3), (1, 2), (9, 10), (8, 9), (7, 8), (6, 7), (5, 6), (8, 9), (10, 11), (9, 10), (8, 9), (7, 8), (6, 7), (5, 6), (4, 5), (3, 4), (2, 3), (1, 2), (0, 1), (5, 6), (7, 8), (6, 7), (5, 6), (4, 5), (3, 4), (5, 6), (6, 7), (5, 6), (9, 10), (8, 9), (7, 8), (6, 7), (5, 6), (4, 5), (3, 4), (2, 3), (1, 2), (0, 1), (7, 8), (11, 12), (10, 11), (9, 10), (8, 9), (7, 8), (6, 7), (5, 6), (4, 5), (3, 4), (2, 3), (1, 2), (0, 1), (5, 6), (4, 5), (3, 4), (4, 5), (5, 6), (8, 9), (9, 10), (8, 9), (7, 8), (6, 7), (5, 6), (4, 5), (3, 4), (2, 3), (1, 2), (10, 11), (9, 10), (8, 9), (7, 8), (6, 7), (5, 6), (4, 5), (5, 6), (7, 8), (8, 9), (7, 8), (6, 7), (5, 6), (4, 5), (3, 4), (2, 3), (1, 2), (0, 1), (7, 8), (6, 7), (9, 10), (8, 9), (7, 8), (6, 7), (5, 6), (4, 5), (6, 7), (8, 9), (7, 8), (6, 7), (5, 6), (4, 5), (11, 12), (10, 11), (9, 10), (8, 9), (7, 8), (6, 7), (5, 6), (4, 5), (3, 4), (2, 3), (3, 4), (4, 5), (3, 4), (8, 9), (7, 8), (9, 10), (8, 9), (7, 8), (6, 7), (5, 6), (4, 5), (6, 7), (5, 6), (10, 11), (11, 12), (10, 11), (9, 10), (8, 9), (7, 8), (6, 7), (5, 6), (4, 5), (3, 4), (2, 3), (1, 2), (0, 1), (1, 2), (4, 5), (3, 4), (2, 3), (3, 4), (4, 5), (5, 6), (4, 5), (3, 4), (2, 3), (1, 2), (2, 3), (6, 7), (5, 6), (4, 5), (6, 7), (7, 8), (6, 7), (7, 8), (8, 9), (7, 8), (6, 7), (5, 6), (4, 5), (3, 4), (2, 3), (1, 2), (0, 1), (5, 6), (4, 5), (3, 4), (2, 3), (5, 6), (9, 10), (8, 9), (7, 8), (8, 9), (10, 11), (9, 10), (8, 9), (7, 8), (6, 7), (5, 6), (4, 5), (3, 4), (2, 3), (1, 2), (0, 1), (1, 2), (2, 3), (6, 7), (5, 6), (8, 9), (10, 11), (9, 10), (8, 9), (7, 8), (6, 7), (5, 6), (4, 5), (3, 4), (2, 3), (3, 4), (4, 5), (3, 4), (6, 7), (5, 6), (4, 5), (3, 4), (5, 6), (7, 8), (6, 7), (5, 6), (4, 5), (3, 4), (2, 3), (11, 12), (10, 11), (9, 10), (8, 9), (7, 8), (6, 7), (5, 6), (4, 5), (8, 9), (10, 11), (9, 10), (11, 12), (10, 11), (9, 10), (8, 9), (7, 8), (6, 7), (5, 6), (4, 5), (3, 4), (7, 8), (6, 7), (5, 6), (4, 5), (8, 9), (7, 8), (10, 11), (9, 10), (8, 9), (11, 12), (10, 11), (9, 10), (8, 9), (7, 8), (6, 7), (5, 6), (4, 5), (3, 4), (2, 3), (1, 2), (3, 4), (2, 3), (3, 4), (5, 6), (4, 5), (3, 4), (6, 7), (5, 6), (4, 5), (6, 7), (7, 8), (6, 7), (7, 8), (10, 11), (9, 10), (8, 9), (7, 8), (6, 7), (5, 6), (4, 5), (8, 9), (9, 10), (8, 9), (10, 11), (9, 10), (8, 9), (7, 8), (6, 7), (5, 6), (4, 5), (3, 4), (2, 3), (4, 5), (6, 7), (8, 9), (7, 8), (6, 7), (5, 6), (4, 5), (3, 4), (5, 6), (6, 7), (5, 6), (9, 10), (8, 9), (7, 8), (6, 7), (5, 6), (4, 5), (3, 4), (2, 3), (3, 4), (6, 7), (11, 12), (10, 11), (9, 10), (8, 9), (7, 8), (6, 7), (5, 6), (4, 5), (3, 4), (2, 3), (1, 2), (0, 1), (2, 3), (3, 4), (4, 5), (3, 4), (2, 3), (1, 2), (0, 1), (4, 5), (7, 8), (9, 10), (8, 9), (7, 8), (6, 7), (5, 6), (6, 7), (5, 6), (8, 9), (9, 10), (11, 12), (10, 11), (9, 10), (8, 9), (7, 8), (6, 7), (5, 6), (4, 5), (3, 4), (2, 3), (1, 2), (0, 1), (5, 6), (4, 5), (3, 4), (4, 5), (7, 8), (8, 9), (7, 8), (6, 7), (5, 6), (4, 5), (3, 4), (4, 5), (6, 7), (8, 9), (7, 8), (6, 7), (5, 6), (8, 9), (11, 12), (10, 11), (9, 10), (8, 9), (7, 8), (6, 7), (5, 6), (4, 5), (3, 4), (2, 3), (1, 2), (3, 4), (2, 3), (1, 2), (5, 6), (8, 9), (7, 8), (10, 11), (9, 10), (8, 9), (7, 8), (6, 7), (5, 6), (11, 12), (10, 11), (9, 10), (10, 11), (9, 10), (12, 13), (11, 12), (10, 11), (9, 10), (8, 9), (7, 8), (6, 7), (5, 6), (4, 5), (3, 4), (2, 3), (3, 4), (7, 8), (6, 7), (5, 6), (4, 5), (3, 4), (10, 11), (9, 10), (8, 9), (11, 12), (10, 11), (9, 10), (8, 9), (7, 8), (6, 7), (5, 6), (4, 5), (3, 4), (2, 3), (1, 2), (0, 1), (2, 3), (9, 10), (8, 9), (7, 8), (6, 7), (5, 6), (4, 5), (8, 9), (11, 12), (10, 11), (12, 13), (11, 12), (10, 11), (9, 10), (8, 9), (7, 8), (6, 7), (5, 6), (4, 5), (3, 4), (2, 3), (5, 6), (4, 5), (6, 7), (5, 6), (4, 5), (3, 4), (2, 3), (1, 2), (0, 1), (6, 7), (9, 10), (8, 9), (7, 8), (6, 7), (7, 8), (9, 10), (11, 12), (10, 11), (9, 10), (8, 9), (7, 8), (6, 7), (5, 6), (4, 5), (3, 4), (2, 3), (1, 2), (0, 1), (2, 3), (4, 5), (3, 4), (2, 3), (1, 2), (5, 6), (8, 9), (7, 8), (6, 7), (5, 6), (7, 8), (9, 10), (8, 9), (7, 8), (6, 7), (5, 6), (6, 7), (7, 8), (11, 12), (10, 11), (9, 10), (8, 9), (7, 8), (6, 7), (5, 6), (4, 5), (3, 4), (2, 3), (1, 2), (5, 6), (4, 5), (5, 6), (6, 7), (9, 10), (8, 9), (7, 8), (6, 7), (5, 6), (12, 13), (11, 12), (10, 11), (9, 10), (8, 9), (7, 8), (6, 7), (5, 6), (4, 5), (3, 4), (2, 3), (1, 2), (0, 1), (3, 4), (7, 8), (6, 7), (5, 6), (4, 5), (3, 4), (4, 5), (6, 7), (5, 6), (6, 7), (10, 11), (9, 10), (8, 9), (7, 8), (6, 7), (5, 6), (4, 5), (3, 4), (2, 3), (1, 2), (2, 3), (9, 10), (8, 9), (7, 8), (9, 10), (10, 11), (11, 12), (10, 11), (9, 10), (8, 9), (7, 8), (6, 7), (5, 6), (4, 5), (3, 4), (2, 3), (1, 2), (0, 1), (4, 5), (5, 6), (4, 5), (3, 4), (2, 3), (1, 2), (2, 3), (9, 10), (8, 9), (7, 8), (6, 7), (5, 6), (12, 13), (11, 12), (10, 11), (9, 10), (8, 9), (7, 8), (6, 7), (5, 6), (4, 5), (3, 4), (2, 3), (1, 2), (5, 6), (4, 5), (3, 4), (6, 7), (5, 6), (4, 5), (7, 8), (6, 7), (9, 10), (8, 9), (7, 8), (6, 7), (5, 6), (9, 10), (8, 9), (7, 8), (6, 7), (5, 6), (8, 9), (10, 11), (9, 10), (8, 9), (7, 8), (6, 7), (5, 6), (4, 5), (3, 4), (2, 3), (1, 2), (0, 1), (1, 2), (5, 6), (4, 5), (7, 8), (6, 7), (5, 6), (4, 5), (7, 8), (6, 7), (8, 9), (7, 8), (6, 7), (5, 6), (4, 5), (3, 4), (6, 7), (10, 11), (9, 10), (8, 9), (7, 8), (6, 7), (7, 8), (10, 11), (11, 12), (10, 11), (9, 10), (8, 9), (7, 8), (6, 7), (5, 6), (4, 5), (3, 4), (6, 7), (5, 6), (7, 8), (6, 7), (8, 9), (11, 12), (10, 11), (9, 10), (8, 9), (7, 8), (6, 7), (10, 11), (11, 12), (12, 13), (11, 12), (10, 11), (9, 10), (8, 9), (7, 8), (6, 7), (5, 6), (4, 5), (3, 4), (2, 3), (1, 2), (0, 1), (5, 6), (9, 10), (8, 9), (7, 8), (6, 7), (5, 6), (4, 5), (9, 10), (8, 9), (10, 11), (9, 10), (8, 9), (7, 8), (6, 7), (5, 6), (4, 5), (3, 4), (2, 3), (1, 2), (5, 6), (9, 10), (12, 13), (11, 12), (10, 11), (9, 10), (8, 9), (7, 8), (6, 7), (5, 6), (4, 5), (3, 4), (2, 3), (1, 2), (2, 3), (1, 2), (4, 5), (3, 4), (9, 10), (8, 9), (9, 10), (8, 9), (10, 11), (11, 12), (10, 11), (9, 10), (8, 9), (9, 10), (8, 9), (7, 8), (11, 12), (12, 13), (11, 12), (10, 11), (9, 10), (8, 9), (7, 8), (6, 7), (5, 6), (4, 5), (5, 6), (8, 9), (7, 8), (10, 11), (9, 10), (8, 9), (7, 8), (6, 7), (5, 6), (6, 7), (8, 9), (7, 8), (6, 7), (7, 8), (8, 9), (12, 13), (11, 12), (10, 11), (9, 10), (8, 9), (7, 8), (6, 7), (5, 6), (4, 5), (3, 4), (2, 3), (1, 2), (3, 4), (2, 3), (8, 9), (7, 8), (6, 7), (5, 6), (4, 5), (3, 4), (4, 5), (3, 4), (5, 6), (6, 7), (5, 6), (7, 8), (6, 7), (5, 6), (4, 5), (3, 4), (2, 3), (1, 2), (0, 1), (2, 3), (1, 2), (2, 3), (4, 5), (5, 6), (6, 7), (8, 9), (12, 13), (11, 12), (10, 11), (9, 10), (8, 9), (7, 8), (6, 7), (5, 6), (4, 5), (3, 4), (2, 3), (1, 2), (0, 1), (3, 4), (2, 3), (1, 2), (3, 4), (4, 5), (3, 4), (2, 3), (3, 4), (6, 7), (5, 6), (4, 5), (3, 4), (2, 3), (4, 5), (6, 7), (10, 11), (9, 10), (11, 12), (10, 11), (9, 10), (8, 9), (7, 8), (6, 7), (5, 6), (4, 5), (3, 4), (2, 3), (1, 2), (6, 7), (5, 6), (7, 8), (6, 7), (8, 9), (7, 8), (6, 7), (5, 6), (4, 5), (3, 4), (2, 3), (1, 2), (12, 13), (11, 12), (10, 11), (9, 10), (8, 9), (7, 8), (6, 7), (5, 6), (4, 5), (3, 4), (2, 3), (1, 2), (0, 1), (1, 2), (6, 7), (5, 6), (7, 8), (6, 7), (5, 6), (4, 5), (6, 7), (5, 6), (4, 5), (3, 4), (2, 3), (1, 2), (4, 5), (10, 11), (11, 12), (12, 13), (11, 12), (10, 11), (9, 10), (8, 9), (7, 8), (6, 7), (5, 6), (4, 5), (3, 4), (2, 3), (1, 2), (0, 1), (4, 5), (3, 4), (5, 6), (4, 5), (3, 4), (8, 9), (7, 8), (6, 7), (5, 6), (4, 5), (5, 6), (8, 9), (7, 8), (8, 9), (10, 11), (11, 12), (10, 11), (9, 10), (8, 9), (9, 10), (11, 12), (10, 11), (11, 12), (12, 13), (11, 12), (10, 11), (9, 10), (8, 9), (7, 8), (6, 7), (9, 10), (8, 9), (7, 8), (6, 7), (5, 6), (4, 5), (3, 4), (4, 5), (8, 9), (9, 10), (8, 9), (7, 8), (6, 7), (5, 6), (7, 8), (11, 12), (10, 11), (9, 10), (12, 13), (11, 12), (10, 11), (9, 10), (8, 9), (7, 8), (6, 7), (5, 6), (4, 5), (3, 4), (2, 3), (1, 2), (0, 1), (7, 8), (8, 9), (7, 8), (8, 9), (9, 10), (10, 11), (9, 10), (8, 9), (7, 8), (6, 7), (5, 6), (7, 8), (6, 7), (8, 9), (7, 8), (9, 10), (10, 11), (11, 12), (10, 11), (9, 10), (8, 9), (7, 8), (6, 7), (13, 14), (12, 13), (11, 12), (10, 11), (9, 10), (8, 9), (7, 8), (6, 7), (5, 6), (4, 5), (3, 4), (2, 3), (8, 9), (10, 11), (9, 10), (8, 9), (7, 8), (6, 7), (5, 6), (4, 5), (6, 7), (5, 6), (6, 7), (8, 9), (9, 10), (8, 9), (7, 8), (6, 7), (5, 6), (6, 7), (11, 12), (10, 11), (9, 10), (8, 9), (7, 8), (6, 7), (5, 6), (4, 5), (3, 4), (2, 3), (5, 6), (4, 5), (7, 8), (8, 9), (10, 11), (9, 10), (8, 9), (7, 8), (10, 11), (9, 10), (8, 9), (11, 12), (10, 11), (9, 10), (8, 9), (7, 8), (6, 7), (5, 6), (4, 5), (7, 8), (8, 9), (7, 8), (6, 7), (7, 8), (12, 13), (11, 12), (13, 14), (12, 13), (11, 12), (10, 11), (9, 10), (8, 9), (7, 8), (6, 7), (5, 6), (4, 5), (3, 4), (2, 3), (1, 2), (0, 1), (3, 4), (2, 3), (1, 2), (0, 1), (4, 5), (3, 4), (2, 3), (1, 2), (5, 6), (4, 5), (3, 4), (4, 5), (7, 8), (10, 11), (9, 10), (8, 9), (7, 8), (6, 7), (5, 6), (4, 5), (3, 4), (2, 3), (1, 2), (3, 4), (2, 3), (3, 4), (4, 5), (3, 4), (6, 7), (5, 6), (6, 7), (7, 8), (6, 7), (7, 8), (8, 9), (9, 10), (10, 11), (11, 12), (10, 11), (9, 10), (8, 9), (7, 8), (6, 7), (5, 6), (8, 9), (13, 14), (12, 13), (11, 12), (10, 11), (9, 10), (8, 9), (7, 8), (6, 7), (5, 6), (4, 5), (3, 4), (2, 3), (1, 2), (0, 1), (2, 3), (1, 2), (2, 3), (1, 2), (4, 5), (9, 10), (8, 9), (7, 8), (10, 11), (9, 10), (8, 9), (7, 8), (6, 7), (8, 9), (12, 13), (11, 12), (10, 11), (9, 10), (10, 11), (13, 14), (12, 13), (11, 12), (10, 11), (9, 10), (8, 9), (7, 8), (10, 11), (9, 10), (8, 9), (7, 8), (6, 7), (5, 6), (4, 5), (3, 4), (2, 3), (1, 2), (0, 1), (10, 11), (11, 12), (10, 11), (9, 10), (8, 9), (7, 8), (6, 7), (5, 6), (4, 5), (3, 4), (2, 3), (8, 9), (7, 8), (6, 7), (8, 9), (9, 10), (8, 9), (9, 10), (13, 14), (12, 13), (11, 12), (10, 11), (9, 10), (8, 9), (7, 8), (6, 7), (7, 8), (8, 9), (7, 8), (6, 7), (5, 6), (4, 5), (3, 4), (6, 7), (5, 6), (4, 5), (10, 11), (9, 10), (11, 12), (10, 11), (9, 10), (10, 11), (12, 13), (11, 12), (10, 11), (9, 10), (8, 9), (7, 8), (6, 7), (5, 6), (12, 13), (13, 14), (12, 13), (11, 12), (10, 11), (9, 10), (8, 9), (7, 8), (6, 7), (5, 6), (4, 5), (3, 4), (2, 3), (1, 2), (3, 4), (4, 5), (5, 6), (6, 7), (5, 6), (7, 8), (6, 7), (5, 6), (8, 9), (7, 8), (9, 10), (10, 11), (9, 10), (8, 9), (7, 8), (6, 7), (5, 6), (4, 5), (3, 4), (2, 3), (1, 2), (0, 1), (5, 6), (8, 9), (7, 8), (11, 12), (10, 11), (9, 10), (8, 9), (7, 8), (11, 12), (12, 13), (13, 14), (12, 13), (11, 12), (10, 11), (9, 10), (8, 9), (7, 8), (6, 7), (5, 6), (4, 5), (3, 4), (2, 3), (1, 2), (0, 1), (2, 3), (5, 6), (4, 5), (3, 4), (2, 3), (1, 2), (0, 1), (3, 4), (9, 10), (10, 11), (9, 10), (11, 12), (10, 11), (9, 10), (8, 9), (7, 8), (6, 7), (8, 9), (7, 8), (11, 12), (10, 11), (9, 10), (11, 12), (12, 13), (11, 12), (10, 11), (13, 14), (12, 13), (11, 12), (10, 11), (9, 10), (8, 9), (7, 8), (6, 7), (5, 6), (4, 5), (3, 4), (2, 3), (1, 2), (4, 5), (6, 7), (5, 6), (4, 5), (6, 7), (5, 6), (6, 7), (7, 8), (6, 7), (5, 6), (11, 12), (10, 11), (9, 10), (8, 9), (7, 8), (6, 7), (5, 6), (7, 8), (8, 9), (7, 8), (8, 9), (9, 10), (8, 9), (7, 8), (9, 10), (10, 11), (9, 10), (8, 9), (7, 8), (8, 9), (7, 8), (6, 7), (5, 6), (4, 5), (11, 12), (10, 11), (11, 12), (12, 13), (11, 12), (10, 11), (9, 10), (8, 9), (7, 8), (6, 7), (5, 6), (4, 5), (3, 4), (2, 3), (1, 2), (0, 1), (1, 2), (2, 3), (6, 7), (5, 6), (7, 8), (6, 7), (7, 8), (9, 10), (12, 13), (11, 12), (13, 14), (12, 13), (11, 12), (10, 11), (9, 10), (8, 9), (7, 8), (6, 7), (5, 6), (4, 5), (3, 4), (2, 3), (1, 2), (0, 1), (5, 6), (4, 5), (5, 6), (6, 7), (5, 6), (4, 5), (3, 4), (2, 3), (1, 2), (0, 1), (1, 2), (7, 8), (6, 7), (5, 6), (10, 11), (9, 10), (11, 12), (10, 11), (9, 10), (8, 9), (7, 8), (6, 7), (5, 6), (9, 10), (11, 12), (10, 11), (9, 10), (8, 9), (11, 12), (10, 11), (11, 12), (13, 14), (12, 13), (11, 12), (10, 11), (9, 10), (8, 9), (7, 8), (6, 7), (5, 6), (4, 5), (3, 4), (2, 3), (1, 2), (0, 1), (9, 10), (8, 9), (7, 8), (8, 9), (12, 13), (11, 12), (10, 11), (9, 10), (8, 9), (7, 8), (6, 7), (5, 6), (4, 5), (5, 6), (6, 7), (7, 8), (8, 9), (7, 8), (6, 7), (5, 6), (4, 5), (6, 7), (9, 10), (8, 9), (11, 12), (10, 11), (9, 10), (8, 9), (11, 12), (12, 13), (11, 12), (13, 14), (12, 13), (11, 12), (10, 11), (9, 10), (8, 9), (7, 8), (6, 7), (5, 6), (4, 5), (3, 4), (4, 5), (5, 6), (6, 7), (7, 8), (8, 9), (7, 8), (6, 7), (5, 6), (9, 10), (8, 9), (7, 8), (6, 7), (7, 8), (8, 9), (7, 8), (12, 13), (11, 12), (10, 11), (9, 10), (8, 9), (7, 8), (6, 7), (5, 6), (4, 5), (3, 4), (2, 3), (1, 2), (0, 1), (1, 2), (2, 3), (7, 8), (13, 14), (12, 13), (11, 12), (10, 11), (9, 10), (8, 9), (7, 8), (6, 7), (5, 6), (4, 5), (3, 4), (2, 3), (1, 2), (0, 1), (1, 2), (0, 1), (8, 9), (7, 8), (8, 9), (11, 12), (10, 11), (9, 10), (8, 9), (7, 8), (6, 7), (5, 6), (4, 5), (7, 8), (9, 10), (12, 13), (11, 12), (10, 11), (9, 10), (8, 9), (7, 8), (6, 7), (5, 6), (4, 5), (3, 4), (2, 3), (1, 2), (0, 1), (2, 3), (3, 4), (2, 3), (1, 2), (0, 1), (3, 4), (7, 8), (8, 9), (9, 10), (8, 9), (7, 8), (6, 7), (5, 6), (4, 5), (3, 4), (2, 3), (1, 2), (0, 1), (4, 5), (3, 4), (4, 5), (9, 10), (8, 9), (7, 8), (10, 11), (13, 14), (12, 13), (11, 12), (10, 11), (9, 10), (8, 9), (7, 8), (6, 7), (8, 9), (7, 8), (10, 11), (9, 10), (8, 9), (7, 8), (8, 9), (11, 12), (12, 13), (11, 12), (10, 11), (9, 10), (8, 9), (7, 8), (6, 7), (5, 6), (6, 7), (7, 8), (6, 7), (5, 6), (4, 5), (3, 4), (2, 3), (4, 5), (3, 4), (4, 5), (6, 7), (5, 6), (4, 5), (3, 4), (6, 7), (5, 6), (8, 9), (7, 8), (10, 11), (12, 13), (13, 14), (12, 13), (11, 12), (10, 11), (9, 10), (8, 9), (7, 8), (6, 7), (5, 6), (4, 5), (3, 4), (2, 3), (1, 2), (0, 1), (6, 7), (7, 8), (9, 10), (8, 9), (7, 8), (6, 7), (8, 9), (7, 8), (9, 10), (10, 11), (9, 10), (8, 9), (7, 8), (6, 7), (5, 6), (4, 5), (8, 9), (7, 8), (6, 7), (13, 14), (12, 13), (11, 12), (10, 11), (9, 10), (8, 9), (7, 8), (6, 7), (5, 6), (4, 5), (3, 4), (5, 6), (4, 5), (3, 4), (2, 3), (10, 11), (9, 10), (10, 11), (11, 12), (10, 11), (9, 10), (8, 9), (7, 8), (6, 7), (5, 6), (6, 7), (9, 10), (10, 11), (9, 10), (12, 13), (11, 12), (10, 11), (9, 10), (8, 9), (7, 8), (6, 7), (5, 6), (4, 5), (3, 4), (2, 3), (1, 2), (0, 1), (1, 2), (4, 5), (5, 6), (4, 5), (3, 4), (4, 5), (13, 14), (12, 13), (11, 12), (10, 11), (9, 10), (8, 9), (7, 8), (6, 7), (5, 6), (4, 5), (3, 4), (2, 3), (1, 2), (0, 1), (1, 2), (5, 6), (7, 8), (9, 10), (8, 9), (10, 11), (13, 14)]
