results/lll/svpchallengedim40seed2dim10delta0.98999995.txt: 24.170 sec
b: [[-223832858732, 107662009962, 409353120162, 36647003191, 201705467092, 296187648636, -149608054505, 361748375374, 6194083196, -420048348968],
 [458616184182, -97948890516, 604956423763, 223063133252, -197280642639, 65726354679, -98438074802, 129407508424, -125795021472, -118029302588],
 [-11724789784, -452464948718, -540819441322, 123650455674, -32920955015, 590110488364, 290396686391, -633964806952, -246740529014, -149164305751],
 [-461545717885, -393254016799, -171510333687, 432267381453, -438466874839, 382981738036, 10200219641, 199938824051, 588925915337, -323900129666],
 [269873597083, -359019126511, 94175475234, -45282354927, 241402414592, -4059377002, 474931191611, 383282960454, 773191478652, 202156886351],
 [772972740256, -315170462931, -333025397012, -398580908677, 75771697007, -93540328575, -131420535966, 282313677301, -7409411512, -336462969358],
 [129776673760, 601954561664, -78780186699, 626059517813, -241864637274, -176520899535, 283609032291, -918397446566, 136909282409, -308378890976],
 [199614698235, 45238918758, -643622419251, 506648931148, 570407447864, -131664711355, -146733320870, 792015403288, -31244924189, 441852311936],
 [82835255486, -146423117912, 277817982380, -131721839884, -81290239331, -799132243520, 912499545613, -125051653533, -478367027838, -330115965778],
 [-485953074136, -448860445678, 122396610029, 271305848057, 676330788335, -438917975646, -663645231477, -669117531041, 765876573110, 266279259515]], shape=[10, 10], strides=[10, 1], layout=Cc (0x5), const ndim=2
v_norms: [688740894721648855249294, 226082600012443192046987333274136092354538495133/344370447360824427624647, 564724920932757076410570665171314570352369829515539007808344607121661533/452165200024886384093974666548272184709076990266, 650850167995545188555583062156619676066876649984035918420250166200293499214439881147728885023884/564724920932757076410570665171314570352369829515539007808344607121661533, 173004550557976250317370975742731478529573626885044901656666330011324742466755558073071686367325622554264130128442490531/162712541998886297138895765539154919016719162496008979605062541550073374803609970286932221255971, 166034704331994190762125885305905165465025787922007758419787197495985527298049373875070431930296091299753343398804623138945823898556850671707430/173004550557976250317370975742731478529573626885044901656666330011324742466755558073071686367325622554264130128442490531, 105654964515903807816604900465734072668599930894743581342061444589928879839554802915297620052579431632608186741539398022188074804965858740922523790606835381588151953812/83017352165997095381062942652952582732512893961003879209893598747992763649024686937535215965148045649876671699402311569472911949278425335853715, 56440520296533863642790753522351628814491157295117222777971783130802506746445393143626726453922795813125778874005590675906128398334729377376828201648400678480404050645489072005908285380099597/38419987096692293751492691078448753697672702143543120488022343487246865396201746514653680019119793320948431542377962917159299929078494087608190469311576502395691619568, 880843332341684933082042443491488102531943087696235568596424303684919386823860522280518722673471393861209259644342771236977861013128611442738869041148387486426517369277314917192927177640956063789188901531396049778459/620845723261872500070698288745867916959402730246289450557689614438827574210899324579893990993150753944383567614061497434967412381682023151145110218132407463284444557100379792064991139181095567, 3468287585974050604774439085108554766681095904449490782532408558820799971446912200169098884155278262402657048060314007695099477058350627510176872515581723540506379642904992102434614917531819511246695382788173343454302248117102540610188816001/1761686664683369866164084886982976205063886175392471137192848607369838773647721044561037445346942787722418519288685542473955722026257222885477738082296774972853034738554629834385854355281912127578377803062792099556918], shape=[10], strides=[1], layout=CFcf (0xf), const ndim=1
Mu { arr: [116315156457043926264718/344370447360824427624647, -306454031584871785883413/688740894721648855249294, -59865896656124398439540158839679887376518719623/226082600012443192046987333274136092354538495133, 121049984352521779029614/344370447360824427624647, -55640185376879016998441073299393009980097953224/226082600012443192046987333274136092354538495133, 187258161651984812044038536537435899591217763132921663536213857353071848/564724920932757076410570665171314570352369829515539007808344607121661533, -13602942682872853525015/344370447360824427624647, 16814830735100703105526380263009389958706437692/226082600012443192046987333274136092354538495133, -105251376737953347536715058099182547992139394916659854634027922028516578/564724920932757076410570665171314570352369829515539007808344607121661533, 62630189502569026054658712949592011640101548941291032076304183193206770143066241646503639584928/162712541998886297138895765539154919016719162496008979605062541550073374803609970286932221255971, -107229384247805959975725/688740894721648855249294, 68953406595554667054809216711274652766364876088/226082600012443192046987333274136092354538495133, 21185368523581166283443040689037906239989414346826328867406963132047587/564724920932757076410570665171314570352369829515539007808344607121661533, -52487885283595921696191214828422629904675846181610281541177632224417445213318281019365587164433/325425083997772594277791531078309838033438324992017959210125083100146749607219940573864442511942, 58627404062395472302526682058096296001799061733877488929833371099471411037959968765197280680873375434832827421079078242/173004550557976250317370975742731478529573626885044901656666330011324742466755558073071686367325622554264130128442490531, -159445997032589608502841/344370447360824427624647, 37461151694959380956193942929109686238484391586/226082600012443192046987333274136092354538495133, 141822715304230187414433751501470043280966439381744470039604609461336320/564724920932757076410570665171314570352369829515539007808344607121661533, 5704409557401644522052564314208321907487518494158192333986476621730271782991882476835361216037/108475027999257531425930510359436612677812774997339319736708361033382249869073313524621480837314, -70598053720652925769553914047512222360755755181388854937184294705333157945827869822200002958563376634932019399373739524/173004550557976250317370975742731478529573626885044901656666330011324742466755558073071686367325622554264130128442490531, -38589260798839799871414214967083367454881685120222915197285640430474980274853699880579905310849488397120709859968818887071691531592378599440078/83017352165997095381062942652952582732512893961003879209893598747992763649024686937535215965148045649876671699402311569472911949278425335853715, -42992376209325559123770/344370447360824427624647, -73233612523110690776888710835176155318976547808/226082600012443192046987333274136092354538495133, -183598907706008093772239091376328501652016459423816656465759534161990840/564724920932757076410570665171314570352369829515539007808344607121661533, 15142393228776473016146045480997943787524953207930966637379153552510316680758291483137725235445/650850167995545188555583062156619676066876649984035918420250166200293499214439881147728885023884, 51705266776798385629337036931602628304024333636651618769730704173522690566166650114482014568253186387812840574942473371/173004550557976250317370975742731478529573626885044901656666330011324742466755558073071686367325622554264130128442490531, 30652606449719858743559056107007754094475692351925590363762721280021595765250139579159643041970279472997202402835608469393546004380655298985249/110689802887996127174750590203936776976683858614671838946524798330657018198699582583380287953530727533168895599203082092630549265704567114471620, -3834243205451823506770379494931160222213040507691323534622292156235092661001945641309613710351727007970816810667367569553970457652662701701292509998481876991501747269/19209993548346146875746345539224376848836351071771560244011171743623432698100873257326840009559896660474215771188981458579649964539247043804095234655788251197845809784, -224549690867283228727603/688740894721648855249294, 76969038971366398215637285578003942454883812423/226082600012443192046987333274136092354538495133, -44921200328437500157159441320937477732896894988008747981356217944071747/564724920932757076410570665171314570352369829515539007808344607121661533, -71392732067630448911074965665796780131363068072983980507160231218155707795092130692944273521493/216950055998515062851861020718873225355625549994678639473416722066764499738146627049242961674628, 23021496996302725538205649452242876222860150406869762475020813108931097537819921929777037618641340937439183868504393069/173004550557976250317370975742731478529573626885044901656666330011324742466755558073071686367325622554264130128442490531, -38191212117345395362211462802346435102718875675927107932879412856970616004973834095666214405060222438513297519138361240147159562633372930400911/332069408663988381524251770611810330930051575844015516839574394991971054596098747750140863860592182599506686797609246277891647797113701343414860, 49686158175236076656377133019950739368946445255092178178867383827322072965738858747272541838361022809076954197161004254969444254776167137413640846749411686911072906427/211309929031807615633209800931468145337199861789487162684122889179857759679109605830595240105158863265216373483078796044376149609931717481845047581213670763176303907624, -18124206025819368604698405897226892160839368463631141190148982602909710852331206141462972741187890736110009373814547785932899523814265960899218899411332285859768417792022298814517956034138417/56440520296533863642790753522351628814491157295117222777971783130802506746445393143626726453922795813125778874005590675906128398334729377376828201648400678480404050645489072005908285380099597, -61480602503474895941272/344370447360824427624647, -108171773298683915352049642514280423461132369662/226082600012443192046987333274136092354538495133, -108625908542094501313948880098551765811741242417241325031948552480219430/564724920932757076410570665171314570352369829515539007808344607121661533, 170696865126147899554365217872083446010081413816233967246608989832014362787053229749964425361663/650850167995545188555583062156619676066876649984035918420250166200293499214439881147728885023884, 20506966404676307547858780694432235497404807995181961859037411754400816827942595400391763484405981606144907936159656929/173004550557976250317370975742731478529573626885044901656666330011324742466755558073071686367325622554264130128442490531, -137017626002324921084290333503415158431839032900724019940023535396767052411481811806404142335504567128824429491475165235213682209773770801662729/332069408663988381524251770611810330930051575844015516839574394991971054596098747750140863860592182599506686797609246277891647797113701343414860, 16072363657054802417826043743909919318128853945738364971911257533845862685154332422428407380010887617045765175621759929467571175724646521545889665136978382948838788923/211309929031807615633209800931468145337199861789487162684122889179857759679109605830595240105158863265216373483078796044376149609931717481845047581213670763176303907624, -2490501052940560600680800106349760246844103502896493244151001564992648338388058859678310975759165145936529363215589998918437682698078642831697674251481632338885813869579024740658813423564597/56440520296533863642790753522351628814491157295117222777971783130802506746445393143626726453922795813125778874005590675906128398334729377376828201648400678480404050645489072005908285380099597, -382035342402455067841469206441721317721096800353618506290966881260112254236068785258705241143136290468264026805421296684987866165025776969820567568178129454636511681775116754024157593262168751291331996169909075182433/880843332341684933082042443491488102531943087696235568596424303684919386823860522280518722673471393861209259644342771236977861013128611442738869041148387486426517369277314917192927177640956063789188901531396049778459] }
(hist.len, cnt): (2036, 3760)
[(0, 1), (0, 1), (0, 1), (0, 1), (0, 1), (0, 1), (0, 1), (0, 1), (0, 1), (0, 1), (0, 1), (0, 1), (0, 1), (0, 1), (0, 1), (0, 1), (0, 1), (0, 1), (0, 1), (0, 1), (0, 1), (0, 1), (0, 1), (0, 1), (0, 1), (0, 1), (0, 1), (0, 1), (0, 1), (0, 1), (0, 1), (0, 1), (0, 1), (0, 1), (0, 1), (0, 1), (0, 1), (0, 1), (0, 1), (0, 1), (0, 1), (0, 1), (0, 1), (0, 1), (0, 1), (0, 1), (0, 1), (0, 1), (0, 1), (0, 1), (0, 1), (0, 1), (0, 1), (0, 1), (0, 1), (0, 1), (0, 1), (0, 1), (0, 1), (0, 1), (0, 1), (0, 1), (0, 1), (0, 1), (0, 1), (0, 1), (0, 1), (0, 1), (0, 1), (0, 1), (0, 1), (0, 1), (0, 1), (0, 1), (0, 1), (0, 1), (1, 2), (0, 1), (1, 2), (0, 1), (1, 2), (0, 1), (0, 1), (1, 2), (0, 1), (1, 2), (0, 1), (1, 2), (1, 2), (0, 1), (1, 2), (0, 1), (1, 2), (0, 1), (1, 2), (0, 1), (1, 2), (0, 1), (1, 2), (0, 1), (1, 2), (0, 1), (1, 2), (1, 2), (1, 2), (0, 1), (1, 2), (0, 1), (1, 2), (0, 1), (1, 2), (0, 1), (1, 2), (0, 1), (0, 1), (1, 2), (0, 1), (1, 2), (0, 1), (1, 2), (0, 1), (1, 2), (0, 1), (1, 2), (0, 1), (1, 2), (0, 1), (1, 2), (0, 1), (0, 1), (0, 1), (1, 2), (0, 1), (1, 2), (0, 1), (1, 2), (0, 1), (1, 2), (0, 1), (0, 1), (1, 2), (0, 1), (1, 2), (0, 1), (1, 2), (0, 1), (1, 2), (0, 1), (1, 2), (0, 1), (1, 2), (0, 1), (1, 2), (0, 1), (1, 2), (0, 1), (1, 2), (1, 2), (0, 1), (1, 2), (0, 1), (1, 2), (0, 1), (1, 2), (0, 1), (1, 2), (0, 1), (0, 1), (1, 2), (0, 1), (1, 2), (0, 1), (1, 2), (2, 3), (1, 2), (0, 1), (1, 2), (0, 1), (1, 2), (2, 3), (1, 2), (0, 1), (1, 2), (0, 1), (2, 3), (1, 2), (0, 1), (2, 3), (1, 2), (0, 1), (2, 3), (1, 2), (0, 1), (2, 3), (1, 2), (2, 3), (1, 2), (0, 1), (2, 3), (1, 2), (2, 3), (1, 2), (0, 1), (2, 3), (1, 2), (0, 1), (2, 3), (1, 2), (2, 3), (1, 2), (0, 1), (1, 2), (0, 1), (2, 3), (1, 2), (0, 1), (2, 3), (1, 2), (0, 1), (2, 3), (1, 2), (0, 1), (2, 3), (1, 2), (2, 3), (1, 2), (0, 1), (1, 2), (2, 3), (1, 2), (0, 1), (1, 2), (2, 3), (1, 2), (1, 2), (0, 1), (2, 3), (1, 2), (0, 1), (2, 3), (1, 2), (0, 1), (1, 2), (2, 3), (1, 2), (0, 1), (1, 2), (0, 1), (1, 2), (2, 3), (1, 2), (0, 1), (0, 1), (2, 3), (1, 2), (2, 3), (1, 2), (0, 1), (1, 2), (1, 2), (0, 1), (2, 3), (1, 2), (0, 1), (2, 3), (1, 2), (0, 1), (2, 3), (1, 2), (0, 1), (2, 3), (1, 2), (0, 1), (2, 3), (1, 2), (0, 1), (2, 3), (1, 2), (2, 3), (1, 2), (0, 1), (2, 3), (1, 2), (0, 1), (1, 2), (2, 3), (1, 2), (0, 1), (2, 3), (1, 2), (2, 3), (1, 2), (0, 1), (2, 3), (1, 2), (0, 1), (2, 3), (1, 2), (0, 1), (0, 1), (2, 3), (1, 2), (2, 3), (1, 2), (0, 1), (1, 2), (2, 3), (1, 2), (0, 1), (2, 3), (1, 2), (0, 1), (1, 2), (2, 3), (1, 2), (0, 1), (1, 2), (2, 3), (1, 2), (2, 3), (1, 2), (0, 1), (1, 2), (3, 4), (2, 3), (1, 2), (3, 4), (2, 3), (1, 2), (0, 1), (1, 2), (0, 1), (3, 4), (2, 3), (1, 2), (0, 1), (2, 3), (1, 2), (0, 1), (3, 4), (2, 3), (1, 2), (3, 4), (2, 3), (1, 2), (0, 1), (3, 4), (2, 3), (1, 2), (2, 3), (3, 4), (2, 3), (1, 2), (3, 4), (2, 3), (1, 2), (3, 4), (2, 3), (1, 2), (0, 1), (2, 3), (1, 2), (0, 1), (3, 4), (2, 3), (1, 2), (3, 4), (2, 3), (1, 2), (0, 1), (1, 2), (0, 1), (1, 2), (2, 3), (3, 4), (2, 3), (1, 2), (0, 1), (3, 4), (2, 3), (1, 2), (3, 4), (2, 3), (1, 2), (3, 4), (2, 3), (1, 2), (3, 4), (2, 3), (1, 2), (2, 3), (3, 4), (2, 3), (1, 2), (2, 3), (1, 2), (0, 1), (2, 3), (1, 2), (3, 4), (2, 3), (1, 2), (0, 1), (1, 2), (2, 3), (1, 2), (3, 4), (2, 3), (1, 2), (2, 3), (3, 4), (2, 3), (1, 2), (0, 1), (1, 2), (0, 1), (2, 3), (3, 4), (2, 3), (1, 2), (0, 1), (2, 3), (1, 2), (0, 1), (1, 2), (3, 4), (2, 3), (1, 2), (0, 1), (1, 2), (3, 4), (2, 3), (1, 2), (0, 1), (3, 4), (2, 3), (1, 2), (0, 1), (1, 2), (0, 1), (3, 4), (2, 3), (1, 2), (0, 1), (3, 4), (2, 3), (1, 2), (2, 3), (1, 2), (3, 4), (2, 3), (1, 2), (0, 1), (2, 3), (1, 2), (2, 3), (1, 2), (3, 4), (2, 3), (1, 2), (0, 1), (3, 4), (2, 3), (1, 2), (2, 3), (1, 2), (3, 4), (2, 3), (1, 2), (0, 1), (3, 4), (2, 3), (1, 2), (0, 1), (1, 2), (3, 4), (2, 3), (1, 2), (3, 4), (2, 3), (1, 2), (0, 1), (3, 4), (2, 3), (1, 2), (0, 1), (1, 2), (0, 1), (3, 4), (2, 3), (1, 2), (0, 1), (1, 2), (3, 4), (2, 3), (1, 2), (0, 1), (2, 3), (3, 4), (2, 3), (1, 2), (0, 1), (1, 2), (2, 3), (1, 2), (3, 4), (2, 3), (1, 2), (0, 1), (1, 2), (3, 4), (2, 3), (1, 2), (0, 1), (1, 2), (2, 3), (3, 4), (2, 3), (1, 2), (0, 1), (2, 3), (3, 4), (2, 3), (1, 2), (0, 1), (3, 4), (2, 3), (1, 2), (4, 5), (3, 4), (2, 3), (1, 2), (0, 1), (2, 3), (1, 2), (4, 5), (3, 4), (2, 3), (1, 2), (0, 1), (1, 2), (4, 5), (3, 4), (2, 3), (1, 2), (2, 3), (4, 5), (3, 4), (2, 3), (1, 2), (0, 1), (1, 2), (0, 1), (4, 5), (3, 4), (2, 3), (1, 2), (0, 1), (3, 4), (2, 3), (1, 2), (4, 5), (3, 4), (2, 3), (1, 2), (0, 1), (1, 2), (2, 3), (3, 4), (2, 3), (1, 2), (0, 1), (4, 5), (3, 4), (2, 3), (1, 2), (0, 1), (1, 2), (2, 3), (1, 2), (0, 1), (3, 4), (4, 5), (3, 4), (2, 3), (1, 2), (0, 1), (2, 3), (1, 2), (3, 4), (2, 3), (1, 2), (0, 1), (2, 3), (1, 2), (3, 4), (2, 3), (1, 2), (0, 1), (1, 2), (3, 4), (4, 5), (3, 4), (2, 3), (1, 2), (0, 1), (2, 3), (4, 5), (3, 4), (2, 3), (1, 2), (0, 1), (2, 3), (1, 2), (4, 5), (3, 4), (2, 3), (1, 2), (0, 1), (2, 3), (3, 4), (2, 3), (1, 2), (0, 1), (3, 4), (2, 3), (4, 5), (3, 4), (2, 3), (1, 2), (4, 5), (3, 4), (2, 3), (1, 2), (0, 1), (2, 3), (1, 2), (2, 3), (1, 2), (3, 4), (2, 3), (1, 2), (0, 1), (3, 4), (2, 3), (3, 4), (4, 5), (3, 4), (2, 3), (1, 2), (4, 5), (3, 4), (2, 3), (4, 5), (3, 4), (2, 3), (1, 2), (0, 1), (4, 5), (3, 4), (2, 3), (1, 2), (0, 1), (2, 3), (1, 2), (4, 5), (3, 4), (2, 3), (4, 5), (3, 4), (2, 3), (1, 2), (0, 1), (1, 2), (3, 4), (2, 3), (1, 2), (0, 1), (4, 5), (3, 4), (2, 3), (1, 2), (0, 1), (1, 2), (4, 5), (3, 4), (2, 3), (1, 2), (0, 1), (2, 3), (4, 5), (3, 4), (2, 3), (1, 2), (0, 1), (2, 3), (3, 4), (2, 3), (1, 2), (4, 5), (3, 4), (2, 3), (1, 2), (0, 1), (3, 4), (4, 5), (3, 4), (2, 3), (1, 2), (2, 3), (3, 4), (4, 5), (3, 4), (2, 3), (1, 2), (0, 1), (3, 4), (2, 3), (1, 2), (0, 1), (1, 2), (4, 5), (3, 4), (2, 3), (1, 2), (0, 1), (4, 5), (3, 4), (2, 3), (1, 2), (4, 5), (3, 4), (2, 3), (1, 2), (4, 5), (3, 4), (2, 3), (1, 2), (0, 1), (1, 2), (3, 4), (2, 3), (1, 2), (0, 1), (1, 2), (4, 5), (3, 4), (2, 3), (5, 6), (4, 5), (3, 4), (2, 3), (1, 2), (0, 1), (2, 3), (3, 4), (5, 6), (4, 5), (3, 4), (2, 3), (4, 5), (3, 4), (5, 6), (4, 5), (3, 4), (2, 3), (1, 2), (0, 1), (3, 4), (2, 3), (4, 5), (3, 4), (2, 3), (1, 2), (4, 5), (3, 4), (4, 5), (5, 6), (4, 5), (3, 4), (2, 3), (4, 5), (3, 4), (2, 3), (1, 2), (2, 3), (1, 2), (5, 6), (4, 5), (3, 4), (2, 3), (1, 2), (0, 1), (2, 3), (5, 6), (4, 5), (3, 4), (2, 3), (1, 2), (0, 1), (5, 6), (4, 5), (3, 4), (2, 3), (1, 2), (2, 3), (3, 4), (2, 3), (1, 2), (3, 4), (4, 5), (5, 6), (4, 5), (3, 4), (2, 3), (1, 2), (0, 1), (4, 5), (3, 4), (4, 5), (5, 6), (4, 5), (3, 4), (2, 3), (1, 2), (0, 1), (2, 3), (3, 4), (2, 3), (5, 6), (4, 5), (3, 4), (2, 3), (1, 2), (0, 1), (1, 2), (0, 1), (4, 5), (3, 4), (2, 3), (1, 2), (5, 6), (4, 5), (3, 4), (2, 3), (1, 2), (0, 1), (1, 2), (3, 4), (2, 3), (1, 2), (4, 5), (3, 4), (5, 6), (4, 5), (3, 4), (2, 3), (1, 2), (0, 1), (2, 3), (3, 4), (2, 3), (1, 2), (4, 5), (3, 4), (2, 3), (5, 6), (4, 5), (3, 4), (2, 3), (1, 2), (0, 1), (2, 3), (5, 6), (4, 5), (3, 4), (2, 3), (1, 2), (0, 1), (2, 3), (1, 2), (2, 3), (5, 6), (4, 5), (3, 4), (2, 3), (1, 2), (0, 1), (2, 3), (5, 6), (4, 5), (3, 4), (2, 3), (4, 5), (3, 4), (2, 3), (5, 6), (4, 5), (3, 4), (2, 3), (1, 2), (0, 1), (1, 2), (2, 3), (3, 4), (2, 3), (1, 2), (0, 1), (1, 2), (4, 5), (3, 4), (2, 3), (1, 2), (2, 3), (4, 5), (3, 4), (2, 3), (1, 2), (0, 1), (5, 6), (4, 5), (3, 4), (2, 3), (1, 2), (3, 4), (2, 3), (1, 2), (0, 1), (2, 3), (5, 6), (4, 5), (3, 4), (2, 3), (1, 2), (0, 1), (5, 6), (4, 5), (3, 4), (2, 3), (1, 2), (0, 1), (2, 3), (3, 4), (2, 3), (4, 5), (3, 4), (2, 3), (1, 2), (0, 1), (5, 6), (4, 5), (3, 4), (2, 3), (1, 2), (0, 1), (2, 3), (5, 6), (4, 5), (3, 4), (2, 3), (4, 5), (3, 4), (2, 3), (5, 6), (4, 5), (3, 4), (2, 3), (1, 2), (0, 1), (4, 5), (3, 4), (2, 3), (1, 2), (0, 1), (5, 6), (4, 5), (3, 4), (2, 3), (1, 2), (4, 5), (3, 4), (2, 3), (5, 6), (4, 5), (3, 4), (2, 3), (1, 2), (5, 6), (4, 5), (6, 7), (5, 6), (4, 5), (3, 4), (2, 3), (1, 2), (0, 1), (1, 2), (4, 5), (3, 4), (5, 6), (4, 5), (3, 4), (2, 3), (1, 2), (5, 6), (4, 5), (6, 7), (5, 6), (4, 5), (3, 4), (2, 3), (1, 2), (0, 1), (4, 5), (5, 6), (4, 5), (3, 4), (2, 3), (1, 2), (0, 1), (3, 4), (2, 3), (1, 2), (3, 4), (5, 6), (6, 7), (5, 6), (4, 5), (3, 4), (2, 3), (1, 2), (0, 1), (4, 5), (3, 4), (5, 6), (4, 5), (3, 4), (2, 3), (1, 2), (0, 1), (4, 5), (5, 6), (4, 5), (3, 4), (2, 3), (1, 2), (0, 1), (5, 6), (4, 5), (3, 4), (2, 3), (1, 2), (3, 4), (4, 5), (3, 4), (5, 6), (4, 5), (3, 4), (2, 3), (1, 2), (5, 6), (6, 7), (5, 6), (4, 5), (3, 4), (2, 3), (1, 2), (0, 1), (1, 2), (3, 4), (2, 3), (3, 4), (4, 5), (5, 6), (4, 5), (3, 4), (2, 3), (1, 2), (0, 1), (1, 2), (2, 3), (4, 5), (3, 4), (2, 3), (1, 2), (5, 6), (4, 5), (3, 4), (2, 3), (1, 2), (4, 5), (5, 6), (4, 5), (3, 4), (6, 7), (5, 6), (4, 5), (3, 4), (2, 3), (1, 2), (2, 3), (1, 2), (3, 4), (5, 6), (4, 5), (3, 4), (2, 3), (1, 2), (0, 1), (4, 5), (3, 4), (2, 3), (1, 2), (0, 1), (2, 3), (4, 5), (5, 6), (4, 5), (3, 4), (2, 3), (1, 2), (0, 1), (3, 4), (5, 6), (6, 7), (5, 6), (4, 5), (3, 4), (2, 3), (4, 5), (5, 6), (4, 5), (6, 7), (5, 6), (4, 5), (3, 4), (2, 3), (3, 4), (2, 3), (6, 7), (5, 6), (4, 5), (3, 4), (2, 3), (1, 2), (2, 3), (1, 2), (0, 1), (5, 6), (4, 5), (3, 4), (2, 3), (1, 2), (0, 1), (2, 3), (3, 4), (2, 3), (1, 2), (3, 4), (5, 6), (4, 5), (3, 4), (2, 3), (3, 4), (6, 7), (5, 6), (4, 5), (3, 4), (2, 3), (1, 2), (0, 1), (2, 3), (5, 6), (4, 5), (3, 4), (2, 3), (1, 2), (6, 7), (5, 6), (4, 5), (3, 4), (2, 3), (1, 2), (0, 1), (4, 5), (6, 7), (5, 6), (4, 5), (3, 4), (2, 3), (1, 2), (0, 1), (3, 4), (6, 7), (5, 6), (4, 5), (3, 4), (2, 3), (1, 2), (3, 4), (2, 3), (5, 6), (4, 5), (3, 4), (2, 3), (4, 5), (3, 4), (4, 5), (6, 7), (5, 6), (4, 5), (3, 4), (2, 3), (1, 2), (0, 1), (2, 3), (4, 5), (5, 6), (4, 5), (3, 4), (2, 3), (1, 2), (4, 5), (5, 6), (6, 7), (5, 6), (4, 5), (3, 4), (2, 3), (1, 2), (0, 1), (3, 4), (5, 6), (4, 5), (3, 4), (2, 3), (1, 2), (0, 1), (1, 2), (4, 5), (3, 4), (6, 7), (5, 6), (4, 5), (3, 4), (2, 3), (1, 2), (0, 1), (2, 3), (1, 2), (4, 5), (3, 4), (5, 6), (6, 7), (5, 6), (4, 5), (3, 4), (2, 3), (1, 2), (0, 1), (2, 3), (1, 2), (3, 4), (2, 3), (1, 2), (5, 6), (6, 7), (5, 6), (4, 5), (3, 4), (2, 3), (1, 2), (4, 5), (7, 8), (6, 7), (5, 6), (4, 5), (3, 4), (2, 3), (1, 2), (4, 5), (6, 7), (5, 6), (6, 7), (7, 8), (6, 7), (5, 6), (4, 5), (3, 4), (2, 3), (1, 2), (0, 1), (4, 5), (3, 4), (2, 3), (3, 4), (5, 6), (4, 5), (3, 4), (2, 3), (1, 2), (7, 8), (6, 7), (5, 6), (4, 5), (3, 4), (2, 3), (1, 2), (0, 1), (1, 2), (2, 3), (1, 2), (4, 5), (6, 7), (7, 8), (6, 7), (5, 6), (4, 5), (3, 4), (2, 3), (1, 2), (0, 1), (3, 4), (2, 3), (4, 5), (3, 4), (5, 6), (4, 5), (3, 4), (2, 3), (1, 2), (0, 1), (2, 3), (1, 2), (4, 5), (5, 6), (6, 7), (5, 6), (4, 5), (3, 4), (2, 3), (1, 2), (0, 1), (4, 5), (3, 4), (2, 3), (1, 2), (3, 4), (4, 5), (3, 4), (2, 3), (1, 2), (4, 5), (6, 7), (5, 6), (4, 5), (3, 4), (2, 3), (1, 2), (3, 4), (5, 6), (4, 5), (3, 4), (6, 7), (5, 6), (7, 8), (6, 7), (5, 6), (4, 5), (3, 4), (2, 3), (1, 2), (3, 4), (2, 3), (3, 4), (5, 6), (4, 5), (5, 6), (6, 7), (5, 6), (4, 5), (3, 4), (6, 7), (5, 6), (4, 5), (5, 6), (6, 7), (7, 8), (6, 7), (5, 6), (4, 5), (3, 4), (2, 3), (1, 2), (3, 4), (5, 6), (4, 5), (3, 4), (7, 8), (6, 7), (5, 6), (4, 5), (3, 4), (2, 3), (1, 2), (0, 1), (1, 2), (2, 3), (1, 2), (4, 5), (3, 4), (2, 3), (1, 2), (0, 1), (2, 3), (6, 7), (5, 6), (7, 8), (6, 7), (5, 6), (4, 5), (3, 4), (2, 3), (1, 2), (0, 1), (3, 4), (7, 8), (6, 7), (5, 6), (4, 5), (3, 4), (2, 3), (1, 2), (2, 3), (5, 6), (4, 5), (3, 4), (5, 6), (6, 7), (5, 6), (4, 5), (3, 4), (2, 3), (1, 2), (3, 4), (4, 5), (3, 4), (2, 3), (4, 5), (6, 7), (5, 6), (4, 5), (3, 4), (6, 7), (5, 6), (7, 8), (6, 7), (5, 6), (4, 5), (3, 4), (2, 3), (1, 2), (0, 1), (2, 3), (1, 2), (3, 4), (2, 3), (4, 5), (3, 4), (2, 3), (1, 2), (0, 1), (3, 4), (6, 7), (5, 6), (4, 5), (3, 4), (2, 3), (1, 2), (0, 1), (5, 6), (4, 5), (6, 7), (5, 6), (4, 5), (3, 4), (2, 3), (1, 2), (0, 1), (2, 3), (5, 6), (7, 8), (6, 7), (5, 6), (4, 5), (3, 4), (2, 3), (4, 5), (5, 6), (4, 5), (3, 4), (2, 3), (5, 6), (6, 7), (5, 6), (7, 8), (6, 7), (5, 6), (4, 5), (3, 4), (2, 3), (1, 2), (3, 4), (2, 3), (4, 5), (3, 4), (6, 7), (5, 6), (4, 5), (3, 4), (2, 3), (1, 2), (0, 1), (2, 3), (5, 6), (6, 7), (5, 6), (4, 5), (3, 4), (2, 3), (1, 2), (0, 1), (1, 2), (2, 3), (6, 7), (5, 6), (7, 8), (6, 7), (5, 6), (4, 5), (3, 4), (2, 3), (1, 2), (2, 3), (5, 6), (7, 8), (6, 7), (5, 6), (4, 5), (3, 4), (2, 3), (1, 2), (0, 1), (3, 4), (2, 3), (1, 2), (0, 1), (2, 3), (6, 7), (5, 6), (6, 7), (7, 8), (6, 7), (5, 6), (4, 5), (3, 4), (2, 3), (1, 2), (0, 1), (5, 6), (4, 5), (3, 4), (2, 3), (1, 2), (0, 1), (6, 7), (5, 6), (4, 5), (3, 4), (2, 3), (7, 8), (6, 7), (5, 6), (4, 5), (3, 4), (2, 3), (1, 2), (4, 5), (3, 4), (6, 7), (5, 6), (4, 5), (3, 4), (2, 3), (1, 2), (0, 1), (4, 5), (3, 4), (2, 3), (1, 2), (0, 1), (7, 8), (6, 7), (5, 6), (4, 5), (3, 4), (2, 3), (1, 2), (0, 1), (1, 2), (4, 5), (7, 8), (6, 7), (5, 6), (4, 5), (3, 4), (2, 3), (1, 2), (0, 1), (4, 5), (5, 6), (4, 5), (3, 4), (4, 5), (5, 6), (4, 5), (6, 7), (5, 6), (4, 5), (3, 4), (4, 5), (3, 4), (2, 3), (1, 2), (0, 1), (2, 3), (3, 4), (4, 5), (7, 8), (6, 7), (5, 6), (4, 5), (3, 4), (2, 3), (1, 2), (0, 1), (4, 5), (3, 4), (2, 3), (1, 2), (4, 5), (5, 6), (4, 5), (3, 4), (4, 5), (3, 4), (2, 3), (1, 2), (7, 8), (6, 7), (5, 6), (4, 5), (3, 4), (6, 7), (7, 8), (6, 7), (5, 6), (4, 5), (3, 4), (2, 3), (1, 2), (4, 5), (8, 9), (7, 8), (6, 7), (5, 6), (4, 5), (3, 4), (2, 3), (1, 2), (0, 1), (4, 5), (8, 9), (7, 8), (6, 7), (5, 6), (4, 5), (3, 4), (2, 3), (1, 2), (3, 4), (7, 8), (6, 7), (5, 6), (7, 8), (8, 9), (7, 8), (6, 7), (5, 6), (4, 5), (3, 4), (2, 3), (1, 2), (0, 1), (7, 8), (6, 7), (5, 6), (4, 5), (3, 4), (2, 3), (1, 2), (3, 4), (8, 9), (7, 8), (6, 7), (5, 6), (4, 5), (3, 4), (2, 3), (1, 2), (0, 1), (3, 4), (6, 7), (5, 6), (4, 5), (3, 4), (2, 3), (6, 7), (5, 6), (8, 9), (7, 8), (6, 7), (5, 6), (4, 5), (3, 4), (2, 3), (1, 2), (0, 1), (3, 4), (2, 3), (6, 7), (5, 6), (4, 5), (8, 9), (7, 8), (6, 7), (5, 6), (4, 5), (3, 4), (2, 3), (4, 5), (3, 4), (2, 3), (1, 2), (6, 7), (8, 9), (7, 8), (6, 7), (5, 6), (4, 5), (3, 4), (2, 3), (1, 2), (0, 1), (5, 6), (6, 7), (8, 9), (7, 8), (6, 7), (5, 6), (4, 5), (3, 4), (2, 3), (5, 6), (4, 5), (3, 4), (2, 3), (1, 2), (5, 6), (7, 8), (6, 7), (5, 6), (4, 5), (3, 4), (4, 5), (3, 4), (6, 7), (5, 6), (4, 5), (3, 4), (2, 3), (1, 2), (0, 1), (1, 2), (2, 3), (1, 2), (7, 8), (6, 7), (5, 6), (4, 5), (3, 4), (2, 3), (1, 2), (2, 3), (3, 4), (2, 3), (1, 2), (8, 9), (7, 8), (6, 7), (5, 6), (4, 5), (3, 4), (2, 3), (1, 2), (0, 1), (4, 5), (3, 4), (2, 3), (5, 6), (4, 5), (3, 4), (7, 8), (6, 7), (5, 6), (4, 5), (3, 4), (2, 3), (1, 2), (0, 1), (3, 4), (2, 3), (4, 5), (3, 4), (2, 3), (1, 2), (0, 1), (4, 5), (6, 7), (5, 6), (7, 8), (6, 7), (5, 6), (4, 5), (3, 4), (2, 3), (1, 2), (5, 6), (4, 5), (6, 7), (5, 6), (4, 5), (6, 7), (8, 9), (7, 8), (6, 7), (5, 6), (4, 5), (3, 4), (2, 3), (1, 2), (0, 1), (4, 5), (3, 4), (2, 3), (5, 6), (4, 5), (3, 4), (2, 3), (3, 4), (4, 5), (3, 4), (6, 7), (5, 6), (4, 5), (3, 4), (2, 3), (7, 8), (6, 7), (5, 6), (4, 5), (3, 4), (2, 3), (1, 2), (8, 9), (7, 8), (6, 7), (5, 6), (4, 5), (3, 4), (2, 3), (1, 2), (0, 1), (1, 2), (2, 3), (1, 2), (2, 3), (5, 6), (4, 5), (6, 7), (5, 6), (4, 5), (3, 4), (2, 3), (1, 2), (0, 1), (2, 3), (1, 2), (0, 1), (6, 7), (5, 6), (4, 5), (5, 6), (8, 9), (7, 8), (6, 7), (5, 6), (4, 5), (3, 4), (2, 3), (1, 2), (0, 1), (3, 4), (2, 3), (1, 2), (4, 5), (3, 4), (2, 3), (1, 2), (5, 6), (4, 5), (3, 4), (7, 8), (6, 7), (5, 6), (4, 5), (7, 8), (6, 7), (5, 6), (8, 9), (7, 8), (6, 7), (5, 6), (4, 5), (3, 4), (2, 3), (1, 2), (0, 1), (2, 3), (3, 4), (2, 3), (1, 2), (5, 6), (4, 5), (3, 4), (2, 3), (1, 2), (4, 5), (3, 4), (6, 7), (7, 8), (6, 7), (5, 6), (4, 5), (3, 4), (2, 3), (1, 2), (3, 4), (2, 3), (5, 6), (6, 7), (8, 9), (7, 8), (6, 7), (5, 6), (4, 5), (3, 4), (2, 3), (1, 2), (3, 4), (7, 8), (6, 7), (5, 6), (4, 5), (3, 4), (2, 3), (1, 2), (0, 1), (5, 6), (8, 9), (7, 8), (6, 7), (5, 6), (4, 5), (3, 4), (2, 3), (1, 2), (0, 1), (1, 2), (2, 3), (5, 6), (4, 5), (5, 6), (7, 8), (6, 7), (5, 6), (4, 5), (3, 4), (2, 3), (1, 2), (2, 3), (8, 9), (7, 8), (6, 7), (5, 6), (4, 5), (3, 4), (2, 3), (1, 2), (0, 1), (6, 7), (5, 6), (4, 5), (3, 4), (6, 7), (7, 8), (6, 7), (5, 6), (4, 5), (3, 4), (2, 3), (1, 2), (0, 1), (3, 4), (2, 3), (6, 7)]
