results/lll/svpchallengedim40seed2dim15delta0.98999995.txt: 184.650 sec
b: [[60770191, -29241192, -15859902, -38461579, 5502267, -11194852, -10880577, -33126342, 49316809, 18418515, 46064323, 41090246, 31948056, -1418710, -270291],
 [6300455, -25280054, 53394937, 26560848, -15919946, -12956626, -73148842, -758744, 38757191, -10880990, 37377007, 46029038, -8558761, -20036045, -4320122],
 [-37508802, -17446651, -24709950, -14382458, 33446417, -26651581, -65991441, 39676168, 19799319, -36163141, 37814394, -7227520, 10181959, 40563075, -1649899],
 [-32654238, 10895184, 17535136, 5247536, 8012321, 69368372, 41050449, -2506689, 32489635, 23282185, -41164737, -13759663, 5573690, -29412303, 57997094],
 [23512571, 12309564, -31389802, -6057725, -50972133, -2877362, -62837181, 45105196, 24449917, -7860587, 25005228, 35984091, -6019885, 58307353, -36191007],
 [10710216, -13685507, -5246612, -18152584, 14134083, -45022404, 32697185, 14816392, 18436128, 33084595, -16035363, -8122023, 73476563, 64154986, -47248052],
 [-36341198, 27421302, 86160850, 30609902, 3545143, 62441381, 1769238, -16039523, 13431434, -12695684, 12628191, 43981966, 29978227, 31082360, 386906],
 [-25631874, 48904153, 41657650, 9218098, -11340529, -37023730, 16431112, -1523363, 52227299, 59134399, -1736371, -33803777, 1281108, -12084026, 42195202],
 [-13425642, -84556181, 31774879, 7756027, -48916471, -30755845, 26167119, -1520228, 1732730, 31268729, -12653, 42882710, -39833754, -40420611, -77429492],
 [-6492670, 42806572, 698614, 55920647, 29703986, -29997826, -13421816, 4985392, 45080859, -32133765, -17723728, -56969767, 16054083, 6766373, -44589535],
 [-17893513, 37503155, 8622481, -27272668, 2515487, 19891787, -52726605, 67705622, -14728559, -63053856, -15278419, -9548489, -6630698, -44560517, -34839677],
 [-30218143, 28395609, -26730570, 30595227, -15507779, 41748435, -18783117, -40949809, -61882977, 45498505, -30352390, 36364300, -82210534, 16108139, -47200124],
 [-48389747, -24008502, -16049350, -51369275, -64190649, 44989260, -4539827, -23356854, 26536772, 65180796, -25204145, -7679850, 52890918, -8236332, -10359232],
 [-65499455, 50839594, -1805524, 83010833, -56323886, -24434115, 30360142, -19324305, -13848447, -8798479, -1175370, 51080044, 28787642, 20747837, -8600764],
 [-18684914, 55960387, 20474017, -55693011, 28782891, -13321733, -21227886, -26005976, -6554307, -57331998, -70782527, -31707914, 7852667, 67579326, -54692773]], shape=[15, 15], strides=[15, 1], layout=Cc (0x5), const ndim=2
v_norms: [15254717709979744, 211376757523597365041772162430511/15254717709979744, 2945594622799009612567362776421127949007436253199/211376757523597365041772162430511, 34945371392279890648715140214588837841430698398080465414436210089/2945594622799009612567362776421127949007436253199, 360567104197749308514642423105112648502308098825420162591441988895705489502634437/34945371392279890648715140214588837841430698398080465414436210089, 4244578056311816049737332558368782132934085244530451611656536210291760404391635777212538075687273/360567104197749308514642423105112648502308098825420162591441988895705489502634437, 44903969077211169162095101298298708913753168223563726865271862490530134123962541425728222051532302834059668054120/4244578056311816049737332558368782132934085244530451611656536210291760404391635777212538075687273, 457433583225986007923119440109596759784348714919308214346149518719541858653016514548094990036000565338519499467246391288245988223/44903969077211169162095101298298708913753168223563726865271862490530134123962541425728222051532302834059668054120, 4852421154104988472058978466155437412055288796881327064051710207088364448113086129555633181278540075166423936961422508395395674242098163439786505/457433583225986007923119440109596759784348714919308214346149518719541858653016514548094990036000565338519499467246391288245988223, 42767646525027804828157285684654273262522246646543125639599243147598355565927724740689379934960455538611412002673280074016683751460353602396449889858355431287392/4852421154104988472058978466155437412055288796881327064051710207088364448113086129555633181278540075166423936961422508395395674242098163439786505, 408374098073374165178703199110146036599230406768163651611296231797507660107608107744484446215521867118756562795031879633007332763341578305739717704358141646129101072881225190207/42767646525027804828157285684654273262522246646543125639599243147598355565927724740689379934960455538611412002673280074016683751460353602396449889858355431287392, 305652842057615586782456681976505103546700678967035060623031362261795548740828570780174180172979483429853940062784360363875833723789992195141652691200020653176868292997339765395430929784263161/31413392159490320398361784546934310507633108212935665508561248599808281546739085211114188170424759009135120215002452279462102520257044485056901361873703203548392390221632706939, 35982574673269313445179467446425610459627698166065121147092939394587282144257326184077919782054138119615577855687412101846151592121393211390909948656978591283509029390176836490840582044303329546303170966955977/3973486946749002628171936865694566346107108826571455788099407709403342133630771420142264342248733284588101220816196684730385838409269898536841484985600268491299287808965416950140602087195421093, 373560375078404570300670933300940684413652512916715585428594468722146033818219123129600929849973649168378370793491745635785417374013422924336940831113774252803234915189719494577415378068968954903668662780109848392643247260582/35982574673269313445179467446425610459627698166065121147092939394587282144257326184077919782054138119615577855687412101846151592121393211390909948656978591283509029390176836490840582044303329546303170966955977, 3468287585974050604774439085108554766681095904449490782532408558820799971446912200169098884155278262402657048060314007695099477058350627510176872515581723540506379642904992102434614917531819511246695382788173343454302248117102540610188816001/373560375078404570300670933300940684413652512916715585428594468722146033818219123129600929849973649168378370793491745635785417374013422924336940831113774252803234915189719494577415378068968954903668662780109848392643247260582], shape=[15], strides=[1], layout=CFcf (0xf), const ndim=1
Mu { arr: [5212393460751273/15254717709979744, 1085377778077105/15254717709979744, 62410738620903396707453015578375/211376757523597365041772162430511, -77460559518589/287824862452448, -44314723631433066177335317153687/211376757523597365041772162430511, -1183980564092249566272241331277100331993031347411/2945594622799009612567362776421127949007436253199, 4167222805801695/15254717709979744, 70946555476991730993927232682057/211376757523597365041772162430511, 1315173498137818535790951125335943878145975791124/2945594622799009612567362776421127949007436253199, -13784188141154839882276694838248475000299620309039575126033754087/34945371392279890648715140214588837841430698398080465414436210089, 2141507273505495/7627358854989872, -94362811877956166082434298361054/211376757523597365041772162430511, 824694743519819155067910234716181326626710448673/2945594622799009612567362776421127949007436253199, -8964603193074793507391125320808839434863948379624742636627461164/34945371392279890648715140214588837841430698398080465414436210089, 29715993246861940960255793990392502213448239416229127580687193121488341731786425/360567104197749308514642423105112648502308098825420162591441988895705489502634437, -18778234618585/143912431226224, 98590616553855708192994288986730/211376757523597365041772162430511, -697507130526316084267590200485817538749469927011/2945594622799009612567362776421127949007436253199, 15946337051740083903074405643834155277036257038514874283603447132/34945371392279890648715140214588837841430698398080465414436210089, 15443521989845830465342574258587674419420042147134848581811216481182183096688028/120189034732583102838214141035037549500769366275140054197147329631901829834211479, 1579521119829692365034137160523413051637060970091463482490112461340992526925307187425441375980898/4244578056311816049737332558368782132934085244530451611656536210291760404391635777212538075687273, -768304750472993/7627358854989872, 13189734548070178460350799484370/211376757523597365041772162430511, -678414759685487576384265389474259770187913920206/2945594622799009612567362776421127949007436253199, 14920899518518634138271870321764289836354499821010020381742165820/34945371392279890648715140214588837841430698398080465414436210089, -31702288475009556487100077911852376467175568893908894854283345737489959913892334/360567104197749308514642423105112648502308098825420162591441988895705489502634437, 1560811662880510621909862746079114454970056695988719209036767920467866005487546290934050621011619/4244578056311816049737332558368782132934085244530451611656536210291760404391635777212538075687273, -13595221595739671948910821168131261789981883551875458937245658340236846380474776120679797815324640257774767035051/44903969077211169162095101298298708913753168223563726865271862490530134123962541425728222051532302834059668054120, 1923708206965639/15254717709979744, 87687269865365550870200825599233/211376757523597365041772162430511, -470651192928594967503991288139044553132136104710/981864874266336537522454258807042649669145417733, -16564868866258351060788645403007783996199958964415133203885343947/34945371392279890648715140214588837841430698398080465414436210089, -4651295457136377224472751495805431981098729916222636593471755375133983296196567/40063011577527700946071380345012516500256455425046684732382443210633943278070493, 1312925966270847521244654551149437299320596428935267849797393318166006601496683250420382620304320/4244578056311816049737332558368782132934085244530451611656536210291760404391635777212538075687273, -3814826015009480471668942648517981526552198948199074502396453648533087688092329287063628967052153677860968856975/8980793815442233832419020259659741782750633644712745373054372498106026824792508285145644410306460566811933610824, -211810341451775782197068384388129316459121057179068279954885562309735931809320960412251636760823057767410899261239753281498338465/457433583225986007923119440109596759784348714919308214346149518719541858653016514548094990036000565338519499467246391288245988223, -1084649638070455/3813679427494936, 22997748809730312347905004918236/211376757523597365041772162430511, 786933945117076448004397507252100491769698108858/2945594622799009612567362776421127949007436253199, -3661438983816036402381615575291807797126574740711525266147159629/34945371392279890648715140214588837841430698398080465414436210089, -36553245336074270302736484168349230929703135414503715231731674197647259734667589/360567104197749308514642423105112648502308098825420162591441988895705489502634437, 1652410323423608696394562612800637251955428574834264938838604045909818414793549668891081658115548/4244578056311816049737332558368782132934085244530451611656536210291760404391635777212538075687273, -4766536202979648576389688882467773946947099826692256030379985910280634714224556746552942138806952714309600457067/44903969077211169162095101298298708913753168223563726865271862490530134123962541425728222051532302834059668054120, 114870961848087090524248755720132433633933556929632187510074590670925918772032447287999134886851872344997655127015053396235796311/457433583225986007923119440109596759784348714919308214346149518719541858653016514548094990036000565338519499467246391288245988223, -2063027619708790210618393720170415953257206085410689420757570726476791149964963029107082366029109424194513289823281473429879484015110807910247247/4852421154104988472058978466155437412055288796881327064051710207088364448113086129555633181278540075166423936961422508395395674242098163439786505, -784110717996335/1906839713747468, 69120358618914814404308118300376/211376757523597365041772162430511, 990649020210955878119872926565611528168373866988/2945594622799009612567362776421127949007436253199, -2123161753799781892864898386715874761273255393405694569632705463/34945371392279890648715140214588837841430698398080465414436210089, 71481229622080399340187463657610508957022424213140600819506870636410029429587649/360567104197749308514642423105112648502308098825420162591441988895705489502634437, -1244883170443006860108150776812236369107025372804438666315120195602412444537045667079101671717356/4244578056311816049737332558368782132934085244530451611656536210291760404391635777212538075687273, -1783839488862660014219741540522578527862332450537106836436352661754495420873506545516853848256789124317998223437/44903969077211169162095101298298708913753168223563726865271862490530134123962541425728222051532302834059668054120, -118004101353650159859051253853415484047359132540899519953374568862243606362695716688885171923771371994122289145712136333322072559/457433583225986007923119440109596759784348714919308214346149518719541858653016514548094990036000565338519499467246391288245988223, -916288709919215490570731058681374113158663923983080994541241109655196646506459141142462721633607099117190770469178227217269064846388303739305139/4852421154104988472058978466155437412055288796881327064051710207088364448113086129555633181278540075166423936961422508395395674242098163439786505, 8533823169284333062208741577666489177760193605574279769796401043128283113669316147613881403628430436627683945020786677464511098680568955291386806554253589738909/42767646525027804828157285684654273262522246646543125639599243147598355565927724740689379934960455538611412002673280074016683751460353602396449889858355431287392, -3582824668437979/7627358854989872, 370551761585267073843554142290/19216068865781578640161105675501, -360332006853321946512327747086862977069855431560/981864874266336537522454258807042649669145417733, -13868871756779495977420829884699474258431810548103188926380405729/34945371392279890648715140214588837841430698398080465414436210089, 17129167747792687813590700286675291812949388232254114891426740401297941482753151/40063011577527700946071380345012516500256455425046684732382443210633943278070493, -1686284053433925067771917783233679049501384154431848026667796612533352378630576460324591367662217/4244578056311816049737332558368782132934085244530451611656536210291760404391635777212538075687273, 10875363233989935182888578086051684667408034524258857577843549405863136697971533864622536301906079258389915871191/44903969077211169162095101298298708913753168223563726865271862490530134123962541425728222051532302834059668054120, -59119104985172682133528038296064749249557507543018521654766203479080636517897607008577835737064362172516273573806411669001895083/457433583225986007923119440109596759784348714919308214346149518719541858653016514548094990036000565338519499467246391288245988223, 1893111726067629341840723282794067089312052797187062789679422149361726478486577308497494004909350151395584317595555911976869309866874627703119798/4852421154104988472058978466155437412055288796881327064051710207088364448113086129555633181278540075166423936961422508395395674242098163439786505, -11717881912207147452870877154702052803187916394313133332814569747174396776725285444213854014407648981565198844617214071087351753787564225535703061033638239799/6109663789289686404022469383522039037503178092363303662799891878228336509418246391527054276422922219801630286096182867716669107351479086056635698551193633041056, -13548770818727183892169612779175670001703447546083483958974828952920111179918433816531248398347662768781543735572521983617734985631827194054130136599436818035558197219054337783/31413392159490320398361784546934310507633108212935665508561248599808281546739085211114188170424759009135120215002452279462102520257044485056901361873703203548392390221632706939, 2694859036609269/15254717709979744, -49890609384187715489871249037757/211376757523597365041772162430511, -164709472579009378524962512979577549607086157295/981864874266336537522454258807042649669145417733, 17100340658587673898487332530775781875970817552153199353193000279/34945371392279890648715140214588837841430698398080465414436210089, 148771954967003543095534209964537454303321519693402299856730947386427489462347871/360567104197749308514642423105112648502308098825420162591441988895705489502634437, 1419006773942251297556637246635875442629408800079633431020572702719251878209221090234442096154241/4244578056311816049737332558368782132934085244530451611656536210291760404391635777212538075687273, -1736488118114611297826699705039853664984051765601490359264354420690436047205788597142303708881420222640227785897/8980793815442233832419020259659741782750633644712745373054372498106026824792508285145644410306460566811933610824, -45465412147697200220226723250034620601120155106110329238409095057159397106520388213388180798497520490047722291205205596612966095/457433583225986007923119440109596759784348714919308214346149518719541858653016514548094990036000565338519499467246391288245988223, 2202579692792324678279954998784508386293501414750819451509700523566383044668626075889511876003666354910203793847168571656118177596282700456699428/4852421154104988472058978466155437412055288796881327064051710207088364448113086129555633181278540075166423936961422508395395674242098163439786505, -470884729187901386813443178146182060675575545626190207306909164820086062841109442497552342927803496053303422622263525262246818218174821069164479791031333601547/1781985271876158534506553570193928052605093610272630234983301797816598148580321864195390830623352314108808833444720003084028489644181400099852078744098142970308, 68968642510963413521806026742370074725481508502920101430074053180330799888003360643342436584087202136348716016684413402306843880257361754424936549240263320706494879126865759880/408374098073374165178703199110146036599230406768163651611296231797507660107608107744484446215521867118756562795031879633007332763341578305739717704358141646129101072881225190207, 96312102178326872043538953702563163777954631649141571320326340895645257640156282646877021409635611497203216227651958732713023771517803328275063682392007173442247315098744813141180836624464792/305652842057615586782456681976505103546700678967035060623031362261795548740828570780174180172979483429853940062784360363875833723789992195141652691200020653176868292997339765395430929784263161, -3132675260471903/7627358854989872, 42709508019401692459332612791630/211376757523597365041772162430511, -224335159761260917115159473363120390827861070719/981864874266336537522454258807042649669145417733, -7044774196756121555294822891758816185296987188001669046416119002/34945371392279890648715140214588837841430698398080465414436210089, 34228497234860775574649201035833477242867653279099195352097082665029119035121960/120189034732583102838214141035037549500769366275140054197147329631901829834211479, 1467732074464561411221357105492775673292062730048794005272131362765638653586887063018542476000558/4244578056311816049737332558368782132934085244530451611656536210291760404391635777212538075687273, 20296629801153382755434366323500178325480477459991423511627645697885101534954875892340818280409108150949054744623/44903969077211169162095101298298708913753168223563726865271862490530134123962541425728222051532302834059668054120, 137996683638451520364442171945358251265225999614286550951422949968953314592385227320595372079031003924943438399031500985132498181/457433583225986007923119440109596759784348714919308214346149518719541858653016514548094990036000565338519499467246391288245988223, 720201502469236314871467859721450541501734843055097917232996463859496251407485148970082153248248764120216342933879516821082924415036343297244294/4852421154104988472058978466155437412055288796881327064051710207088364448113086129555633181278540075166423936961422508395395674242098163439786505, 2876500745852127524877516566742280110521583098512014330761969093030194551527578268144344989882058539070161936459340754350327682508108429966522861319784952833653/21383823262513902414078642842327136631261123323271562819799621573799177782963862370344689967480227769305706001336640037008341875730176801198224944929177715643696, -178602652535251136079924756276414163967418318971232254375308992286347525528287402590291307619998901044272066577635709332710627329888494072868643015142252722704496951157865966642/408374098073374165178703199110146036599230406768163651611296231797507660107608107744484446215521867118756562795031879633007332763341578305739717704358141646129101072881225190207, -35159335515115715258160482036989989599942389642101931510820288764254361287455112095143235503759033339036467989840476976751895629428597436552733952341694461399079207522563716564330279545784410/305652842057615586782456681976505103546700678967035060623031362261795548740828570780174180172979483429853940062784360363875833723789992195141652691200020653176868292997339765395430929784263161, 9527608587573606940180165035441818774961816617373445119628642947086928081788926810919025262071820010875516025672871663161219634818927941648747334224957750081504822248754696808661305246595797783299632050163302/35982574673269313445179467446425610459627698166065121147092939394587282144257326184077919782054138119615577855687412101846151592121393211390909948656978591283509029390176836490840582044303329546303170966955977, -5327406490976979/15254717709979744, -56922808964271905083657257376565/211376757523597365041772162430511, 1182592176268126352778183750182228307246009726109/2945594622799009612567362776421127949007436253199, -10291890556950696780189735023199084054017453213292492714579411161/34945371392279890648715140214588837841430698398080465414436210089, 26554279616828990987704791642424518055238179028035036392736000677788943544962512/360567104197749308514642423105112648502308098825420162591441988895705489502634437, 1457041567037307265011994576323753649718672021655190117322100643357677611398814084831382423376931/4244578056311816049737332558368782132934085244530451611656536210291760404391635777212538075687273, 21018736724668457431576416201863444528239592941917984697271062141761912610043600566212468888986487032269621092111/44903969077211169162095101298298708913753168223563726865271862490530134123962541425728222051532302834059668054120, 14248142251373369999669156305093295201262707031354549775489125872178005868502937720139709522080120759214693317400194489683906197/457433583225986007923119440109596759784348714919308214346149518719541858653016514548094990036000565338519499467246391288245988223, -1562118593004513833589035560196156848066364175556773066277043718958314286441658024490899830975201648083187339508888550483220481783111246272400221/4852421154104988472058978466155437412055288796881327064051710207088364448113086129555633181278540075166423936961422508395395674242098163439786505, 4827170855009873811751260088513805882461681077367605379822740539373568242531693809367603278772162921911395253295355140195282433456595349389991149141381441554587/14255882175009268276052428561551424420840748882181041879866414382532785188642574913563126644986818512870470667557760024672227917153451200798816629952785143762464, 181359365904342618844344156948573213688875059575932486931753033222243164726690276178767448351988337675801427787230500741858324862301442573820841169193080572573623789619792347707/408374098073374165178703199110146036599230406768163651611296231797507660107608107744484446215521867118756562795031879633007332763341578305739717704358141646129101072881225190207, 38803684288400076946019325827787541955182688912635926342678675687823639543519657019052150106185785302981526487563821877264811698328772534346171571180570878490653579747962884524732467879111023/101884280685871862260818893992168367848900226322345020207677120753931849580276190260058060057659827809951313354261453454625277907929997398380550897066673551058956097665779921798476976594754387, 5482753732471387930337735424529541361582826886864143438961119204599965162983281277075948338175150808173848609603216254656823283395352596563210738356933300655235415598188482583363247214060558262657187500770133/35982574673269313445179467446425610459627698166065121147092939394587282144257326184077919782054138119615577855687412101846151592121393211390909948656978591283509029390176836490840582044303329546303170966955977, -131640605211168124544606886940831031228249931305616222128284634175569945399650351655130348346022231545616124906726170471397575106335999146677302412177600932417037262259284559680922809685124333096818888656269757321732372687515/373560375078404570300670933300940684413652512916715585428594468722146033818219123129600929849973649168378370793491745635785417374013422924336940831113774252803234915189719494577415378068968954903668662780109848392643247260582] }
(hist.len, cnt): (4489, 8598)
[(0, 1), (0, 1), (0, 1), (0, 1), (0, 1), (0, 1), (0, 1), (0, 1), (0, 1), (0, 1), (0, 1), (0, 1), (0, 1), (0, 1), (0, 1), (0, 1), (0, 1), (0, 1), (0, 1), (0, 1), (0, 1), (0, 1), (0, 1), (0, 1), (0, 1), (0, 1), (0, 1), (0, 1), (0, 1), (0, 1), (0, 1), (0, 1), (0, 1), (0, 1), (0, 1), (0, 1), (0, 1), (0, 1), (0, 1), (0, 1), (0, 1), (0, 1), (0, 1), (0, 1), (0, 1), (0, 1), (0, 1), (0, 1), (0, 1), (0, 1), (0, 1), (0, 1), (0, 1), (0, 1), (0, 1), (0, 1), (0, 1), (0, 1), (0, 1), (0, 1), (0, 1), (0, 1), (0, 1), (0, 1), (0, 1), (0, 1), (0, 1), (0, 1), (0, 1), (0, 1), (0, 1), (0, 1), (0, 1), (0, 1), (0, 1), (0, 1), (1, 2), (0, 1), (1, 2), (0, 1), (1, 2), (0, 1), (0, 1), (1, 2), (0, 1), (1, 2), (0, 1), (1, 2), (1, 2), (0, 1), (1, 2), (0, 1), (1, 2), (0, 1), (1, 2), (0, 1), (1, 2), (0, 1), (1, 2), (0, 1), (1, 2), (0, 1), (1, 2), (1, 2), (1, 2), (0, 1), (1, 2), (0, 1), (1, 2), (0, 1), (1, 2), (0, 1), (1, 2), (0, 1), (0, 1), (1, 2), (0, 1), (1, 2), (0, 1), (1, 2), (0, 1), (1, 2), (0, 1), (1, 2), (0, 1), (1, 2), (0, 1), (1, 2), (0, 1), (0, 1), (0, 1), (1, 2), (0, 1), (1, 2), (0, 1), (1, 2), (0, 1), (1, 2), (0, 1), (0, 1), (1, 2), (0, 1), (1, 2), (0, 1), (1, 2), (0, 1), (1, 2), (0, 1), (1, 2), (0, 1), (1, 2), (0, 1), (1, 2), (0, 1), (1, 2), (0, 1), (1, 2), (1, 2), (0, 1), (1, 2), (0, 1), (1, 2), (0, 1), (1, 2), (0, 1), (1, 2), (0, 1), (0, 1), (1, 2), (0, 1), (1, 2), (0, 1), (1, 2), (2, 3), (1, 2), (0, 1), (1, 2), (0, 1), (1, 2), (2, 3), (1, 2), (0, 1), (1, 2), (0, 1), (2, 3), (1, 2), (0, 1), (2, 3), (1, 2), (0, 1), (2, 3), (1, 2), (0, 1), (2, 3), (1, 2), (2, 3), (1, 2), (0, 1), (2, 3), (1, 2), (2, 3), (1, 2), (0, 1), (2, 3), (1, 2), (0, 1), (2, 3), (1, 2), (2, 3), (1, 2), (0, 1), (1, 2), (0, 1), (2, 3), (1, 2), (0, 1), (2, 3), (1, 2), (0, 1), (2, 3), (1, 2), (0, 1), (2, 3), (1, 2), (2, 3), (1, 2), (0, 1), (1, 2), (2, 3), (1, 2), (0, 1), (1, 2), (2, 3), (1, 2), (1, 2), (0, 1), (2, 3), (1, 2), (0, 1), (2, 3), (1, 2), (0, 1), (1, 2), (2, 3), (1, 2), (0, 1), (1, 2), (0, 1), (1, 2), (2, 3), (1, 2), (0, 1), (0, 1), (2, 3), (1, 2), (2, 3), (1, 2), (0, 1), (1, 2), (1, 2), (0, 1), (2, 3), (1, 2), (0, 1), (2, 3), (1, 2), (0, 1), (2, 3), (1, 2), (0, 1), (2, 3), (1, 2), (0, 1), (2, 3), (1, 2), (0, 1), (2, 3), (1, 2), (2, 3), (1, 2), (0, 1), (2, 3), (1, 2), (0, 1), (1, 2), (2, 3), (1, 2), (0, 1), (2, 3), (1, 2), (2, 3), (1, 2), (0, 1), (2, 3), (1, 2), (0, 1), (2, 3), (1, 2), (0, 1), (0, 1), (2, 3), (1, 2), (2, 3), (1, 2), (0, 1), (1, 2), (2, 3), (1, 2), (0, 1), (2, 3), (1, 2), (0, 1), (1, 2), (2, 3), (1, 2), (0, 1), (1, 2), (2, 3), (1, 2), (2, 3), (1, 2), (0, 1), (1, 2), (3, 4), (2, 3), (1, 2), (3, 4), (2, 3), (1, 2), (0, 1), (1, 2), (0, 1), (3, 4), (2, 3), (1, 2), (0, 1), (2, 3), (1, 2), (0, 1), (3, 4), (2, 3), (1, 2), (3, 4), (2, 3), (1, 2), (0, 1), (3, 4), (2, 3), (1, 2), (2, 3), (3, 4), (2, 3), (1, 2), (3, 4), (2, 3), (1, 2), (3, 4), (2, 3), (1, 2), (0, 1), (2, 3), (1, 2), (0, 1), (3, 4), (2, 3), (1, 2), (3, 4), (2, 3), (1, 2), (0, 1), (1, 2), (0, 1), (1, 2), (2, 3), (3, 4), (2, 3), (1, 2), (0, 1), (3, 4), (2, 3), (1, 2), (3, 4), (2, 3), (1, 2), (3, 4), (2, 3), (1, 2), (3, 4), (2, 3), (1, 2), (2, 3), (3, 4), (2, 3), (1, 2), (2, 3), (1, 2), (0, 1), (2, 3), (1, 2), (3, 4), (2, 3), (1, 2), (0, 1), (1, 2), (2, 3), (1, 2), (3, 4), (2, 3), (1, 2), (2, 3), (3, 4), (2, 3), (1, 2), (0, 1), (1, 2), (0, 1), (2, 3), (3, 4), (2, 3), (1, 2), (0, 1), (2, 3), (1, 2), (0, 1), (1, 2), (3, 4), (2, 3), (1, 2), (0, 1), (1, 2), (3, 4), (2, 3), (1, 2), (0, 1), (3, 4), (2, 3), (1, 2), (0, 1), (1, 2), (0, 1), (3, 4), (2, 3), (1, 2), (0, 1), (3, 4), (2, 3), (1, 2), (2, 3), (1, 2), (3, 4), (2, 3), (1, 2), (0, 1), (2, 3), (1, 2), (2, 3), (1, 2), (3, 4), (2, 3), (1, 2), (0, 1), (3, 4), (2, 3), (1, 2), (2, 3), (1, 2), (3, 4), (2, 3), (1, 2), (0, 1), (3, 4), (2, 3), (1, 2), (0, 1), (1, 2), (3, 4), (2, 3), (1, 2), (3, 4), (2, 3), (1, 2), (0, 1), (3, 4), (2, 3), (1, 2), (0, 1), (1, 2), (0, 1), (3, 4), (2, 3), (1, 2), (0, 1), (1, 2), (3, 4), (2, 3), (1, 2), (0, 1), (2, 3), (3, 4), (2, 3), (1, 2), (0, 1), (1, 2), (2, 3), (1, 2), (3, 4), (2, 3), (1, 2), (0, 1), (1, 2), (3, 4), (2, 3), (1, 2), (0, 1), (1, 2), (2, 3), (3, 4), (2, 3), (1, 2), (0, 1), (2, 3), (3, 4), (2, 3), (1, 2), (0, 1), (3, 4), (2, 3), (1, 2), (4, 5), (3, 4), (2, 3), (1, 2), (0, 1), (2, 3), (1, 2), (4, 5), (3, 4), (2, 3), (1, 2), (0, 1), (1, 2), (4, 5), (3, 4), (2, 3), (1, 2), (2, 3), (4, 5), (3, 4), (2, 3), (1, 2), (0, 1), (1, 2), (0, 1), (4, 5), (3, 4), (2, 3), (1, 2), (0, 1), (3, 4), (2, 3), (1, 2), (4, 5), (3, 4), (2, 3), (1, 2), (0, 1), (1, 2), (2, 3), (3, 4), (2, 3), (1, 2), (0, 1), (4, 5), (3, 4), (2, 3), (1, 2), (0, 1), (1, 2), (2, 3), (1, 2), (0, 1), (3, 4), (4, 5), (3, 4), (2, 3), (1, 2), (0, 1), (2, 3), (1, 2), (3, 4), (2, 3), (1, 2), (0, 1), (2, 3), (1, 2), (3, 4), (2, 3), (1, 2), (0, 1), (1, 2), (3, 4), (4, 5), (3, 4), (2, 3), (1, 2), (0, 1), (2, 3), (4, 5), (3, 4), (2, 3), (1, 2), (0, 1), (2, 3), (1, 2), (4, 5), (3, 4), (2, 3), (1, 2), (0, 1), (2, 3), (3, 4), (2, 3), (1, 2), (0, 1), (3, 4), (2, 3), (4, 5), (3, 4), (2, 3), (1, 2), (4, 5), (3, 4), (2, 3), (1, 2), (0, 1), (2, 3), (1, 2), (2, 3), (1, 2), (3, 4), (2, 3), (1, 2), (0, 1), (3, 4), (2, 3), (3, 4), (4, 5), (3, 4), (2, 3), (1, 2), (4, 5), (3, 4), (2, 3), (4, 5), (3, 4), (2, 3), (1, 2), (0, 1), (4, 5), (3, 4), (2, 3), (1, 2), (0, 1), (2, 3), (1, 2), (4, 5), (3, 4), (2, 3), (4, 5), (3, 4), (2, 3), (1, 2), (0, 1), (1, 2), (3, 4), (2, 3), (1, 2), (0, 1), (4, 5), (3, 4), (2, 3), (1, 2), (0, 1), (1, 2), (4, 5), (3, 4), (2, 3), (1, 2), (0, 1), (2, 3), (4, 5), (3, 4), (2, 3), (1, 2), (0, 1), (2, 3), (3, 4), (2, 3), (1, 2), (4, 5), (3, 4), (2, 3), (1, 2), (0, 1), (3, 4), (4, 5), (3, 4), (2, 3), (1, 2), (2, 3), (3, 4), (4, 5), (3, 4), (2, 3), (1, 2), (0, 1), (3, 4), (2, 3), (1, 2), (0, 1), (1, 2), (4, 5), (3, 4), (2, 3), (1, 2), (0, 1), (4, 5), (3, 4), (2, 3), (1, 2), (4, 5), (3, 4), (2, 3), (1, 2), (4, 5), (3, 4), (2, 3), (1, 2), (0, 1), (1, 2), (3, 4), (2, 3), (1, 2), (0, 1), (1, 2), (4, 5), (3, 4), (2, 3), (5, 6), (4, 5), (3, 4), (2, 3), (1, 2), (0, 1), (2, 3), (3, 4), (5, 6), (4, 5), (3, 4), (2, 3), (4, 5), (3, 4), (5, 6), (4, 5), (3, 4), (2, 3), (1, 2), (0, 1), (3, 4), (2, 3), (4, 5), (3, 4), (2, 3), (1, 2), (4, 5), (3, 4), (4, 5), (5, 6), (4, 5), (3, 4), (2, 3), (4, 5), (3, 4), (2, 3), (1, 2), (2, 3), (1, 2), (5, 6), (4, 5), (3, 4), (2, 3), (1, 2), (0, 1), (2, 3), (5, 6), (4, 5), (3, 4), (2, 3), (1, 2), (0, 1), (5, 6), (4, 5), (3, 4), (2, 3), (1, 2), (2, 3), (3, 4), (2, 3), (1, 2), (3, 4), (4, 5), (5, 6), (4, 5), (3, 4), (2, 3), (1, 2), (0, 1), (4, 5), (3, 4), (4, 5), (5, 6), (4, 5), (3, 4), (2, 3), (1, 2), (0, 1), (2, 3), (3, 4), (2, 3), (5, 6), (4, 5), (3, 4), (2, 3), (1, 2), (0, 1), (1, 2), (0, 1), (4, 5), (3, 4), (2, 3), (1, 2), (5, 6), (4, 5), (3, 4), (2, 3), (1, 2), (0, 1), (1, 2), (3, 4), (2, 3), (1, 2), (4, 5), (3, 4), (5, 6), (4, 5), (3, 4), (2, 3), (1, 2), (0, 1), (2, 3), (3, 4), (2, 3), (1, 2), (4, 5), (3, 4), (2, 3), (5, 6), (4, 5), (3, 4), (2, 3), (1, 2), (0, 1), (2, 3), (5, 6), (4, 5), (3, 4), (2, 3), (1, 2), (0, 1), (2, 3), (1, 2), (2, 3), (5, 6), (4, 5), (3, 4), (2, 3), (1, 2), (0, 1), (2, 3), (5, 6), (4, 5), (3, 4), (2, 3), (4, 5), (3, 4), (2, 3), (5, 6), (4, 5), (3, 4), (2, 3), (1, 2), (0, 1), (1, 2), (2, 3), (3, 4), (2, 3), (1, 2), (0, 1), (1, 2), (4, 5), (3, 4), (2, 3), (1, 2), (2, 3), (4, 5), (3, 4), (2, 3), (1, 2), (0, 1), (5, 6), (4, 5), (3, 4), (2, 3), (1, 2), (3, 4), (2, 3), (1, 2), (0, 1), (2, 3), (5, 6), (4, 5), (3, 4), (2, 3), (1, 2), (0, 1), (5, 6), (4, 5), (3, 4), (2, 3), (1, 2), (0, 1), (2, 3), (3, 4), (2, 3), (4, 5), (3, 4), (2, 3), (1, 2), (0, 1), (5, 6), (4, 5), (3, 4), (2, 3), (1, 2), (0, 1), (2, 3), (5, 6), (4, 5), (3, 4), (2, 3), (4, 5), (3, 4), (2, 3), (5, 6), (4, 5), (3, 4), (2, 3), (1, 2), (0, 1), (4, 5), (3, 4), (2, 3), (1, 2), (0, 1), (5, 6), (4, 5), (3, 4), (2, 3), (1, 2), (4, 5), (3, 4), (2, 3), (5, 6), (4, 5), (3, 4), (2, 3), (1, 2), (5, 6), (4, 5), (6, 7), (5, 6), (4, 5), (3, 4), (2, 3), (1, 2), (0, 1), (1, 2), (4, 5), (3, 4), (5, 6), (4, 5), (3, 4), (2, 3), (1, 2), (5, 6), (4, 5), (6, 7), (5, 6), (4, 5), (3, 4), (2, 3), (1, 2), (0, 1), (4, 5), (5, 6), (4, 5), (3, 4), (2, 3), (1, 2), (0, 1), (3, 4), (2, 3), (1, 2), (3, 4), (5, 6), (6, 7), (5, 6), (4, 5), (3, 4), (2, 3), (1, 2), (0, 1), (4, 5), (3, 4), (5, 6), (4, 5), (3, 4), (2, 3), (1, 2), (0, 1), (4, 5), (5, 6), (4, 5), (3, 4), (2, 3), (1, 2), (0, 1), (5, 6), (4, 5), (3, 4), (2, 3), (1, 2), (3, 4), (4, 5), (3, 4), (5, 6), (4, 5), (3, 4), (2, 3), (1, 2), (5, 6), (6, 7), (5, 6), (4, 5), (3, 4), (2, 3), (1, 2), (0, 1), (1, 2), (3, 4), (2, 3), (3, 4), (4, 5), (5, 6), (4, 5), (3, 4), (2, 3), (1, 2), (0, 1), (1, 2), (2, 3), (4, 5), (3, 4), (2, 3), (1, 2), (5, 6), (4, 5), (3, 4), (2, 3), (1, 2), (4, 5), (5, 6), (4, 5), (3, 4), (6, 7), (5, 6), (4, 5), (3, 4), (2, 3), (1, 2), (2, 3), (1, 2), (3, 4), (5, 6), (4, 5), (3, 4), (2, 3), (1, 2), (0, 1), (4, 5), (3, 4), (2, 3), (1, 2), (0, 1), (2, 3), (4, 5), (5, 6), (4, 5), (3, 4), (2, 3), (1, 2), (0, 1), (3, 4), (5, 6), (6, 7), (5, 6), (4, 5), (3, 4), (2, 3), (4, 5), (5, 6), (4, 5), (6, 7), (5, 6), (4, 5), (3, 4), (2, 3), (3, 4), (2, 3), (6, 7), (5, 6), (4, 5), (3, 4), (2, 3), (1, 2), (2, 3), (1, 2), (0, 1), (5, 6), (4, 5), (3, 4), (2, 3), (1, 2), (0, 1), (2, 3), (3, 4), (2, 3), (1, 2), (3, 4), (5, 6), (4, 5), (3, 4), (2, 3), (3, 4), (6, 7), (5, 6), (4, 5), (3, 4), (2, 3), (1, 2), (0, 1), (2, 3), (5, 6), (4, 5), (3, 4), (2, 3), (1, 2), (6, 7), (5, 6), (4, 5), (3, 4), (2, 3), (1, 2), (0, 1), (4, 5), (6, 7), (5, 6), (4, 5), (3, 4), (2, 3), (1, 2), (0, 1), (3, 4), (6, 7), (5, 6), (4, 5), (3, 4), (2, 3), (1, 2), (3, 4), (2, 3), (5, 6), (4, 5), (3, 4), (2, 3), (4, 5), (3, 4), (4, 5), (6, 7), (5, 6), (4, 5), (3, 4), (2, 3), (1, 2), (0, 1), (2, 3), (4, 5), (5, 6), (4, 5), (3, 4), (2, 3), (1, 2), (4, 5), (5, 6), (6, 7), (5, 6), (4, 5), (3, 4), (2, 3), (1, 2), (0, 1), (3, 4), (5, 6), (4, 5), (3, 4), (2, 3), (1, 2), (0, 1), (1, 2), (4, 5), (3, 4), (6, 7), (5, 6), (4, 5), (3, 4), (2, 3), (1, 2), (0, 1), (2, 3), (1, 2), (4, 5), (3, 4), (5, 6), (6, 7), (5, 6), (4, 5), (3, 4), (2, 3), (1, 2), (0, 1), (2, 3), (1, 2), (3, 4), (2, 3), (1, 2), (5, 6), (6, 7), (5, 6), (4, 5), (3, 4), (2, 3), (1, 2), (4, 5), (7, 8), (6, 7), (5, 6), (4, 5), (3, 4), (2, 3), (1, 2), (4, 5), (6, 7), (5, 6), (6, 7), (7, 8), (6, 7), (5, 6), (4, 5), (3, 4), (2, 3), (1, 2), (0, 1), (4, 5), (3, 4), (2, 3), (3, 4), (5, 6), (4, 5), (3, 4), (2, 3), (1, 2), (7, 8), (6, 7), (5, 6), (4, 5), (3, 4), (2, 3), (1, 2), (0, 1), (1, 2), (2, 3), (1, 2), (4, 5), (6, 7), (7, 8), (6, 7), (5, 6), (4, 5), (3, 4), (2, 3), (1, 2), (0, 1), (3, 4), (2, 3), (4, 5), (3, 4), (5, 6), (4, 5), (3, 4), (2, 3), (1, 2), (0, 1), (2, 3), (1, 2), (4, 5), (5, 6), (6, 7), (5, 6), (4, 5), (3, 4), (2, 3), (1, 2), (0, 1), (4, 5), (3, 4), (2, 3), (1, 2), (3, 4), (4, 5), (3, 4), (2, 3), (1, 2), (4, 5), (6, 7), (5, 6), (4, 5), (3, 4), (2, 3), (1, 2), (3, 4), (5, 6), (4, 5), (3, 4), (6, 7), (5, 6), (7, 8), (6, 7), (5, 6), (4, 5), (3, 4), (2, 3), (1, 2), (3, 4), (2, 3), (3, 4), (5, 6), (4, 5), (5, 6), (6, 7), (5, 6), (4, 5), (3, 4), (6, 7), (5, 6), (4, 5), (5, 6), (6, 7), (7, 8), (6, 7), (5, 6), (4, 5), (3, 4), (2, 3), (1, 2), (3, 4), (5, 6), (4, 5), (3, 4), (7, 8), (6, 7), (5, 6), (4, 5), (3, 4), (2, 3), (1, 2), (0, 1), (1, 2), (2, 3), (1, 2), (4, 5), (3, 4), (2, 3), (1, 2), (0, 1), (2, 3), (6, 7), (5, 6), (7, 8), (6, 7), (5, 6), (4, 5), (3, 4), (2, 3), (1, 2), (0, 1), (3, 4), (7, 8), (6, 7), (5, 6), (4, 5), (3, 4), (2, 3), (1, 2), (2, 3), (5, 6), (4, 5), (3, 4), (5, 6), (6, 7), (5, 6), (4, 5), (3, 4), (2, 3), (1, 2), (3, 4), (4, 5), (3, 4), (2, 3), (4, 5), (6, 7), (5, 6), (4, 5), (3, 4), (6, 7), (5, 6), (7, 8), (6, 7), (5, 6), (4, 5), (3, 4), (2, 3), (1, 2), (0, 1), (2, 3), (1, 2), (3, 4), (2, 3), (4, 5), (3, 4), (2, 3), (1, 2), (0, 1), (3, 4), (6, 7), (5, 6), (4, 5), (3, 4), (2, 3), (1, 2), (0, 1), (5, 6), (4, 5), (6, 7), (5, 6), (4, 5), (3, 4), (2, 3), (1, 2), (0, 1), (2, 3), (5, 6), (7, 8), (6, 7), (5, 6), (4, 5), (3, 4), (2, 3), (4, 5), (5, 6), (4, 5), (3, 4), (2, 3), (5, 6), (6, 7), (5, 6), (7, 8), (6, 7), (5, 6), (4, 5), (3, 4), (2, 3), (1, 2), (3, 4), (2, 3), (4, 5), (3, 4), (6, 7), (5, 6), (4, 5), (3, 4), (2, 3), (1, 2), (0, 1), (2, 3), (5, 6), (6, 7), (5, 6), (4, 5), (3, 4), (2, 3), (1, 2), (0, 1), (1, 2), (2, 3), (6, 7), (5, 6), (7, 8), (6, 7), (5, 6), (4, 5), (3, 4), (2, 3), (1, 2), (2, 3), (5, 6), (7, 8), (6, 7), (5, 6), (4, 5), (3, 4), (2, 3), (1, 2), (0, 1), (3, 4), (2, 3), (1, 2), (0, 1), (2, 3), (6, 7), (5, 6), (6, 7), (7, 8), (6, 7), (5, 6), (4, 5), (3, 4), (2, 3), (1, 2), (0, 1), (5, 6), (4, 5), (3, 4), (2, 3), (1, 2), (0, 1), (6, 7), (5, 6), (4, 5), (3, 4), (2, 3), (7, 8), (6, 7), (5, 6), (4, 5), (3, 4), (2, 3), (1, 2), (4, 5), (3, 4), (6, 7), (5, 6), (4, 5), (3, 4), (2, 3), (1, 2), (0, 1), (4, 5), (3, 4), (2, 3), (1, 2), (0, 1), (7, 8), (6, 7), (5, 6), (4, 5), (3, 4), (2, 3), (1, 2), (0, 1), (1, 2), (4, 5), (7, 8), (6, 7), (5, 6), (4, 5), (3, 4), (2, 3), (1, 2), (0, 1), (4, 5), (5, 6), (4, 5), (3, 4), (4, 5), (5, 6), (4, 5), (6, 7), (5, 6), (4, 5), (3, 4), (4, 5), (3, 4), (2, 3), (1, 2), (0, 1), (2, 3), (3, 4), (4, 5), (7, 8), (6, 7), (5, 6), (4, 5), (3, 4), (2, 3), (1, 2), (0, 1), (4, 5), (3, 4), (2, 3), (1, 2), (4, 5), (5, 6), (4, 5), (3, 4), (4, 5), (3, 4), (2, 3), (1, 2), (7, 8), (6, 7), (5, 6), (4, 5), (3, 4), (6, 7), (7, 8), (6, 7), (5, 6), (4, 5), (3, 4), (2, 3), (1, 2), (4, 5), (8, 9), (7, 8), (6, 7), (5, 6), (4, 5), (3, 4), (2, 3), (1, 2), (0, 1), (4, 5), (8, 9), (7, 8), (6, 7), (5, 6), (4, 5), (3, 4), (2, 3), (1, 2), (3, 4), (7, 8), (6, 7), (5, 6), (7, 8), (8, 9), (7, 8), (6, 7), (5, 6), (4, 5), (3, 4), (2, 3), (1, 2), (0, 1), (7, 8), (6, 7), (5, 6), (4, 5), (3, 4), (2, 3), (1, 2), (3, 4), (8, 9), (7, 8), (6, 7), (5, 6), (4, 5), (3, 4), (2, 3), (1, 2), (0, 1), (3, 4), (6, 7), (5, 6), (4, 5), (3, 4), (2, 3), (6, 7), (5, 6), (8, 9), (7, 8), (6, 7), (5, 6), (4, 5), (3, 4), (2, 3), (1, 2), (0, 1), (3, 4), (2, 3), (6, 7), (5, 6), (4, 5), (8, 9), (7, 8), (6, 7), (5, 6), (4, 5), (3, 4), (2, 3), (4, 5), (3, 4), (2, 3), (1, 2), (6, 7), (8, 9), (7, 8), (6, 7), (5, 6), (4, 5), (3, 4), (2, 3), (1, 2), (0, 1), (5, 6), (6, 7), (8, 9), (7, 8), (6, 7), (5, 6), (4, 5), (3, 4), (2, 3), (5, 6), (4, 5), (3, 4), (2, 3), (1, 2), (5, 6), (7, 8), (6, 7), (5, 6), (4, 5), (3, 4), (4, 5), (3, 4), (6, 7), (5, 6), (4, 5), (3, 4), (2, 3), (1, 2), (0, 1), (1, 2), (2, 3), (1, 2), (7, 8), (6, 7), (5, 6), (4, 5), (3, 4), (2, 3), (1, 2), (2, 3), (3, 4), (2, 3), (1, 2), (8, 9), (7, 8), (6, 7), (5, 6), (4, 5), (3, 4), (2, 3), (1, 2), (0, 1), (4, 5), (3, 4), (2, 3), (5, 6), (4, 5), (3, 4), (7, 8), (6, 7), (5, 6), (4, 5), (3, 4), (2, 3), (1, 2), (0, 1), (3, 4), (2, 3), (4, 5), (3, 4), (2, 3), (1, 2), (0, 1), (4, 5), (6, 7), (5, 6), (7, 8), (6, 7), (5, 6), (4, 5), (3, 4), (2, 3), (1, 2), (5, 6), (4, 5), (6, 7), (5, 6), (4, 5), (6, 7), (8, 9), (7, 8), (6, 7), (5, 6), (4, 5), (3, 4), (2, 3), (1, 2), (0, 1), (4, 5), (3, 4), (2, 3), (5, 6), (4, 5), (3, 4), (2, 3), (3, 4), (4, 5), (3, 4), (6, 7), (5, 6), (4, 5), (3, 4), (2, 3), (7, 8), (6, 7), (5, 6), (4, 5), (3, 4), (2, 3), (1, 2), (8, 9), (7, 8), (6, 7), (5, 6), (4, 5), (3, 4), (2, 3), (1, 2), (0, 1), (1, 2), (2, 3), (1, 2), (2, 3), (5, 6), (4, 5), (6, 7), (5, 6), (4, 5), (3, 4), (2, 3), (1, 2), (0, 1), (2, 3), (1, 2), (0, 1), (6, 7), (5, 6), (4, 5), (5, 6), (8, 9), (7, 8), (6, 7), (5, 6), (4, 5), (3, 4), (2, 3), (1, 2), (0, 1), (3, 4), (2, 3), (1, 2), (4, 5), (3, 4), (2, 3), (1, 2), (5, 6), (4, 5), (3, 4), (7, 8), (6, 7), (5, 6), (4, 5), (7, 8), (6, 7), (5, 6), (8, 9), (7, 8), (6, 7), (5, 6), (4, 5), (3, 4), (2, 3), (1, 2), (0, 1), (2, 3), (3, 4), (2, 3), (1, 2), (5, 6), (4, 5), (3, 4), (2, 3), (1, 2), (4, 5), (3, 4), (6, 7), (7, 8), (6, 7), (5, 6), (4, 5), (3, 4), (2, 3), (1, 2), (3, 4), (2, 3), (5, 6), (6, 7), (8, 9), (7, 8), (6, 7), (5, 6), (4, 5), (3, 4), (2, 3), (1, 2), (3, 4), (7, 8), (6, 7), (5, 6), (4, 5), (3, 4), (2, 3), (1, 2), (0, 1), (5, 6), (8, 9), (7, 8), (6, 7), (5, 6), (4, 5), (3, 4), (2, 3), (1, 2), (0, 1), (1, 2), (2, 3), (5, 6), (4, 5), (5, 6), (7, 8), (6, 7), (5, 6), (4, 5), (3, 4), (2, 3), (1, 2), (2, 3), (8, 9), (7, 8), (6, 7), (5, 6), (4, 5), (3, 4), (2, 3), (1, 2), (0, 1), (6, 7), (5, 6), (4, 5), (3, 4), (6, 7), (7, 8), (6, 7), (5, 6), (4, 5), (3, 4), (2, 3), (1, 2), (0, 1), (3, 4), (2, 3), (6, 7), (9, 10), (8, 9), (7, 8), (6, 7), (5, 6), (4, 5), (3, 4), (2, 3), (3, 4), (7, 8), (6, 7), (8, 9), (7, 8), (6, 7), (5, 6), (4, 5), (3, 4), (2, 3), (1, 2), (0, 1), (1, 2), (4, 5), (8, 9), (9, 10), (8, 9), (7, 8), (6, 7), (5, 6), (4, 5), (3, 4), (2, 3), (1, 2), (0, 1), (3, 4), (2, 3), (5, 6), (4, 5), (3, 4), (2, 3), (1, 2), (3, 4), (2, 3), (4, 5), (3, 4), (8, 9), (7, 8), (6, 7), (5, 6), (4, 5), (3, 4), (2, 3), (1, 2), (0, 1), (3, 4), (6, 7), (5, 6), (9, 10), (8, 9), (7, 8), (6, 7), (5, 6), (7, 8), (8, 9), (7, 8), (6, 7), (5, 6), (4, 5), (3, 4), (2, 3), (5, 6), (4, 5), (6, 7), (7, 8), (9, 10), (8, 9), (7, 8), (6, 7), (5, 6), (4, 5), (3, 4), (2, 3), (1, 2), (2, 3), (3, 4), (2, 3), (6, 7), (5, 6), (4, 5), (3, 4), (2, 3), (4, 5), (6, 7), (7, 8), (6, 7), (8, 9), (7, 8), (6, 7), (5, 6), (4, 5), (3, 4), (2, 3), (1, 2), (3, 4), (7, 8), (6, 7), (8, 9), (7, 8), (6, 7), (5, 6), (4, 5), (3, 4), (2, 3), (1, 2), (3, 4), (2, 3), (1, 2), (5, 6), (6, 7), (5, 6), (4, 5), (6, 7), (9, 10), (8, 9), (7, 8), (6, 7), (5, 6), (4, 5), (3, 4), (2, 3), (1, 2), (0, 1), (2, 3), (1, 2), (0, 1), (6, 7), (8, 9), (7, 8), (6, 7), (7, 8), (6, 7), (5, 6), (4, 5), (9, 10), (8, 9), (7, 8), (6, 7), (5, 6), (4, 5), (3, 4), (2, 3), (1, 2), (0, 1), (3, 4), (2, 3), (1, 2), (7, 8), (6, 7), (5, 6), (6, 7), (9, 10), (8, 9), (7, 8), (6, 7), (5, 6), (4, 5), (3, 4), (2, 3), (1, 2), (7, 8), (6, 7), (8, 9), (7, 8), (9, 10), (8, 9), (7, 8), (6, 7), (5, 6), (4, 5), (3, 4), (2, 3), (4, 5), (5, 6), (4, 5), (6, 7), (5, 6), (4, 5), (6, 7), (7, 8), (6, 7), (5, 6), (4, 5), (3, 4), (2, 3), (3, 4), (2, 3), (1, 2), (2, 3), (6, 7), (5, 6), (7, 8), (6, 7), (5, 6), (6, 7), (8, 9), (7, 8), (6, 7), (8, 9), (7, 8), (9, 10), (8, 9), (7, 8), (6, 7), (5, 6), (4, 5), (3, 4), (2, 3), (1, 2), (0, 1), (3, 4), (4, 5), (3, 4), (6, 7), (5, 6), (4, 5), (3, 4), (2, 3), (1, 2), (0, 1), (1, 2), (3, 4), (7, 8), (8, 9), (7, 8), (6, 7), (5, 6), (4, 5), (3, 4), (2, 3), (1, 2), (0, 1), (4, 5), (7, 8), (9, 10), (8, 9), (7, 8), (6, 7), (5, 6), (4, 5), (3, 4), (2, 3), (1, 2), (0, 1), (1, 2), (3, 4), (2, 3), (7, 8), (8, 9), (7, 8), (6, 7), (5, 6), (6, 7), (7, 8), (6, 7), (9, 10), (8, 9), (7, 8), (6, 7), (5, 6), (4, 5), (3, 4), (2, 3), (1, 2), (0, 1), (1, 2), (0, 1), (5, 6), (4, 5), (8, 9), (7, 8), (6, 7), (5, 6), (4, 5), (3, 4), (2, 3), (3, 4), (5, 6), (4, 5), (3, 4), (6, 7), (8, 9), (9, 10), (8, 9), (7, 8), (6, 7), (5, 6), (4, 5), (3, 4), (2, 3), (1, 2), (4, 5), (5, 6), (6, 7), (5, 6), (4, 5), (3, 4), (2, 3), (1, 2), (0, 1), (1, 2), (7, 8), (6, 7), (5, 6), (4, 5), (3, 4), (2, 3), (1, 2), (2, 3), (7, 8), (9, 10), (8, 9), (7, 8), (6, 7), (5, 6), (4, 5), (3, 4), (2, 3), (1, 2), (0, 1), (1, 2), (4, 5), (3, 4), (2, 3), (4, 5), (5, 6), (4, 5), (3, 4), (2, 3), (6, 7), (5, 6), (4, 5), (3, 4), (5, 6), (8, 9), (9, 10), (8, 9), (7, 8), (6, 7), (5, 6), (4, 5), (3, 4), (2, 3), (4, 5), (3, 4), (2, 3), (1, 2), (0, 1), (3, 4), (6, 7), (7, 8), (6, 7), (5, 6), (4, 5), (3, 4), (2, 3), (1, 2), (0, 1), (1, 2), (4, 5), (3, 4), (2, 3), (3, 4), (6, 7), (5, 6), (4, 5), (3, 4), (2, 3), (5, 6), (4, 5), (5, 6), (7, 8), (6, 7), (5, 6), (4, 5), (3, 4), (2, 3), (1, 2), (2, 3), (9, 10), (8, 9), (7, 8), (6, 7), (5, 6), (4, 5), (3, 4), (2, 3), (3, 4), (4, 5), (3, 4), (2, 3), (1, 2), (0, 1), (9, 10), (8, 9), (7, 8), (6, 7), (5, 6), (4, 5), (3, 4), (2, 3), (3, 4), (5, 6), (10, 11), (9, 10), (8, 9), (7, 8), (6, 7), (5, 6), (4, 5), (3, 4), (2, 3), (1, 2), (0, 1), (4, 5), (3, 4), (2, 3), (3, 4), (4, 5), (3, 4), (5, 6), (4, 5), (3, 4), (2, 3), (1, 2), (3, 4), (4, 5), (6, 7), (7, 8), (6, 7), (5, 6), (4, 5), (3, 4), (2, 3), (9, 10), (10, 11), (9, 10), (8, 9), (7, 8), (6, 7), (5, 6), (4, 5), (3, 4), (2, 3), (1, 2), (0, 1), (3, 4), (9, 10), (10, 11), (9, 10), (8, 9), (7, 8), (6, 7), (5, 6), (7, 8), (8, 9), (7, 8), (6, 7), (5, 6), (4, 5), (10, 11), (9, 10), (8, 9), (7, 8), (6, 7), (5, 6), (4, 5), (3, 4), (5, 6), (4, 5), (3, 4), (2, 3), (7, 8), (8, 9), (7, 8), (6, 7), (5, 6), (4, 5), (6, 7), (7, 8), (9, 10), (8, 9), (7, 8), (6, 7), (5, 6), (4, 5), (3, 4), (2, 3), (1, 2), (0, 1), (1, 2), (4, 5), (5, 6), (4, 5), (3, 4), (2, 3), (1, 2), (2, 3), (6, 7), (5, 6), (4, 5), (3, 4), (2, 3), (1, 2), (0, 1), (7, 8), (6, 7), (5, 6), (4, 5), (3, 4), (2, 3), (1, 2), (0, 1), (4, 5), (3, 4), (2, 3), (4, 5), (8, 9), (10, 11), (9, 10), (8, 9), (7, 8), (6, 7), (5, 6), (4, 5), (3, 4), (2, 3), (1, 2), (0, 1), (4, 5), (3, 4), (2, 3), (5, 6), (4, 5), (3, 4), (2, 3), (1, 2), (0, 1), (6, 7), (5, 6), (4, 5), (3, 4), (4, 5), (9, 10), (8, 9), (7, 8), (6, 7), (5, 6), (4, 5), (3, 4), (7, 8), (8, 9), (7, 8), (6, 7), (5, 6), (4, 5), (3, 4), (2, 3), (9, 10), (8, 9), (7, 8), (9, 10), (10, 11), (9, 10), (8, 9), (7, 8), (6, 7), (5, 6), (4, 5), (3, 4), (2, 3), (1, 2), (0, 1), (4, 5), (3, 4), (6, 7), (7, 8), (6, 7), (7, 8), (8, 9), (7, 8), (6, 7), (7, 8), (9, 10), (8, 9), (7, 8), (6, 7), (8, 9), (7, 8), (9, 10), (8, 9), (10, 11), (9, 10), (8, 9), (7, 8), (6, 7), (5, 6), (4, 5), (3, 4), (2, 3), (1, 2), (0, 1), (3, 4), (2, 3), (5, 6), (9, 10), (8, 9), (7, 8), (6, 7), (5, 6), (4, 5), (5, 6), (10, 11), (9, 10), (8, 9), (7, 8), (6, 7), (5, 6), (4, 5), (3, 4), (2, 3), (1, 2), (0, 1), (3, 4), (4, 5), (5, 6), (7, 8), (10, 11), (9, 10), (8, 9), (7, 8), (6, 7), (5, 6), (4, 5), (3, 4), (2, 3), (1, 2), (0, 1), (2, 3), (5, 6), (4, 5), (3, 4), (2, 3), (6, 7), (5, 6), (4, 5), (3, 4), (2, 3), (6, 7), (7, 8), (6, 7), (9, 10), (8, 9), (7, 8), (10, 11), (9, 10), (8, 9), (7, 8), (6, 7), (5, 6), (4, 5), (3, 4), (2, 3), (1, 2), (0, 1), (1, 2), (3, 4), (6, 7), (5, 6), (4, 5), (3, 4), (2, 3), (1, 2), (2, 3), (6, 7), (5, 6), (4, 5), (3, 4), (7, 8), (8, 9), (7, 8), (9, 10), (10, 11), (9, 10), (8, 9), (7, 8), (6, 7), (5, 6), (4, 5), (3, 4), (2, 3), (1, 2), (5, 6), (4, 5), (8, 9), (7, 8), (6, 7), (5, 6), (4, 5), (3, 4), (2, 3), (1, 2), (2, 3), (5, 6), (4, 5), (7, 8), (8, 9), (10, 11), (9, 10), (8, 9), (7, 8), (6, 7), (5, 6), (4, 5), (3, 4), (6, 7), (5, 6), (8, 9), (7, 8), (9, 10), (8, 9), (7, 8), (8, 9), (10, 11), (9, 10), (8, 9), (7, 8), (6, 7), (5, 6), (4, 5), (3, 4), (2, 3), (1, 2), (0, 1), (3, 4), (4, 5), (3, 4), (5, 6), (4, 5), (3, 4), (5, 6), (6, 7), (7, 8), (6, 7), (5, 6), (4, 5), (3, 4), (2, 3), (1, 2), (2, 3), (6, 7), (7, 8), (6, 7), (9, 10), (8, 9), (7, 8), (6, 7), (5, 6), (4, 5), (3, 4), (2, 3), (5, 6), (4, 5), (3, 4), (5, 6), (8, 9), (7, 8), (6, 7), (5, 6), (4, 5), (3, 4), (2, 3), (1, 2), (0, 1), (3, 4), (2, 3), (6, 7), (5, 6), (4, 5), (3, 4), (9, 10), (8, 9), (7, 8), (6, 7), (5, 6), (4, 5), (3, 4), (2, 3), (6, 7), (7, 8), (6, 7), (5, 6), (6, 7), (10, 11), (9, 10), (8, 9), (7, 8), (6, 7), (5, 6), (4, 5), (3, 4), (2, 3), (1, 2), (0, 1), (3, 4), (6, 7), (5, 6), (4, 5), (3, 4), (2, 3), (1, 2), (0, 1), (1, 2), (2, 3), (1, 2), (7, 8), (6, 7), (5, 6), (4, 5), (5, 6), (6, 7), (9, 10), (8, 9), (7, 8), (6, 7), (5, 6), (4, 5), (3, 4), (2, 3), (1, 2), (0, 1), (2, 3), (6, 7), (5, 6), (4, 5), (3, 4), (2, 3), (3, 4), (5, 6), (4, 5), (3, 4), (5, 6), (4, 5), (7, 8), (6, 7), (5, 6), (4, 5), (6, 7), (8, 9), (7, 8), (6, 7), (7, 8), (6, 7), (5, 6), (6, 7), (9, 10), (8, 9), (7, 8), (11, 12), (10, 11), (9, 10), (8, 9), (7, 8), (6, 7), (5, 6), (4, 5), (3, 4), (2, 3), (1, 2), (0, 1), (4, 5), (3, 4), (2, 3), (1, 2), (2, 3), (4, 5), (5, 6), (4, 5), (9, 10), (8, 9), (7, 8), (6, 7), (5, 6), (4, 5), (3, 4), (2, 3), (3, 4), (4, 5), (5, 6), (6, 7), (10, 11), (9, 10), (8, 9), (7, 8), (6, 7), (5, 6), (4, 5), (3, 4), (2, 3), (1, 2), (0, 1), (1, 2), (11, 12), (10, 11), (9, 10), (8, 9), (7, 8), (6, 7), (5, 6), (4, 5), (3, 4), (2, 3), (5, 6), (4, 5), (7, 8), (6, 7), (5, 6), (8, 9), (7, 8), (6, 7), (5, 6), (4, 5), (3, 4), (7, 8), (6, 7), (9, 10), (8, 9), (7, 8), (6, 7), (5, 6), (4, 5), (3, 4), (2, 3), (1, 2), (0, 1), (6, 7), (5, 6), (7, 8), (6, 7), (5, 6), (6, 7), (8, 9), (7, 8), (9, 10), (8, 9), (10, 11), (9, 10), (8, 9), (7, 8), (6, 7), (5, 6), (4, 5), (3, 4), (2, 3), (1, 2), (0, 1), (3, 4), (5, 6), (9, 10), (8, 9), (7, 8), (6, 7), (5, 6), (4, 5), (3, 4), (2, 3), (1, 2), (0, 1), (1, 2), (3, 4), (4, 5), (7, 8), (6, 7), (5, 6), (7, 8), (9, 10), (8, 9), (7, 8), (6, 7), (5, 6), (8, 9), (7, 8), (8, 9), (10, 11), (9, 10), (8, 9), (7, 8), (6, 7), (5, 6), (4, 5), (3, 4), (2, 3), (6, 7), (8, 9), (9, 10), (8, 9), (7, 8), (6, 7), (5, 6), (4, 5), (3, 4), (2, 3), (1, 2), (0, 1), (3, 4), (7, 8), (6, 7), (7, 8), (8, 9), (9, 10), (10, 11), (9, 10), (8, 9), (7, 8), (6, 7), (5, 6), (4, 5), (3, 4), (2, 3), (1, 2), (0, 1), (5, 6), (4, 5), (3, 4), (2, 3), (1, 2), (3, 4), (5, 6), (8, 9), (7, 8), (8, 9), (10, 11), (9, 10), (8, 9), (7, 8), (6, 7), (5, 6), (4, 5), (3, 4), (11, 12), (10, 11), (9, 10), (8, 9), (7, 8), (6, 7), (5, 6), (4, 5), (3, 4), (2, 3), (8, 9), (7, 8), (8, 9), (10, 11), (9, 10), (8, 9), (7, 8), (6, 7), (5, 6), (4, 5), (3, 4), (2, 3), (1, 2), (0, 1), (2, 3), (7, 8), (6, 7), (5, 6), (4, 5), (8, 9), (10, 11), (9, 10), (8, 9), (7, 8), (6, 7), (5, 6), (4, 5), (3, 4), (11, 12), (10, 11), (9, 10), (8, 9), (7, 8), (6, 7), (5, 6), (4, 5), (3, 4), (2, 3), (3, 4), (4, 5), (3, 4), (5, 6), (6, 7), (5, 6), (7, 8), (6, 7), (5, 6), (4, 5), (7, 8), (6, 7), (8, 9), (7, 8), (6, 7), (5, 6), (4, 5), (3, 4), (2, 3), (1, 2), (4, 5), (3, 4), (2, 3), (9, 10), (8, 9), (7, 8), (6, 7), (5, 6), (4, 5), (3, 4), (2, 3), (5, 6), (4, 5), (8, 9), (10, 11), (9, 10), (8, 9), (7, 8), (6, 7), (5, 6), (4, 5), (3, 4), (2, 3), (1, 2), (0, 1), (1, 2), (3, 4), (6, 7), (7, 8), (6, 7), (5, 6), (6, 7), (8, 9), (9, 10), (8, 9), (7, 8), (6, 7), (5, 6), (4, 5), (3, 4), (2, 3), (1, 2), (4, 5), (9, 10), (10, 11), (9, 10), (8, 9), (7, 8), (6, 7), (9, 10), (8, 9), (7, 8), (6, 7), (9, 10), (11, 12), (10, 11), (9, 10), (8, 9), (7, 8), (6, 7), (5, 6), (4, 5), (3, 4), (2, 3), (1, 2), (0, 1), (1, 2), (6, 7), (5, 6), (6, 7), (5, 6), (4, 5), (8, 9), (7, 8), (6, 7), (5, 6), (4, 5), (7, 8), (10, 11), (9, 10), (8, 9), (7, 8), (6, 7), (8, 9), (7, 8), (9, 10), (8, 9), (7, 8), (6, 7), (8, 9), (7, 8), (10, 11), (9, 10), (11, 12), (10, 11), (9, 10), (8, 9), (7, 8), (6, 7), (5, 6), (4, 5), (3, 4), (6, 7), (5, 6), (4, 5), (3, 4), (2, 3), (1, 2), (0, 1), (3, 4), (4, 5), (3, 4), (2, 3), (3, 4), (4, 5), (3, 4), (5, 6), (4, 5), (3, 4), (2, 3), (1, 2), (6, 7), (8, 9), (7, 8), (6, 7), (5, 6), (4, 5), (9, 10), (8, 9), (7, 8), (10, 11), (9, 10), (8, 9), (7, 8), (6, 7), (5, 6), (4, 5), (3, 4), (2, 3), (1, 2), (0, 1), (2, 3), (6, 7), (5, 6), (4, 5), (5, 6), (6, 7), (8, 9), (9, 10), (10, 11), (9, 10), (8, 9), (7, 8), (10, 11), (11, 12), (10, 11), (9, 10), (8, 9), (7, 8), (6, 7), (5, 6), (4, 5), (3, 4), (2, 3), (1, 2), (0, 1), (4, 5), (3, 4), (4, 5), (5, 6), (4, 5), (3, 4), (4, 5), (6, 7), (7, 8), (8, 9), (7, 8), (6, 7), (7, 8), (11, 12), (10, 11), (9, 10), (8, 9), (7, 8), (6, 7), (5, 6), (4, 5), (5, 6), (4, 5), (3, 4), (7, 8), (8, 9), (7, 8), (6, 7), (5, 6), (4, 5), (3, 4), (9, 10), (8, 9), (7, 8), (6, 7), (5, 6), (4, 5), (3, 4), (4, 5), (11, 12), (10, 11), (9, 10), (8, 9), (7, 8), (6, 7), (5, 6), (4, 5), (3, 4), (2, 3), (1, 2), (3, 4), (2, 3), (3, 4), (4, 5), (3, 4), (5, 6), (7, 8), (8, 9), (7, 8), (6, 7), (5, 6), (4, 5), (3, 4), (2, 3), (1, 2), (0, 1), (1, 2), (3, 4), (6, 7), (5, 6), (7, 8), (8, 9), (9, 10), (8, 9), (7, 8), (6, 7), (5, 6), (8, 9), (7, 8), (11, 12), (10, 11), (9, 10), (8, 9), (7, 8), (6, 7), (5, 6), (4, 5), (3, 4), (2, 3), (1, 2), (3, 4), (2, 3), (4, 5), (9, 10), (8, 9), (7, 8), (6, 7), (5, 6), (4, 5), (3, 4), (6, 7), (5, 6), (4, 5), (3, 4), (6, 7), (7, 8), (6, 7), (5, 6), (4, 5), (8, 9), (7, 8), (6, 7), (7, 8), (10, 11), (9, 10), (8, 9), (7, 8), (6, 7), (5, 6), (7, 8), (8, 9), (10, 11), (11, 12), (10, 11), (9, 10), (8, 9), (7, 8), (6, 7), (5, 6), (4, 5), (3, 4), (2, 3), (1, 2), (0, 1), (2, 3), (3, 4), (2, 3), (1, 2), (2, 3), (5, 6), (4, 5), (6, 7), (8, 9), (7, 8), (6, 7), (5, 6), (4, 5), (3, 4), (2, 3), (1, 2), (0, 1), (2, 3), (1, 2), (2, 3), (4, 5), (5, 6), (6, 7), (5, 6), (4, 5), (3, 4), (5, 6), (7, 8), (8, 9), (9, 10), (8, 9), (7, 8), (6, 7), (5, 6), (4, 5), (3, 4), (2, 3), (1, 2), (0, 1), (7, 8), (6, 7), (5, 6), (6, 7), (7, 8), (11, 12), (10, 11), (9, 10), (8, 9), (7, 8), (6, 7), (5, 6), (4, 5), (3, 4), (7, 8), (8, 9), (7, 8), (6, 7), (5, 6), (4, 5), (7, 8), (9, 10), (10, 11), (9, 10), (8, 9), (7, 8), (8, 9), (9, 10), (8, 9), (11, 12), (10, 11), (9, 10), (8, 9), (10, 11), (9, 10), (12, 13), (11, 12), (10, 11), (9, 10), (8, 9), (7, 8), (6, 7), (5, 6), (4, 5), (3, 4), (2, 3), (1, 2), (0, 1), (6, 7), (8, 9), (7, 8), (6, 7), (5, 6), (4, 5), (3, 4), (2, 3), (1, 2), (3, 4), (7, 8), (9, 10), (8, 9), (7, 8), (6, 7), (5, 6), (4, 5), (3, 4), (2, 3), (1, 2), (5, 6), (4, 5), (5, 6), (6, 7), (5, 6), (7, 8), (6, 7), (8, 9), (9, 10), (10, 11), (9, 10), (8, 9), (7, 8), (6, 7), (5, 6), (4, 5), (3, 4), (2, 3), (1, 2), (6, 7), (5, 6), (9, 10), (8, 9), (7, 8), (6, 7), (9, 10), (8, 9), (7, 8), (9, 10), (10, 11), (9, 10), (8, 9), (11, 12), (10, 11), (12, 13), (11, 12), (10, 11), (9, 10), (8, 9), (7, 8), (6, 7), (5, 6), (4, 5), (3, 4), (2, 3), (1, 2), (4, 5), (5, 6), (8, 9), (7, 8), (6, 7), (5, 6), (9, 10), (8, 9), (7, 8), (6, 7), (5, 6), (4, 5), (3, 4), (2, 3), (1, 2), (0, 1), (10, 11), (9, 10), (8, 9), (12, 13), (11, 12), (10, 11), (9, 10), (8, 9), (7, 8), (6, 7), (5, 6), (4, 5), (3, 4), (2, 3), (7, 8), (6, 7), (7, 8), (8, 9), (7, 8), (6, 7), (5, 6), (4, 5), (3, 4), (4, 5), (3, 4), (2, 3), (1, 2), (0, 1), (3, 4), (2, 3), (1, 2), (4, 5), (3, 4), (11, 12), (10, 11), (11, 12), (12, 13), (11, 12), (10, 11), (9, 10), (8, 9), (7, 8), (6, 7), (9, 10), (8, 9), (7, 8), (6, 7), (10, 11), (9, 10), (8, 9), (7, 8), (11, 12), (10, 11), (9, 10), (8, 9), (7, 8), (6, 7), (7, 8), (6, 7), (9, 10), (8, 9), (9, 10), (10, 11), (9, 10), (8, 9), (7, 8), (6, 7), (5, 6), (4, 5), (3, 4), (2, 3), (12, 13), (11, 12), (10, 11), (9, 10), (8, 9), (7, 8), (6, 7), (5, 6), (4, 5), (3, 4), (2, 3), (1, 2), (0, 1), (4, 5), (3, 4), (5, 6), (4, 5), (3, 4), (2, 3), (8, 9), (10, 11), (9, 10), (8, 9), (10, 11), (11, 12), (10, 11), (11, 12), (12, 13), (11, 12), (10, 11), (9, 10), (8, 9), (7, 8), (6, 7), (5, 6), (4, 5), (3, 4), (2, 3), (1, 2), (0, 1), (1, 2), (3, 4), (4, 5), (3, 4), (2, 3), (4, 5), (6, 7), (9, 10), (8, 9), (11, 12), (10, 11), (9, 10), (8, 9), (7, 8), (6, 7), (5, 6), (4, 5), (3, 4), (2, 3), (4, 5), (6, 7), (8, 9), (10, 11), (11, 12), (10, 11), (9, 10), (8, 9), (7, 8), (6, 7), (5, 6), (4, 5), (3, 4), (2, 3), (1, 2), (4, 5), (6, 7), (9, 10), (8, 9), (9, 10), (10, 11), (9, 10), (8, 9), (7, 8), (6, 7), (5, 6), (4, 5), (3, 4), (2, 3), (1, 2), (0, 1), (1, 2), (2, 3), (3, 4), (11, 12), (10, 11), (9, 10), (11, 12), (12, 13), (11, 12), (10, 11), (9, 10), (8, 9), (7, 8), (6, 7), (5, 6), (4, 5), (3, 4), (2, 3), (1, 2), (0, 1), (5, 6), (4, 5), (3, 4), (2, 3), (1, 2), (0, 1), (2, 3), (8, 9), (7, 8), (6, 7), (5, 6), (8, 9), (9, 10), (8, 9), (9, 10), (10, 11), (9, 10), (8, 9), (7, 8), (6, 7), (5, 6), (4, 5), (3, 4), (2, 3), (1, 2), (0, 1), (3, 4), (2, 3), (3, 4), (5, 6), (4, 5), (6, 7), (5, 6), (4, 5), (5, 6), (7, 8), (6, 7), (8, 9), (7, 8), (8, 9), (11, 12), (10, 11), (9, 10), (8, 9), (7, 8), (6, 7), (5, 6), (4, 5), (3, 4), (2, 3), (8, 9), (9, 10), (8, 9), (7, 8), (6, 7), (5, 6), (4, 5), (3, 4), (2, 3), (1, 2), (0, 1), (3, 4), (4, 5), (3, 4), (6, 7), (10, 11), (9, 10), (8, 9), (7, 8), (6, 7), (9, 10), (8, 9), (7, 8), (6, 7), (5, 6), (4, 5), (7, 8), (11, 12), (12, 13), (11, 12), (10, 11), (9, 10), (8, 9), (7, 8), (6, 7), (5, 6), (4, 5), (3, 4), (2, 3), (1, 2), (0, 1), (2, 3), (1, 2), (0, 1), (7, 8), (6, 7), (5, 6), (4, 5), (3, 4), (7, 8), (9, 10), (8, 9), (7, 8), (9, 10), (10, 11), (9, 10), (8, 9), (7, 8), (6, 7), (5, 6), (4, 5), (5, 6), (4, 5), (3, 4), (2, 3), (4, 5), (3, 4), (4, 5), (8, 9), (7, 8), (6, 7), (5, 6), (10, 11), (9, 10), (10, 11), (9, 10), (8, 9), (7, 8), (12, 13), (11, 12), (10, 11), (9, 10), (8, 9), (7, 8), (6, 7), (5, 6), (4, 5), (3, 4), (8, 9), (7, 8), (8, 9), (10, 11), (12, 13), (11, 12), (13, 14), (12, 13), (11, 12), (10, 11), (9, 10), (8, 9), (7, 8), (6, 7), (5, 6), (4, 5), (3, 4), (2, 3), (1, 2), (0, 1), (1, 2), (2, 3), (1, 2), (3, 4), (2, 3), (1, 2), (3, 4), (5, 6), (4, 5), (3, 4), (2, 3), (5, 6), (7, 8), (6, 7), (5, 6), (4, 5), (3, 4), (2, 3), (1, 2), (0, 1), (3, 4), (2, 3), (8, 9), (7, 8), (6, 7), (5, 6), (4, 5), (3, 4), (2, 3), (1, 2), (9, 10), (8, 9), (7, 8), (6, 7), (7, 8), (6, 7), (8, 9), (7, 8), (6, 7), (5, 6), (4, 5), (6, 7), (10, 11), (9, 10), (8, 9), (7, 8), (6, 7), (5, 6), (4, 5), (3, 4), (2, 3), (4, 5), (6, 7), (10, 11), (9, 10), (8, 9), (10, 11), (12, 13), (11, 12), (10, 11), (9, 10), (8, 9), (7, 8), (6, 7), (5, 6), (6, 7), (9, 10), (12, 13), (13, 14), (12, 13), (11, 12), (10, 11), (9, 10), (8, 9), (7, 8), (6, 7), (5, 6), (4, 5), (3, 4), (2, 3), (1, 2), (0, 1), (3, 4), (2, 3), (4, 5), (3, 4), (2, 3), (5, 6), (6, 7), (9, 10), (10, 11), (9, 10), (12, 13), (11, 12), (10, 11), (9, 10), (8, 9), (7, 8), (6, 7), (5, 6), (4, 5), (3, 4), (2, 3), (1, 2), (0, 1), (3, 4), (9, 10), (8, 9), (13, 14), (12, 13), (11, 12), (10, 11), (9, 10), (8, 9), (7, 8), (6, 7), (5, 6), (4, 5), (3, 4), (2, 3), (1, 2), (0, 1), (2, 3), (3, 4), (2, 3), (5, 6), (7, 8), (8, 9), (7, 8), (9, 10), (10, 11), (9, 10), (8, 9), (7, 8), (6, 7), (5, 6), (4, 5), (3, 4), (2, 3), (1, 2), (4, 5), (3, 4), (5, 6), (4, 5), (3, 4), (2, 3), (4, 5), (10, 11), (11, 12), (10, 11), (9, 10), (8, 9), (7, 8), (6, 7), (7, 8), (9, 10), (8, 9), (12, 13), (11, 12), (10, 11), (9, 10), (8, 9), (7, 8), (6, 7), (5, 6), (4, 5), (6, 7), (5, 6), (6, 7), (7, 8), (6, 7), (7, 8), (8, 9), (7, 8), (6, 7), (5, 6), (12, 13), (13, 14), (12, 13), (11, 12), (10, 11), (9, 10), (8, 9), (7, 8), (6, 7), (5, 6), (4, 5), (3, 4), (2, 3), (1, 2), (0, 1), (6, 7), (5, 6), (4, 5), (3, 4), (2, 3), (1, 2), (4, 5), (6, 7), (5, 6), (4, 5), (6, 7), (8, 9), (7, 8), (11, 12), (12, 13), (13, 14), (12, 13), (11, 12), (10, 11), (9, 10), (8, 9), (7, 8), (6, 7), (5, 6), (4, 5), (3, 4), (7, 8), (6, 7), (5, 6), (7, 8), (10, 11), (9, 10), (8, 9), (7, 8), (6, 7), (8, 9), (10, 11), (9, 10), (11, 12), (10, 11), (11, 12), (12, 13), (11, 12), (10, 11), (9, 10), (8, 9), (7, 8), (10, 11), (13, 14), (12, 13), (11, 12), (10, 11), (9, 10), (8, 9), (7, 8), (6, 7), (5, 6), (4, 5), (3, 4), (2, 3), (1, 2), (0, 1), (6, 7), (5, 6), (4, 5), (6, 7), (5, 6), (4, 5), (3, 4), (7, 8), (11, 12), (10, 11), (9, 10), (10, 11), (12, 13), (11, 12), (10, 11), (9, 10), (8, 9), (7, 8), (6, 7), (5, 6), (4, 5), (3, 4), (2, 3), (6, 7), (5, 6), (4, 5), (5, 6), (6, 7), (5, 6), (4, 5), (8, 9), (7, 8), (8, 9), (11, 12), (10, 11), (9, 10), (8, 9), (7, 8), (6, 7), (5, 6), (4, 5), (5, 6), (4, 5), (7, 8), (6, 7), (7, 8), (9, 10), (8, 9), (7, 8), (8, 9), (10, 11), (9, 10), (8, 9), (7, 8), (6, 7), (7, 8), (8, 9), (13, 14), (12, 13), (11, 12), (10, 11), (9, 10), (8, 9), (7, 8), (6, 7), (5, 6), (4, 5), (3, 4), (2, 3), (1, 2), (0, 1), (6, 7), (7, 8), (6, 7), (8, 9), (7, 8), (6, 7), (5, 6), (4, 5), (3, 4), (2, 3), (1, 2), (3, 4), (6, 7), (5, 6), (4, 5), (3, 4), (2, 3), (6, 7), (8, 9), (7, 8), (8, 9), (10, 11), (9, 10), (8, 9), (7, 8), (6, 7), (5, 6), (4, 5), (3, 4), (2, 3), (1, 2), (3, 4), (2, 3), (5, 6), (7, 8), (6, 7), (5, 6), (4, 5), (3, 4), (2, 3), (1, 2), (0, 1), (2, 3), (7, 8), (6, 7), (7, 8), (9, 10), (8, 9), (7, 8), (6, 7), (5, 6), (4, 5), (7, 8), (8, 9), (9, 10), (8, 9), (7, 8), (12, 13), (11, 12), (10, 11), (9, 10), (8, 9), (7, 8), (6, 7), (5, 6), (4, 5), (3, 4), (2, 3), (1, 2), (0, 1), (1, 2), (5, 6), (4, 5), (8, 9), (7, 8), (8, 9), (11, 12), (10, 11), (9, 10), (8, 9), (7, 8), (6, 7), (5, 6), (4, 5), (3, 4), (2, 3), (1, 2), (2, 3), (4, 5), (7, 8), (11, 12), (10, 11), (13, 14), (12, 13), (11, 12), (10, 11), (9, 10), (8, 9), (7, 8), (6, 7), (5, 6), (4, 5), (3, 4), (2, 3), (1, 2), (3, 4), (7, 8), (6, 7), (5, 6), (4, 5), (11, 12), (12, 13), (13, 14), (12, 13), (11, 12), (10, 11), (9, 10), (8, 9), (7, 8), (6, 7), (5, 6), (4, 5), (5, 6), (4, 5), (7, 8), (10, 11), (9, 10), (11, 12), (10, 11), (9, 10), (12, 13), (11, 12), (10, 11), (9, 10), (8, 9), (7, 8), (6, 7), (5, 6), (4, 5), (3, 4), (2, 3), (1, 2), (5, 6), (4, 5), (8, 9), (9, 10), (8, 9), (7, 8), (6, 7), (5, 6), (4, 5), (6, 7), (7, 8), (8, 9), (9, 10), (8, 9), (7, 8), (6, 7), (5, 6), (6, 7), (10, 11), (9, 10), (8, 9), (7, 8), (6, 7), (5, 6), (4, 5), (3, 4), (6, 7), (8, 9), (10, 11), (11, 12), (12, 13), (11, 12), (10, 11), (9, 10), (8, 9), (7, 8), (6, 7), (8, 9), (7, 8), (9, 10), (8, 9), (11, 12), (10, 11), (9, 10), (8, 9), (12, 13), (11, 12), (13, 14), (12, 13), (11, 12), (10, 11), (9, 10), (8, 9), (7, 8), (6, 7), (5, 6), (4, 5), (3, 4), (7, 8), (6, 7), (5, 6), (9, 10), (10, 11), (11, 12)]
