results/lll/svpchallengedim40seed3dim15delta1.txt: 203.578 sec
b: [[-15075370, 39494632, -42848311, -21577934, 21923454, -52621433, 33262503, 15961748, 13213094, 1279908, 51197930, -4974163, -2653714, 34221964, 17844989],
 [19070943, 47026250, -77752976, 65341822, -8647548, 9072640, 14351872, -29397128, 41331397, -13952043, 37962627, -16797897, -5309040, -26486610, 16017377],
 [38694569, -15135222, -37691270, 86067554, 44693593, 7635946, 12653907, -17089226, -2622927, 13757447, -74323102, -1366721, 44593499, -20525327, 8087079],
 [-17951043, 16691001, 1712212, 18097090, -11873411, -34288833, -43983658, -293965, 9402724, -33103531, 30037745, -44382459, -58657976, 62748330, -43295588],
 [2774634, -41245409, -3221600, 6450544, 19278992, -11920288, 21766514, 1748286, 47511876, -1801132, -32536108, -19384614, 72297697, -96411534, -18355205],
 [23075912, -11599361, -23481324, -29215474, -8504228, -35791180, -51934383, -20304354, 34012731, -7229225, 45366138, 50692230, -44748026, -17691435, -65829293],
 [19272160, -39061159, -3602393, -7514077, 1286531, 8397987, -45577301, -67336994, 88869734, 10698334, -10855454, -6155933, 8930384, 23469673, -49980370],
 [-18908366, -14302684, -67151672, 8019451, -31801682, 58528672, -37514094, -17260866, -73903569, -23618953, 10266890, 17229258, -8084260, -41153647, 13772415],
 [47903384, 37627747, 15442716, 53595349, -9835712, -49365339, 27367529, 42534710, -51828868, -31244778, -6876112, -21106865, 37307268, 87309066, 35196466],
 [-32279964, 42068973, -40635834, -21132933, -16430525, 7581293, 31862144, -82313360, -11664764, 30303532, 11567290, -28866830, -14584948, -7318728, 104549658],
 [15809096, 53477672, 15567828, 33897464, 35567859, -82073483, 1739596, -2556306, -24745824, 20308546, 16571528, 26501290, 59031897, -34413858, -35420639],
 [-763059, -51436184, -5970119, 10068271, -48518129, -47095013, -13956076, 40848787, -43750193, 21747168, 97503, -71900008, 12107057, 15121498, 50768415],
 [46672979, 40607017, 42639627, -19467006, -7387428, 2588736, -56648054, -5129678, 24536063, -7119586, -3681869, -48273528, 44936669, -59829279, 33310420],
 [-2171083, -7360483, 290640, 50443751, 95943327, 87632198, 2357808, -61868957, -4437966, 2628842, 3908417, -15648948, 49113025, -40425965, 48879013],
 [-43554228, -28232026, 81242016, 9356869, 17385510, -43246147, -37625368, 42736733, 37392981, -53292932, -20806324, -671498, -36146333, -17459865, 44554823]], shape=[15, 15], strides=[15, 1], layout=Cc (0x5), const ndim=2
v_norms: [13018325281815501, 220971419627318306174530057831070/13018325281815501, 3367394793369217890504237022767614423245460738899/220971419627318306174530057831070, 46706422556841404749482157444062572338131303761796210545661592464/3367394793369217890504237022767614423245460738899, 618938171533362906363358901255767566172886700255307448241360571054824376879984997/46706422556841404749482157444062572338131303761796210545661592464, 8605314370115254636173271346886554477834116133209524682834627881859814420047034179350786386187766/618938171533362906363358901255767566172886700255307448241360571054824376879984997, 48656464165523740894754839374116945323803913219097478427496580237513102325831180983302136898473463709433781320616/4302657185057627318086635673443277238917058066604762341417313940929907210023517089675393193093883, 491152489850116131198438688679983165352592504900724977891371904197616687368653776136240799844882668543362484703748962436677236797/48656464165523740894754839374116945323803913219097478427496580237513102325831180983302136898473463709433781320616, 4423193735512458439141137709535344835758468321608712784253622784963555498674650648804173376209372648294430507596672993807626773708291234271878840/491152489850116131198438688679983165352592504900724977891371904197616687368653776136240799844882668543362484703748962436677236797, 263100227277682653122124086224587455181230884329443687283622347371439415530870708487669138816619114243468021978978185433845509926005826698672629104511593600901/30089753302805839722048555847179216569785498786453828464310359081384731283501024821797097797342671076832860595895734651752563086450960777359720, 217130655268808511853798854613715847134971715113647772135807047773846552926150183541969472014594275049997220862817373431255991113137126957614991338576848434265251444759088961265/25783822273212900005968160450009570607760626664285481353794990042401062722025329431791575604028673195859866153939862172516859972748571016469917652242136172888298, 5095044288389415211806969521039689462456240008614437373401001531937752418298088216378830989122137790172174219165388901340416472000092024456270874099382610492282521052094808049501394530249384981/651391965806425535561396563841147541404915145340943316407421143321539658778450550625908416043782825149991662588452120293767973339411380872844974015730545302795754334277266883795, 46980987703558859267964414853213409772730557359113645847595726937116860298296848287369111609744951874812608589562134783997743518999871283849142514911057255158640718417574473039104334070267659715472656926226319/5095044288389415211806969521039689462456240008614437373401001531937752418298088216378830989122137790172174219165388901340416472000092024456270874099382610492282521052094808049501394530249384981, 397497532417661697813835061484459527486199638283374455600240375847876169718244450426941676981472006794004653162174271752497741152637656350832365190019055186893238693056686658501107008778315562546058533542700576684261713223260/46980987703558859267964414853213409772730557359113645847595726937116860298296848287369111609744951874812608589562134783997743518999871283849142514911057255158640718417574473039104334070267659715472656926226319, 3555822303820348596126553004628936474041015535377025692352552146379066324338315123754919151117534890525948044022890187454352924360155754362269122969205393295793750186796242258607490889162196269041214588937709727697784976369467234839970239849/397497532417661697813835061484459527486199638283374455600240375847876169718244450426941676981472006794004653162174271752497741152637656350832365190019055186893238693056686658501107008778315562546058533542700576684261713223260], shape=[15], strides=[1], layout=CFcf (0xf), const ndim=1
Mu { arr: [4781491764099806/13018325281815501, -5188978452151505/13018325281815501, 106630106990483014382268318846649/220971419627318306174530057831070, 3913211792502878/13018325281815501, -547314286125741790727259958442/110485709813659153087265028915535, -1348729214372239508402344971951439116776673969744/3367394793369217890504237022767614423245460738899, -4632794447315071/13018325281815501, 8925602548183227645143748523567/44194283925463661234906011566214, 1386223521627183448748175462719465951179891979635/3367394793369217890504237022767614423245460738899, -22188748132688648911594492225965288491943107141225818166253464657/46706422556841404749482157444062572338131303761796210545661592464, 1325186228139586/13018325281815501, 12420480752606444402955895784653/220971419627318306174530057831070, -1602300481554833275956737243479254302885213433267/3367394793369217890504237022767614423245460738899, 1785057130472315253883680235841291463177469445787070301990945177/7784403759473567458247026240677095389688550626966035090943598744, 147146529659544547963811281829584738986101072864047627511572567020374513107603026/618938171533362906363358901255767566172886700255307448241360571054824376879984997, -1323641712738322/4339441760605167, 37938587613371024944629067318851/220971419627318306174530057831070, -270866545755330656570531300219948461330862171339/3367394793369217890504237022767614423245460738899, 8148465427152137845437846652986932775155700947654772070001622983/23353211278420702374741078722031286169065651880898105272830796232, 243836178635210956447726916397259027589249213689185197090289597399134975056297082/618938171533362906363358901255767566172886700255307448241360571054824376879984997, 2026111277612660196149548440455297685499905061215756916691729236548316534822263800772602330568416/4302657185057627318086635673443277238917058066604762341417313940929907210023517089675393193093883, -1527948959799187/4339441760605167, 76802370028072726830240246669033/220971419627318306174530057831070, -761053325580782641185205683617844972812015713867/3367394793369217890504237022767614423245460738899, -3243283145202122396349337104577254850268293078868333849344626619/15568807518947134916494052481354190779377101253932070181887197488, -239882013666851922258480984908495192361965998920135454526673054399812771830070907/618938171533362906363358901255767566172886700255307448241360571054824376879984997, 342181280459456634809309785807956389422900568534496345191083335722862185314502564805003376936985/4302657185057627318086635673443277238917058066604762341417313940929907210023517089675393193093883, -22558987267455577596719140749428159263868712538998422305805978990291819308511482045669604667614165700031565768215/48656464165523740894754839374116945323803913219097478427496580237513102325831180983302136898473463709433781320616, 5462146100984053/13018325281815501, -23456707247783418503788422920429/220971419627318306174530057831070, 1672005868854921453135467347195639307733565187551/3367394793369217890504237022767614423245460738899, 19467027706539772193848159249805572103906125085109208196414269579/46706422556841404749482157444062572338131303761796210545661592464, -292136712172656620239425308650922952948968847512764916850905308959172384589283655/618938171533362906363358901255767566172886700255307448241360571054824376879984997, -2115776331423751764860728711379879117185160850745142010852628256977020496959310648934401226042935/4302657185057627318086635673443277238917058066604762341417313940929907210023517089675393193093883, -7326799849635706783215997130346236313425567336309164348884946586096796797706658329760816154884581729813868857657/24328232082761870447377419687058472661901956609548739213748290118756551162915590491651068449236731854716890660308, -178079019179315799272823344318729989423471895303277853984235842266336206893866980648981474036889151677296274167743962619686581498/491152489850116131198438688679983165352592504900724977891371904197616687368653776136240799844882668543362484703748962436677236797, 5606508347720417/13018325281815501, 39934649360175387177273684536122/110485709813659153087265028915535, -23304534686522220861726453207554745335053893168/198082046668777522970837471927506730779144749347, -22224489817711280784148566058787262880404748629759315718127507759/46706422556841404749482157444062572338131303761796210545661592464, -281281929672993334236091903902642737087148098438892683116683208679023237218849829/618938171533362906363358901255767566172886700255307448241360571054824376879984997, -3871126833698253979597518942211308211101041044416449896304625960397758565182966925628926668841035/8605314370115254636173271346886554477834116133209524682834627881859814420047034179350786386187766, 2214964571585412089876360594087401116568548604131833687115471834085381993325602379104235920526846281740515732028/6082058020690467611844354921764618165475489152387184803437072529689137790728897622912767112309182963679222665077, 171310291158369841052185849680880631554230537725575357043852755296138285210077110999338152536437342534711010382084933402664921816/491152489850116131198438688679983165352592504900724977891371904197616687368653776136240799844882668543362484703748962436677236797, -78174421601256482446128765793560154988726834843784194784681573837908637811886031980699734820267245856192003008350251536053556804890790857515651/210628273119640878054339890930254515988498491505176799250172513569693118984507173752579684581398697537830024171270142562267941605156725441518040, 4040101311825866/13018325281815501, 3819863079428114998416387558257/220971419627318306174530057831070, 87858328480184370661154111340002665432539380221/198082046668777522970837471927506730779144749347, -343825575614434286114070367770011326838927952257683053393761071/7784403759473567458247026240677095389688550626966035090943598744, 185881077640020510773007669006532911504252210121634646316694254956255200092359138/618938171533362906363358901255767566172886700255307448241360571054824376879984997, 2707049343438307329068403804237075030960199851211119882359361375503583904288939500391588381512223/8605314370115254636173271346886554477834116133209524682834627881859814420047034179350786386187766, -22239421664913528604616892726914948128465321361560315489866237350049185724568086036786084992352971138146336031643/48656464165523740894754839374116945323803913219097478427496580237513102325831180983302136898473463709433781320616, -187203473083211189231254528309213627962230717313029493528200000701678022059711806772979223349853145410146931142510603046890881543/491152489850116131198438688679983165352592504900724977891371904197616687368653776136240799844882668543362484703748962436677236797, 132895326233659878068342706721220114123250429725791892745330635983218304487978678732070133171112440950231542940396973195061830883440361068276807/442319373551245843914113770953534483575846832160871278425362278496355549867465064880417337620937264829443050759667299380762677370829123427187884, 149588210977091600707734265430501645071954583118330562513488914286242662514506936093609174180474135060781315756876826019188525439910860094708647469126314577810/613900530314592857284956201190704062089538730102035270328452143866691969572031653137894657238777933234758717950949099345639523160680262296902801243860385068769, 91627462961917/1446480586868389, -23269478186818335347448622579089/110485709813659153087265028915535, 361645762654611071697314672672263436955558197282/3367394793369217890504237022767614423245460738899, 2933214763151460229625079442781564386632773903774569941169908437/15568807518947134916494052481354190779377101253932070181887197488, 43843529851499285290574610698814181920770994727255796685617180135060290023872421/618938171533362906363358901255767566172886700255307448241360571054824376879984997, -2149257113701848383231009825501375257364930913787007955502680285977112352523947838881450250405716/4302657185057627318086635673443277238917058066604762341417313940929907210023517089675393193093883, -6313541123622028969665530220273812807261089968159550244330363921172855731014540641091294296594058147189392808577/24328232082761870447377419687058472661901956609548739213748290118756551162915590491651068449236731854716890660308, 160579892779029372719740168093187290637543278655928428967317344121388317498497427488172911609929390183541590814820122433075743614/491152489850116131198438688679983165352592504900724977891371904197616687368653776136240799844882668543362484703748962436677236797, 246205348571453119768094087626299241038696832071319621934461309302769466538718576933776765763698694505777494594777875127188957421808894224505678/552899216939057304892642213691918104469808540201089098031702848120444437334331331100521672026171581036803813449584124225953346713536404283984855, 815477261198855230643827471582817538078401945621238894168313991906770573487483700184742169020491937887322002079917977963493372912482602634546330228253094771192/1841701590943778571854868603572112186268616190306105810985356431600075908716094959413683971716333799704276153852847298036918569482040786890708403731581155206307, -93351500523788289968422666126300972273584254964269204251584912126159745146999368880625292406131314031293713215558463349874737848907381235168558094567304272956687725024105321318/217130655268808511853798854613715847134971715113647772135807047773846552926150183541969472014594275049997220862817373431255991113137126957614991338576848434265251444759088961265, -3976746295940699/13018325281815501, 35960740608834145719907992954469/220971419627318306174530057831070, -501656907691566026624996569952685067124658155091/3367394793369217890504237022767614423245460738899, -10039909460445430748635683557391083287544653532719398645665249569/46706422556841404749482157444062572338131303761796210545661592464, 231722731019530289441955794365833447768390384970807105403916155522724400021828933/618938171533362906363358901255767566172886700255307448241360571054824376879984997, -1862978259189229989840228909876203498196969002590006917515900037496989376418859356172226403803265/8605314370115254636173271346886554477834116133209524682834627881859814420047034179350786386187766, 350960003237341000395819888291615381226065056478693373222099076346077747329095615894915854868562464261890606867/6082058020690467611844354921764618165475489152387184803437072529689137790728897622912767112309182963679222665077, -139614748657939908183937786331429987590234349609284404681475757796903483874131950088745677074223464470524017575334026676644778624/491152489850116131198438688679983165352592504900724977891371904197616687368653776136240799844882668543362484703748962436677236797, 865628482669137806047922814518666040174207621338282527495587615886764492096755706905675069211256053743146213793985512418186198354404380332938147/2211596867756229219570568854767672417879234160804356392126811392481777749337325324402086688104686324147215253798336496903813386854145617135939420, 790537309249786624007773512923469478382097467259292462603614672752210158516813498968900227494287208201705312079008172061158358442517837112611277570018642763942/1841701590943778571854868603572112186268616190306105810985356431600075908716094959413683971716333799704276153852847298036918569482040786890708403731581155206307, 65540480321234094553201203642634925637218538597488969579300265314147593647163758252671773990750365319201525411447407572453898616486726703288371905569750672096180923438960234961/217130655268808511853798854613715847134971715113647772135807047773846552926150183541969472014594275049997220862817373431255991113137126957614991338576848434265251444759088961265, 370295939992624565633622015116511322952204019207182395102622336567512331598882602467801444890073219289077725465561632127962809839908318931658727062798108668874187442409819223273901600625019173/5095044288389415211806969521039689462456240008614437373401001531937752418298088216378830989122137790172174219165388901340416472000092024456270874099382610492282521052094808049501394530249384981, -1731600524969965/4339441760605167, 109301702965116249240757850348787/220971419627318306174530057831070, 1651567776258368735235043116491718575302877225277/3367394793369217890504237022767614423245460738899, -6346301101427817971635685660773108871007157667124429610683542833/15568807518947134916494052481354190779377101253932070181887197488, -66564510165892281723499207350239488475249541206378029667698650911766986229740097/618938171533362906363358901255767566172886700255307448241360571054824376879984997, -1393052128419103843327938838239579489426561318099110949129706861190787967119484922833045981348477/4302657185057627318086635673443277238917058066604762341417313940929907210023517089675393193093883, 4030620967248135097322896409649210900465209654384932098461723694381239554550250249495625613728877548585957666759/12164116041380935223688709843529236330950978304774369606874145059378275581457795245825534224618365927358445330154, 139735320999350543817366049460741331537896782391934741579921443673314936313414201995590426670707142474714443156081818875409360412/491152489850116131198438688679983165352592504900724977891371904197616687368653776136240799844882668543362484703748962436677236797, -56628665117357518372917151153660827928017696646914881061540691034544005189778550140397173454575060485240274578464411406269039362488088364394323/126376963871784526832603934558152709593099094903106079550103508141815871390704304251547810748839218522698014502762085537360764963094035264910824, -26738545188501849614107960981817962924310344310612526629406277009454470401622085874988759613351983604258903915513720061601457517022956922052781051204408443345/263100227277682653122124086224587455181230884329443687283622347371439415530870708487669138816619114243468021978978185433845509926005826698672629104511593600901, 103750949086377077168207606641945029685984001600547565417495480674521242455400000258849010180134013880733512847189590123530782615426315509210308097328744722167487079274274727013/217130655268808511853798854613715847134971715113647772135807047773846552926150183541969472014594275049997220862817373431255991113137126957614991338576848434265251444759088961265, -1594557320357743966500712611325065796869414782943902591490274367592377084437212155239734802652971031298708573116854541426852806613336141506946164203525401254788502372971000826303001031709153766/5095044288389415211806969521039689462456240008614437373401001531937752418298088216378830989122137790172174219165388901340416472000092024456270874099382610492282521052094808049501394530249384981, 16444750828009227993930229119207008393327818962088866043435696216011302401153251582712193583982383269107129200938302932845040884229064229559284325962470659320045845807466975535291282969258232920661237989065467/46980987703558859267964414853213409772730557359113645847595726937116860298296848287369111609744951874812608589562134783997743518999871283849142514911057255158640718417574473039104334070267659715472656926226319, -266275657142518/1446480586868389, -41945278031303332876399440928089/110485709813659153087265028915535, -507624265015698214295364759799689739932239702178/3367394793369217890504237022767614423245460738899, 550350686821765421173962017908554498213940043247068484072988387/1946100939868391864561756560169273847422137656741508772735899686, 234521364096874095094962248201601506700669196352171159514847426596190660204501848/618938171533362906363358901255767566172886700255307448241360571054824376879984997, -2030082672595662741874466243725856761112085385123505381000456930023283512171986977097774525597069/8605314370115254636173271346886554477834116133209524682834627881859814420047034179350786386187766, -13731644272445552693024730015282819223233650692275614775716898764993938860841890470448653666196355911429082207839/48656464165523740894754839374116945323803913219097478427496580237513102325831180983302136898473463709433781320616, -206685865280141238805571848745230564187212708018739897006142351327047853440781265495267420045945438691818307988910584266042558787/491152489850116131198438688679983165352592504900724977891371904197616687368653776136240799844882668543362484703748962436677236797, -971531572756066862989009561592465089524476391225370341519478772628156673767531338092224271676884572567667475192999187216772685246053206398515133/4423193735512458439141137709535344835758468321608712784253622784963555498674650648804173376209372648294430507596672993807626773708291234271878840, 443016100809027681944271460023664414341583364887960476562313750321435069579655929077840904305447771147240177060101374182797622447251192467748331895083869655081/1841701590943778571854868603572112186268616190306105810985356431600075908716094959413683971716333799704276153852847298036918569482040786890708403731581155206307, -18200960558912001157339331646401884245394575357857955233495905684835359011970033671426120847335566532277231825761279050425110790531940275557839852900513858541156378567499552694/43426131053761702370759770922743169426994343022729554427161409554769310585230036708393894402918855009999444172563474686251198222627425391522998267715369686853050288951817792253, -865602245101971999656163320356441234133189519451991277268248440300224433080354479741628518742681302137312235637123234988037759280686135475307824318572379901980535446200003914866896324310490340/5095044288389415211806969521039689462456240008614437373401001531937752418298088216378830989122137790172174219165388901340416472000092024456270874099382610492282521052094808049501394530249384981, 11833548405904222532993834670501803569946069691262340914630212661494975629178873221888219214548234783403848981543112287352056580279804784742687225155271578068406385114491103839725356839967111590157193606313708/46980987703558859267964414853213409772730557359113645847595726937116860298296848287369111609744951874812608589562134783997743518999871283849142514911057255158640718417574473039104334070267659715472656926226319, 148503741927376843482464822976913797842164251084729006071980097938516468146375880389000259722166315126207982021293829328242992988707563775934178041450631009413965150707485457803673790513528716337266036366789142422977207158663/397497532417661697813835061484459527486199638283374455600240375847876169718244450426941676981472006794004653162174271752497741152637656350832365190019055186893238693056686658501107008778315562546058533542700576684261713223260] }
(hist.len, cnt): (4748, 9096)
[(0, 1), (0, 1), (0, 1), (0, 1), (0, 1), (0, 1), (0, 1), (0, 1), (0, 1), (0, 1), (0, 1), (0, 1), (0, 1), (0, 1), (0, 1), (0, 1), (0, 1), (0, 1), (0, 1), (0, 1), (0, 1), (0, 1), (0, 1), (0, 1), (0, 1), (0, 1), (0, 1), (0, 1), (0, 1), (0, 1), (0, 1), (0, 1), (0, 1), (0, 1), (0, 1), (0, 1), (0, 1), (0, 1), (0, 1), (0, 1), (0, 1), (0, 1), (0, 1), (0, 1), (0, 1), (0, 1), (0, 1), (0, 1), (0, 1), (0, 1), (0, 1), (0, 1), (0, 1), (0, 1), (0, 1), (0, 1), (0, 1), (0, 1), (0, 1), (0, 1), (0, 1), (0, 1), (0, 1), (0, 1), (0, 1), (0, 1), (0, 1), (0, 1), (0, 1), (0, 1), (0, 1), (0, 1), (0, 1), (0, 1), (0, 1), (0, 1), (0, 1), (1, 2), (0, 1), (1, 2), (0, 1), (0, 1), (1, 2), (0, 1), (1, 2), (0, 1), (0, 1), (1, 2), (1, 2), (0, 1), (1, 2), (0, 1), (1, 2), (0, 1), (1, 2), (0, 1), (0, 1), (1, 2), (0, 1), (1, 2), (1, 2), (0, 1), (1, 2), (0, 1), (1, 2), (0, 1), (1, 2), (0, 1), (1, 2), (0, 1), (1, 2), (1, 2), (0, 1), (0, 1), (1, 2), (0, 1), (1, 2), (0, 1), (1, 2), (0, 1), (1, 2), (0, 1), (1, 2), (0, 1), (1, 2), (0, 1), (1, 2), (0, 1), (1, 2), (0, 1), (1, 2), (0, 1), (1, 2), (0, 1), (0, 1), (1, 2), (0, 1), (1, 2), (0, 1), (1, 2), (1, 2), (0, 1), (1, 2), (0, 1), (1, 2), (0, 1), (1, 2), (0, 1), (1, 2), (0, 1), (1, 2), (0, 1), (1, 2), (0, 1), (1, 2), (0, 1), (1, 2), (0, 1), (1, 2), (0, 1), (0, 1), (0, 1), (1, 2), (0, 1), (1, 2), (0, 1), (1, 2), (0, 1), (1, 2), (0, 1), (1, 2), (0, 1), (1, 2), (0, 1), (1, 2), (0, 1), (1, 2), (0, 1), (1, 2), (1, 2), (0, 1), (1, 2), (0, 1), (1, 2), (0, 1), (2, 3), (2, 3), (1, 2), (0, 1), (2, 3), (1, 2), (0, 1), (1, 2), (2, 3), (1, 2), (0, 1), (1, 2), (0, 1), (2, 3), (1, 2), (0, 1), (2, 3), (1, 2), (0, 1), (2, 3), (1, 2), (0, 1), (1, 2), (2, 3), (1, 2), (0, 1), (2, 3), (1, 2), (0, 1), (2, 3), (1, 2), (0, 1), (2, 3), (1, 2), (0, 1), (2, 3), (1, 2), (0, 1), (1, 2), (2, 3), (1, 2), (1, 2), (0, 1), (2, 3), (1, 2), (0, 1), (2, 3), (1, 2), (0, 1), (2, 3), (1, 2), (0, 1), (1, 2), (0, 1), (2, 3), (1, 2), (2, 3), (1, 2), (0, 1), (2, 3), (1, 2), (0, 1), (2, 3), (1, 2), (0, 1), (2, 3), (1, 2), (0, 1), (2, 3), (1, 2), (0, 1), (1, 2), (0, 1), (1, 2), (0, 1), (1, 2), (2, 3), (1, 2), (0, 1), (2, 3), (1, 2), (2, 3), (1, 2), (0, 1), (2, 3), (1, 2), (0, 1), (2, 3), (1, 2), (0, 1), (2, 3), (1, 2), (0, 1), (2, 3), (1, 2), (0, 1), (2, 3), (1, 2), (2, 3), (1, 2), (0, 1), (2, 3), (1, 2), (0, 1), (2, 3), (1, 2), (2, 3), (1, 2), (0, 1), (2, 3), (1, 2), (0, 1), (1, 2), (0, 1), (1, 2), (0, 1), (1, 2), (2, 3), (1, 2), (0, 1), (1, 2), (2, 3), (1, 2), (0, 1), (1, 2), (0, 1), (2, 3), (1, 2), (0, 1), (2, 3), (1, 2), (0, 1), (1, 2), (2, 3), (1, 2), (0, 1), (1, 2), (0, 1), (2, 3), (1, 2), (0, 1), (2, 3), (1, 2), (0, 1), (1, 2), (2, 3), (1, 2), (0, 1), (2, 3), (1, 2), (0, 1), (2, 3), (1, 2), (2, 3), (1, 2), (2, 3), (1, 2), (0, 1), (2, 3), (1, 2), (2, 3), (1, 2), (0, 1), (3, 4), (2, 3), (1, 2), (0, 1), (3, 4), (2, 3), (1, 2), (0, 1), (2, 3), (3, 4), (2, 3), (1, 2), (0, 1), (2, 3), (1, 2), (0, 1), (2, 3), (3, 4), (2, 3), (1, 2), (3, 4), (2, 3), (1, 2), (2, 3), (3, 4), (2, 3), (1, 2), (0, 1), (3, 4), (2, 3), (1, 2), (3, 4), (2, 3), (1, 2), (0, 1), (3, 4), (2, 3), (1, 2), (0, 1), (1, 2), (0, 1), (2, 3), (1, 2), (0, 1), (2, 3), (1, 2), (0, 1), (3, 4), (2, 3), (1, 2), (0, 1), (1, 2), (2, 3), (3, 4), (2, 3), (1, 2), (0, 1), (2, 3), (3, 4), (2, 3), (1, 2), (0, 1), (2, 3), (3, 4), (2, 3), (1, 2), (0, 1), (2, 3), (3, 4), (2, 3), (1, 2), (0, 1), (2, 3), (3, 4), (2, 3), (1, 2), (0, 1), (2, 3), (1, 2), (2, 3), (1, 2), (3, 4), (2, 3), (1, 2), (0, 1), (1, 2), (3, 4), (2, 3), (1, 2), (0, 1), (1, 2), (3, 4), (2, 3), (1, 2), (0, 1), (1, 2), (3, 4), (2, 3), (1, 2), (0, 1), (2, 3), (3, 4), (2, 3), (1, 2), (0, 1), (3, 4), (2, 3), (1, 2), (0, 1), (3, 4), (2, 3), (1, 2), (0, 1), (3, 4), (2, 3), (1, 2), (0, 1), (1, 2), (3, 4), (2, 3), (1, 2), (0, 1), (1, 2), (2, 3), (1, 2), (2, 3), (3, 4), (2, 3), (1, 2), (0, 1), (1, 2), (0, 1), (3, 4), (2, 3), (1, 2), (0, 1), (3, 4), (2, 3), (1, 2), (0, 1), (1, 2), (3, 4), (2, 3), (1, 2), (0, 1), (2, 3), (1, 2), (3, 4), (2, 3), (1, 2), (0, 1), (2, 3), (1, 2), (3, 4), (2, 3), (1, 2), (0, 1), (2, 3), (3, 4), (2, 3), (1, 2), (0, 1), (2, 3), (3, 4), (2, 3), (1, 2), (2, 3), (1, 2), (0, 1), (3, 4), (2, 3), (1, 2), (0, 1), (2, 3), (3, 4), (2, 3), (1, 2), (0, 1), (4, 5), (3, 4), (2, 3), (1, 2), (4, 5), (3, 4), (2, 3), (1, 2), (0, 1), (2, 3), (4, 5), (3, 4), (2, 3), (1, 2), (0, 1), (1, 2), (2, 3), (1, 2), (4, 5), (3, 4), (2, 3), (4, 5), (3, 4), (2, 3), (1, 2), (3, 4), (2, 3), (3, 4), (4, 5), (3, 4), (2, 3), (1, 2), (2, 3), (1, 2), (3, 4), (4, 5), (3, 4), (2, 3), (1, 2), (0, 1), (3, 4), (2, 3), (1, 2), (0, 1), (1, 2), (2, 3), (1, 2), (4, 5), (3, 4), (2, 3), (1, 2), (0, 1), (4, 5), (3, 4), (2, 3), (1, 2), (0, 1), (2, 3), (3, 4), (2, 3), (1, 2), (0, 1), (3, 4), (4, 5), (3, 4), (2, 3), (1, 2), (0, 1), (2, 3), (1, 2), (4, 5), (3, 4), (2, 3), (1, 2), (0, 1), (1, 2), (0, 1), (2, 3), (1, 2), (4, 5), (3, 4), (2, 3), (1, 2), (0, 1), (2, 3), (4, 5), (3, 4), (2, 3), (1, 2), (3, 4), (4, 5), (3, 4), (2, 3), (1, 2), (0, 1), (1, 2), (4, 5), (3, 4), (2, 3), (1, 2), (0, 1), (4, 5), (3, 4), (2, 3), (1, 2), (0, 1), (4, 5), (3, 4), (2, 3), (1, 2), (0, 1), (3, 4), (4, 5), (3, 4), (2, 3), (1, 2), (0, 1), (3, 4), (2, 3), (3, 4), (2, 3), (4, 5), (3, 4), (2, 3), (1, 2), (0, 1), (3, 4), (2, 3), (1, 2), (0, 1), (1, 2), (2, 3), (4, 5), (3, 4), (2, 3), (1, 2), (0, 1), (3, 4), (2, 3), (1, 2), (4, 5), (3, 4), (2, 3), (1, 2), (0, 1), (1, 2), (3, 4), (2, 3), (1, 2), (3, 4), (4, 5), (3, 4), (2, 3), (1, 2), (0, 1), (1, 2), (3, 4), (2, 3), (1, 2), (0, 1), (2, 3), (4, 5), (3, 4), (2, 3), (1, 2), (0, 1), (4, 5), (3, 4), (2, 3), (1, 2), (0, 1), (4, 5), (3, 4), (2, 3), (1, 2), (0, 1), (2, 3), (3, 4), (2, 3), (1, 2), (0, 1), (1, 2), (4, 5), (3, 4), (2, 3), (1, 2), (0, 1), (4, 5), (3, 4), (2, 3), (1, 2), (0, 1), (3, 4), (4, 5), (3, 4), (2, 3), (4, 5), (3, 4), (2, 3), (1, 2), (0, 1), (1, 2), (2, 3), (1, 2), (2, 3), (3, 4), (2, 3), (1, 2), (3, 4), (2, 3), (1, 2), (0, 1), (4, 5), (3, 4), (2, 3), (1, 2), (0, 1), (4, 5), (3, 4), (2, 3), (1, 2), (3, 4), (5, 6), (4, 5), (3, 4), (2, 3), (1, 2), (0, 1), (2, 3), (1, 2), (0, 1), (3, 4), (2, 3), (1, 2), (0, 1), (5, 6), (4, 5), (3, 4), (2, 3), (1, 2), (0, 1), (1, 2), (3, 4), (5, 6), (4, 5), (3, 4), (2, 3), (1, 2), (0, 1), (3, 4), (2, 3), (4, 5), (3, 4), (2, 3), (5, 6), (4, 5), (3, 4), (2, 3), (1, 2), (0, 1), (3, 4), (2, 3), (3, 4), (5, 6), (4, 5), (3, 4), (2, 3), (1, 2), (0, 1), (5, 6), (4, 5), (3, 4), (2, 3), (1, 2), (2, 3), (5, 6), (4, 5), (3, 4), (2, 3), (4, 5), (5, 6), (4, 5), (3, 4), (2, 3), (1, 2), (3, 4), (5, 6), (4, 5), (3, 4), (2, 3), (1, 2), (0, 1), (4, 5), (3, 4), (2, 3), (1, 2), (5, 6), (4, 5), (3, 4), (2, 3), (1, 2), (3, 4), (5, 6), (4, 5), (3, 4), (2, 3), (3, 4), (5, 6), (4, 5), (3, 4), (2, 3), (1, 2), (3, 4), (2, 3), (1, 2), (4, 5), (3, 4), (5, 6), (4, 5), (3, 4), (2, 3), (1, 2), (0, 1), (2, 3), (1, 2), (3, 4), (5, 6), (4, 5), (3, 4), (2, 3), (1, 2), (0, 1), (3, 4), (4, 5), (3, 4), (2, 3), (1, 2), (0, 1), (2, 3), (1, 2), (0, 1), (1, 2), (4, 5), (5, 6), (4, 5), (3, 4), (2, 3), (1, 2), (0, 1), (3, 4), (4, 5), (3, 4), (2, 3), (1, 2), (0, 1), (5, 6), (4, 5), (3, 4), (2, 3), (1, 2), (0, 1), (2, 3), (3, 4), (2, 3), (1, 2), (0, 1), (3, 4), (4, 5), (3, 4), (2, 3), (4, 5), (5, 6), (4, 5), (3, 4), (2, 3), (1, 2), (0, 1), (1, 2), (4, 5), (3, 4), (4, 5), (5, 6), (4, 5), (3, 4), (2, 3), (1, 2), (3, 4), (2, 3), (4, 5), (3, 4), (5, 6), (4, 5), (3, 4), (2, 3), (1, 2), (0, 1), (3, 4), (2, 3), (3, 4), (4, 5), (3, 4), (5, 6), (4, 5), (3, 4), (2, 3), (1, 2), (4, 5), (5, 6), (4, 5), (3, 4), (2, 3), (1, 2), (0, 1), (4, 5), (3, 4), (2, 3), (1, 2), (2, 3), (1, 2), (0, 1), (4, 5), (5, 6), (4, 5), (3, 4), (2, 3), (4, 5), (3, 4), (2, 3), (4, 5), (5, 6), (4, 5), (3, 4), (2, 3), (1, 2), (0, 1), (4, 5), (3, 4), (2, 3), (1, 2), (0, 1), (2, 3), (5, 6), (4, 5), (3, 4), (2, 3), (1, 2), (0, 1), (1, 2), (3, 4), (2, 3), (1, 2), (4, 5), (3, 4), (2, 3), (4, 5), (5, 6), (4, 5), (3, 4), (2, 3), (5, 6), (4, 5), (3, 4), (2, 3), (6, 7), (5, 6), (4, 5), (3, 4), (2, 3), (1, 2), (3, 4), (2, 3), (4, 5), (5, 6), (6, 7), (5, 6), (4, 5), (3, 4), (2, 3), (3, 4), (2, 3), (1, 2), (4, 5), (3, 4), (2, 3), (1, 2), (2, 3), (3, 4), (5, 6), (4, 5), (3, 4), (2, 3), (1, 2), (3, 4), (4, 5), (3, 4), (2, 3), (1, 2), (3, 4), (6, 7), (5, 6), (4, 5), (3, 4), (2, 3), (1, 2), (3, 4), (2, 3), (5, 6), (6, 7), (5, 6), (4, 5), (3, 4), (2, 3), (5, 6), (4, 5), (6, 7), (5, 6), (4, 5), (3, 4), (2, 3), (3, 4), (2, 3), (1, 2), (0, 1), (4, 5), (3, 4), (2, 3), (1, 2), (0, 1), (5, 6), (4, 5), (3, 4), (2, 3), (1, 2), (2, 3), (6, 7), (5, 6), (4, 5), (3, 4), (2, 3), (1, 2), (0, 1), (0, 1), (2, 3), (3, 4), (2, 3), (4, 5), (5, 6), (4, 5), (3, 4), (2, 3), (4, 5), (3, 4), (2, 3), (5, 6), (4, 5), (3, 4), (2, 3), (3, 4), (5, 6), (6, 7), (5, 6), (4, 5), (3, 4), (2, 3), (1, 2), (0, 1), (4, 5), (5, 6), (4, 5), (3, 4), (2, 3), (1, 2), (0, 1), (2, 3), (3, 4), (2, 3), (4, 5), (3, 4), (2, 3), (1, 2), (3, 4), (2, 3), (5, 6), (4, 5), (3, 4), (6, 7), (5, 6), (4, 5), (3, 4), (2, 3), (1, 2), (0, 1), (3, 4), (2, 3), (1, 2), (0, 1), (1, 2), (0, 1), (4, 5), (3, 4), (6, 7), (5, 6), (4, 5), (3, 4), (2, 3), (1, 2), (0, 1), (5, 6), (4, 5), (3, 4), (2, 3), (1, 2), (6, 7), (5, 6), (4, 5), (3, 4), (2, 3), (1, 2), (0, 1), (2, 3), (1, 2), (2, 3), (6, 7), (5, 6), (4, 5), (3, 4), (2, 3), (1, 2), (0, 1), (2, 3), (5, 6), (4, 5), (3, 4), (2, 3), (1, 2), (0, 1), (5, 6), (4, 5), (3, 4), (2, 3), (6, 7), (5, 6), (4, 5), (3, 4), (2, 3), (1, 2), (0, 1), (4, 5), (5, 6), (6, 7), (5, 6), (4, 5), (3, 4), (2, 3), (1, 2), (0, 1), (2, 3), (1, 2), (0, 1), (3, 4), (2, 3), (5, 6), (6, 7), (5, 6), (4, 5), (3, 4), (2, 3), (1, 2), (0, 1), (2, 3), (1, 2), (3, 4), (2, 3), (5, 6), (6, 7), (5, 6), (4, 5), (3, 4), (2, 3), (1, 2), (0, 1), (1, 2), (4, 5), (3, 4), (2, 3), (1, 2), (3, 4), (2, 3), (6, 7), (5, 6), (4, 5), (3, 4), (2, 3), (1, 2), (0, 1), (1, 2), (4, 5), (3, 4), (5, 6), (4, 5), (3, 4), (2, 3), (1, 2), (0, 1), (2, 3), (1, 2), (2, 3), (4, 5), (6, 7), (5, 6), (4, 5), (3, 4), (2, 3), (1, 2), (0, 1), (2, 3), (1, 2), (4, 5), (6, 7), (5, 6), (4, 5), (3, 4), (2, 3), (1, 2), (0, 1), (3, 4), (4, 5), (5, 6), (4, 5), (3, 4), (2, 3), (6, 7), (5, 6), (4, 5), (3, 4), (2, 3), (1, 2), (0, 1), (1, 2), (3, 4), (2, 3), (1, 2), (5, 6), (4, 5), (3, 4), (2, 3), (6, 7), (5, 6), (4, 5), (3, 4), (2, 3), (1, 2), (0, 1), (4, 5), (3, 4), (4, 5), (3, 4), (5, 6), (4, 5), (3, 4), (2, 3), (1, 2), (0, 1), (3, 4), (2, 3), (5, 6), (4, 5), (3, 4), (2, 3), (3, 4), (4, 5), (6, 7), (5, 6), (4, 5), (3, 4), (2, 3), (1, 2), (5, 6), (6, 7), (5, 6), (4, 5), (3, 4), (2, 3), (1, 2), (0, 1), (4, 5), (3, 4), (2, 3), (1, 2), (3, 4), (2, 3), (6, 7), (5, 6), (4, 5), (3, 4), (2, 3), (1, 2), (0, 1), (1, 2), (0, 1), (3, 4), (4, 5), (6, 7), (5, 6), (4, 5), (3, 4), (7, 8), (6, 7), (5, 6), (4, 5), (5, 6), (7, 8), (6, 7), (5, 6), (4, 5), (3, 4), (2, 3), (1, 2), (3, 4), (5, 6), (4, 5), (3, 4), (2, 3), (1, 2), (0, 1), (4, 5), (6, 7), (5, 6), (4, 5), (3, 4), (2, 3), (3, 4), (6, 7), (5, 6), (4, 5), (7, 8), (6, 7), (5, 6), (4, 5), (3, 4), (2, 3), (1, 2), (0, 1), (2, 3), (1, 2), (3, 4), (5, 6), (4, 5), (3, 4), (2, 3), (3, 4), (6, 7), (5, 6), (4, 5), (3, 4), (2, 3), (1, 2), (5, 6), (7, 8), (6, 7), (5, 6), (4, 5), (3, 4), (2, 3), (1, 2), (0, 1), (5, 6), (4, 5), (3, 4), (2, 3), (3, 4), (2, 3), (7, 8), (6, 7), (5, 6), (4, 5), (3, 4), (2, 3), (1, 2), (0, 1), (5, 6), (4, 5), (3, 4), (2, 3), (1, 2), (0, 1), (5, 6), (6, 7), (5, 6), (7, 8), (6, 7), (5, 6), (4, 5), (3, 4), (2, 3), (1, 2), (5, 6), (4, 5), (3, 4), (2, 3), (1, 2), (0, 1), (7, 8), (6, 7), (5, 6), (4, 5), (3, 4), (2, 3), (1, 2), (0, 1), (1, 2), (4, 5), (3, 4), (2, 3), (6, 7), (5, 6), (4, 5), (6, 7), (7, 8), (6, 7), (5, 6), (4, 5), (3, 4), (2, 3), (1, 2), (0, 1), (2, 3), (1, 2), (3, 4), (2, 3), (1, 2), (4, 5), (3, 4), (2, 3), (5, 6), (4, 5), (3, 4), (2, 3), (1, 2), (0, 1), (2, 3), (3, 4), (2, 3), (1, 2), (5, 6), (6, 7), (5, 6), (4, 5), (3, 4), (2, 3), (6, 7), (5, 6), (4, 5), (7, 8), (6, 7), (5, 6), (4, 5), (3, 4), (2, 3), (1, 2), (0, 1), (5, 6), (4, 5), (3, 4), (2, 3), (4, 5), (6, 7), (5, 6), (4, 5), (3, 4), (6, 7), (7, 8), (6, 7), (5, 6), (4, 5), (3, 4), (2, 3), (1, 2), (0, 1), (1, 2), (3, 4), (4, 5), (7, 8), (6, 7), (5, 6), (4, 5), (3, 4), (2, 3), (1, 2), (0, 1), (2, 3), (1, 2), (5, 6), (6, 7), (5, 6), (4, 5), (3, 4), (2, 3), (1, 2), (0, 1), (1, 2), (4, 5), (3, 4), (2, 3), (1, 2), (2, 3), (4, 5), (3, 4), (7, 8), (6, 7), (5, 6), (4, 5), (3, 4), (2, 3), (1, 2), (2, 3), (4, 5), (6, 7), (7, 8), (6, 7), (5, 6), (4, 5), (3, 4), (2, 3), (1, 2), (0, 1), (5, 6), (4, 5), (3, 4), (2, 3), (1, 2), (6, 7), (5, 6), (4, 5), (3, 4), (2, 3), (1, 2), (6, 7), (5, 6), (4, 5), (3, 4), (7, 8), (6, 7), (5, 6), (4, 5), (3, 4), (2, 3), (1, 2), (0, 1), (1, 2), (2, 3), (1, 2), (4, 5), (3, 4), (2, 3), (1, 2), (0, 1), (5, 6), (4, 5), (5, 6), (6, 7), (5, 6), (4, 5), (3, 4), (2, 3), (1, 2), (6, 7), (5, 6), (7, 8), (6, 7), (5, 6), (4, 5), (3, 4), (2, 3), (1, 2), (0, 1), (2, 3), (6, 7), (5, 6), (4, 5), (3, 4), (4, 5), (5, 6), (7, 8), (6, 7), (5, 6), (4, 5), (3, 4), (2, 3), (1, 2), (0, 1), (1, 2), (5, 6), (7, 8), (6, 7), (5, 6), (4, 5), (3, 4), (2, 3), (1, 2), (3, 4), (5, 6), (6, 7), (5, 6), (4, 5), (3, 4), (2, 3), (1, 2), (0, 1), (3, 4), (4, 5), (6, 7), (7, 8), (6, 7), (5, 6), (4, 5), (3, 4), (2, 3), (1, 2), (4, 5), (3, 4), (5, 6), (6, 7), (5, 6), (4, 5), (3, 4), (2, 3), (1, 2), (0, 1), (5, 6), (6, 7), (5, 6), (7, 8), (6, 7), (5, 6), (4, 5), (3, 4), (2, 3), (1, 2), (0, 1), (1, 2), (3, 4), (2, 3), (4, 5), (5, 6), (4, 5), (3, 4), (2, 3), (5, 6), (7, 8), (6, 7), (5, 6), (4, 5), (3, 4), (2, 3), (1, 2), (0, 1), (1, 2), (0, 1), (3, 4), (4, 5), (3, 4), (2, 3), (1, 2), (0, 1), (6, 7), (5, 6), (4, 5), (3, 4), (2, 3), (1, 2), (3, 4), (6, 7), (7, 8), (6, 7), (5, 6), (4, 5), (3, 4), (2, 3), (1, 2), (0, 1), (2, 3), (4, 5), (3, 4), (2, 3), (6, 7), (7, 8), (6, 7), (5, 6), (4, 5), (3, 4), (8, 9), (7, 8), (6, 7), (5, 6), (4, 5), (3, 4), (2, 3), (1, 2), (0, 1), (3, 4), (7, 8), (6, 7), (5, 6), (4, 5), (3, 4), (2, 3), (1, 2), (6, 7), (5, 6), (8, 9), (7, 8), (6, 7), (5, 6), (4, 5), (3, 4), (2, 3), (1, 2), (0, 1), (3, 4), (2, 3), (7, 8), (8, 9), (7, 8), (6, 7), (5, 6), (4, 5), (6, 7), (5, 6), (4, 5), (5, 6), (7, 8), (6, 7), (5, 6), (4, 5), (3, 4), (2, 3), (1, 2), (0, 1), (1, 2), (8, 9), (7, 8), (6, 7), (5, 6), (4, 5), (3, 4), (2, 3), (1, 2), (0, 1), (1, 2), (0, 1), (3, 4), (5, 6), (4, 5), (3, 4), (2, 3), (1, 2), (0, 1), (1, 2), (5, 6), (4, 5), (3, 4), (4, 5), (6, 7), (5, 6), (4, 5), (3, 4), (2, 3), (5, 6), (4, 5), (5, 6), (7, 8), (6, 7), (5, 6), (4, 5), (3, 4), (2, 3), (1, 2), (0, 1), (1, 2), (3, 4), (5, 6), (4, 5), (3, 4), (2, 3), (1, 2), (0, 1), (2, 3), (4, 5), (5, 6), (4, 5), (5, 6), (6, 7), (5, 6), (4, 5), (3, 4), (2, 3), (6, 7), (8, 9), (7, 8), (6, 7), (5, 6), (4, 5), (3, 4), (2, 3), (1, 2), (0, 1), (1, 2), (4, 5), (3, 4), (2, 3), (6, 7), (5, 6), (4, 5), (3, 4), (2, 3), (7, 8), (6, 7), (5, 6), (4, 5), (3, 4), (2, 3), (1, 2), (0, 1), (2, 3), (6, 7), (5, 6), (4, 5), (3, 4), (2, 3), (6, 7), (5, 6), (8, 9), (7, 8), (6, 7), (5, 6), (4, 5), (3, 4), (2, 3), (1, 2), (0, 1), (1, 2), (0, 1), (7, 8), (6, 7), (5, 6), (4, 5), (3, 4), (2, 3), (1, 2), (0, 1), (4, 5), (3, 4), (5, 6), (4, 5), (3, 4), (2, 3), (1, 2), (2, 3), (3, 4), (4, 5), (3, 4), (2, 3), (6, 7), (7, 8), (6, 7), (5, 6), (4, 5), (3, 4), (2, 3), (1, 2), (2, 3), (3, 4), (2, 3), (1, 2), (3, 4), (4, 5), (3, 4), (2, 3), (7, 8), (6, 7), (5, 6), (4, 5), (5, 6), (8, 9), (7, 8), (6, 7), (5, 6), (4, 5), (3, 4), (2, 3), (1, 2), (0, 1), (2, 3), (3, 4), (4, 5), (5, 6), (8, 9), (7, 8), (6, 7), (5, 6), (4, 5), (3, 4), (2, 3), (1, 2), (0, 1), (3, 4), (6, 7), (5, 6), (4, 5), (3, 4), (6, 7), (5, 6), (4, 5), (7, 8), (6, 7), (5, 6), (4, 5), (8, 9), (7, 8), (6, 7), (5, 6), (4, 5), (3, 4), (2, 3), (1, 2), (0, 1), (5, 6), (4, 5), (3, 4), (2, 3), (1, 2), (0, 1), (8, 9), (7, 8), (6, 7), (5, 6), (4, 5), (3, 4), (2, 3), (1, 2), (4, 5), (3, 4), (2, 3), (4, 5), (5, 6), (4, 5), (6, 7), (5, 6), (4, 5), (3, 4), (5, 6), (4, 5), (6, 7), (5, 6), (4, 5), (7, 8), (6, 7), (5, 6), (4, 5), (3, 4), (2, 3), (1, 2), (0, 1), (6, 7), (7, 8), (6, 7), (5, 6), (4, 5), (3, 4), (2, 3), (1, 2), (3, 4), (7, 8), (8, 9), (7, 8), (6, 7), (5, 6), (4, 5), (3, 4), (2, 3), (1, 2), (2, 3), (4, 5), (5, 6), (8, 9), (7, 8), (6, 7), (5, 6), (4, 5), (3, 4), (2, 3), (6, 7), (5, 6), (7, 8), (6, 7), (5, 6), (6, 7), (8, 9), (7, 8), (6, 7), (5, 6), (4, 5), (3, 4), (2, 3), (1, 2), (0, 1), (1, 2), (3, 4), (4, 5), (5, 6), (4, 5), (5, 6), (6, 7), (7, 8), (6, 7), (8, 9), (7, 8), (6, 7), (5, 6), (4, 5), (3, 4), (2, 3), (1, 2), (0, 1), (2, 3), (1, 2), (5, 6), (4, 5), (3, 4), (2, 3), (1, 2), (0, 1), (6, 7), (5, 6), (4, 5), (3, 4), (2, 3), (8, 9), (7, 8), (6, 7), (5, 6), (4, 5), (3, 4), (2, 3), (1, 2), (4, 5), (5, 6), (4, 5), (3, 4), (5, 6), (7, 8), (6, 7), (5, 6), (4, 5), (3, 4), (2, 3), (1, 2), (2, 3), (5, 6), (4, 5), (9, 10), (8, 9), (7, 8), (6, 7), (5, 6), (4, 5), (3, 4), (2, 3), (1, 2), (0, 1), (3, 4), (7, 8), (9, 10), (8, 9), (7, 8), (6, 7), (5, 6), (4, 5), (3, 4), (2, 3), (1, 2), (0, 1), (4, 5), (5, 6), (9, 10), (8, 9), (7, 8), (6, 7), (5, 6), (4, 5), (3, 4), (2, 3), (1, 2), (0, 1), (2, 3), (1, 2), (3, 4), (2, 3), (1, 2), (0, 1), (3, 4), (4, 5), (3, 4), (2, 3), (1, 2), (0, 1), (1, 2), (2, 3), (4, 5), (6, 7), (7, 8), (8, 9), (7, 8), (6, 7), (5, 6), (4, 5), (3, 4), (2, 3), (1, 2), (0, 1), (1, 2), (2, 3), (9, 10), (8, 9), (7, 8), (6, 7), (5, 6), (4, 5), (3, 4), (2, 3), (5, 6), (4, 5), (3, 4), (2, 3), (1, 2), (7, 8), (6, 7), (5, 6), (4, 5), (3, 4), (2, 3), (1, 2), (2, 3), (3, 4), (5, 6), (9, 10), (8, 9), (7, 8), (6, 7), (5, 6), (4, 5), (3, 4), (2, 3), (1, 2), (0, 1), (3, 4), (2, 3), (8, 9), (9, 10), (8, 9), (7, 8), (6, 7), (5, 6), (4, 5), (3, 4), (4, 5), (3, 4), (2, 3), (6, 7), (5, 6), (4, 5), (3, 4), (4, 5), (8, 9), (7, 8), (8, 9), (9, 10), (8, 9), (7, 8), (6, 7), (5, 6), (4, 5), (3, 4), (2, 3), (1, 2), (0, 1), (3, 4), (2, 3), (1, 2), (4, 5), (3, 4), (7, 8), (6, 7), (5, 6), (4, 5), (8, 9), (7, 8), (6, 7), (5, 6), (4, 5), (3, 4), (2, 3), (5, 6), (9, 10), (8, 9), (7, 8), (6, 7), (5, 6), (4, 5), (3, 4), (2, 3), (1, 2), (0, 1), (3, 4), (2, 3), (3, 4), (6, 7), (5, 6), (4, 5), (5, 6), (6, 7), (7, 8), (6, 7), (5, 6), (4, 5), (3, 4), (2, 3), (1, 2), (2, 3), (8, 9), (7, 8), (6, 7), (5, 6), (4, 5), (3, 4), (2, 3), (1, 2), (0, 1), (3, 4), (2, 3), (5, 6), (4, 5), (3, 4), (2, 3), (7, 8), (9, 10), (8, 9), (7, 8), (6, 7), (5, 6), (4, 5), (3, 4), (2, 3), (1, 2), (5, 6), (7, 8), (8, 9), (9, 10), (8, 9), (7, 8), (6, 7), (5, 6), (4, 5), (3, 4), (2, 3), (1, 2), (0, 1), (2, 3), (6, 7), (5, 6), (4, 5), (3, 4), (6, 7), (7, 8), (6, 7), (5, 6), (6, 7), (8, 9), (7, 8), (6, 7), (5, 6), (4, 5), (3, 4), (2, 3), (3, 4), (4, 5), (3, 4), (4, 5), (5, 6), (4, 5), (3, 4), (5, 6), (7, 8), (6, 7), (5, 6), (4, 5), (5, 6), (6, 7), (9, 10), (8, 9), (7, 8), (6, 7), (5, 6), (4, 5), (3, 4), (2, 3), (1, 2), (0, 1), (1, 2), (6, 7), (5, 6), (4, 5), (6, 7), (8, 9), (7, 8), (6, 7), (5, 6), (4, 5), (3, 4), (2, 3), (1, 2), (0, 1), (3, 4), (2, 3), (1, 2), (4, 5), (7, 8), (6, 7), (9, 10), (8, 9), (7, 8), (6, 7), (5, 6), (4, 5), (3, 4), (2, 3), (1, 2), (0, 1), (5, 6), (4, 5), (3, 4), (4, 5), (5, 6), (6, 7), (5, 6), (4, 5), (3, 4), (7, 8), (6, 7), (5, 6), (7, 8), (6, 7), (9, 10), (8, 9), (7, 8), (6, 7), (5, 6), (4, 5), (3, 4), (2, 3), (1, 2), (0, 1), (1, 2), (2, 3), (1, 2), (4, 5), (5, 6), (6, 7), (5, 6), (4, 5), (3, 4), (2, 3), (5, 6), (6, 7), (5, 6), (8, 9), (9, 10), (8, 9), (7, 8), (6, 7), (5, 6), (4, 5), (3, 4), (2, 3), (8, 9), (7, 8), (6, 7), (5, 6), (4, 5), (3, 4), (2, 3), (1, 2), (3, 4), (4, 5), (3, 4), (7, 8), (9, 10), (8, 9), (7, 8), (6, 7), (5, 6), (4, 5), (3, 4), (4, 5), (5, 6), (4, 5), (6, 7), (5, 6), (4, 5), (3, 4), (2, 3), (1, 2), (0, 1), (3, 4), (7, 8), (6, 7), (5, 6), (7, 8), (6, 7), (7, 8), (9, 10), (8, 9), (7, 8), (6, 7), (5, 6), (4, 5), (3, 4), (2, 3), (1, 2), (0, 1), (2, 3), (3, 4), (4, 5), (3, 4), (5, 6), (4, 5), (3, 4), (2, 3), (1, 2), (6, 7), (5, 6), (8, 9), (7, 8), (6, 7), (5, 6), (4, 5), (3, 4), (8, 9), (7, 8), (6, 7), (7, 8), (9, 10), (8, 9), (7, 8), (6, 7), (5, 6), (4, 5), (3, 4), (2, 3), (1, 2), (0, 1), (2, 3), (3, 4), (2, 3), (7, 8), (8, 9), (9, 10), (8, 9), (7, 8), (6, 7), (5, 6), (4, 5), (3, 4), (2, 3), (3, 4), (6, 7), (7, 8), (6, 7), (5, 6), (8, 9), (7, 8), (6, 7), (5, 6), (4, 5), (3, 4), (2, 3), (6, 7), (9, 10), (10, 11), (9, 10), (8, 9), (7, 8), (6, 7), (5, 6), (4, 5), (3, 4), (2, 3), (1, 2), (0, 1), (5, 6), (4, 5), (3, 4), (2, 3), (5, 6), (9, 10), (8, 9), (7, 8), (8, 9), (10, 11), (9, 10), (8, 9), (7, 8), (6, 7), (5, 6), (4, 5), (3, 4), (2, 3), (1, 2), (0, 1), (3, 4), (2, 3), (1, 2), (5, 6), (4, 5), (3, 4), (7, 8), (8, 9), (7, 8), (6, 7), (5, 6), (4, 5), (3, 4), (2, 3), (1, 2), (0, 1), (2, 3), (1, 2), (0, 1), (6, 7), (5, 6), (7, 8), (9, 10), (8, 9), (7, 8), (6, 7), (5, 6), (4, 5), (3, 4), (9, 10), (8, 9), (7, 8), (6, 7), (5, 6), (4, 5), (3, 4), (2, 3), (1, 2), (0, 1), (3, 4), (2, 3), (4, 5), (5, 6), (8, 9), (9, 10), (8, 9), (7, 8), (6, 7), (5, 6), (4, 5), (3, 4), (2, 3), (7, 8), (10, 11), (9, 10), (8, 9), (7, 8), (6, 7), (5, 6), (4, 5), (3, 4), (2, 3), (1, 2), (2, 3), (3, 4), (6, 7), (5, 6), (8, 9), (7, 8), (6, 7), (5, 6), (6, 7), (8, 9), (7, 8), (6, 7), (7, 8), (9, 10), (8, 9), (7, 8), (6, 7), (5, 6), (4, 5), (3, 4), (2, 3), (1, 2), (0, 1), (4, 5), (3, 4), (5, 6), (4, 5), (3, 4), (2, 3), (1, 2), (6, 7), (5, 6), (7, 8), (6, 7), (5, 6), (4, 5), (3, 4), (7, 8), (6, 7), (5, 6), (7, 8), (8, 9), (7, 8), (9, 10), (8, 9), (7, 8), (6, 7), (5, 6), (4, 5), (3, 4), (4, 5), (9, 10), (8, 9), (7, 8), (6, 7), (5, 6), (4, 5), (3, 4), (2, 3), (1, 2), (0, 1), (8, 9), (7, 8), (6, 7), (5, 6), (4, 5), (3, 4), (6, 7), (7, 8), (6, 7), (5, 6), (4, 5), (3, 4), (6, 7), (7, 8), (9, 10), (8, 9), (7, 8), (6, 7), (5, 6), (7, 8), (10, 11), (9, 10), (8, 9), (7, 8), (6, 7), (5, 6), (4, 5), (3, 4), (2, 3), (4, 5), (7, 8), (6, 7), (5, 6), (4, 5), (3, 4), (2, 3), (1, 2), (6, 7), (7, 8), (6, 7), (8, 9), (7, 8), (6, 7), (5, 6), (4, 5), (3, 4), (9, 10), (10, 11), (9, 10), (8, 9), (7, 8), (6, 7), (5, 6), (4, 5), (3, 4), (2, 3), (3, 4), (2, 3), (1, 2), (6, 7), (5, 6), (6, 7), (8, 9), (7, 8), (6, 7), (5, 6), (4, 5), (9, 10), (8, 9), (7, 8), (6, 7), (5, 6), (4, 5), (3, 4), (2, 3), (1, 2), (0, 1), (2, 3), (1, 2), (2, 3), (4, 5), (3, 4), (4, 5), (5, 6), (9, 10), (8, 9), (9, 10), (10, 11), (9, 10), (8, 9), (7, 8), (6, 7), (5, 6), (4, 5), (3, 4), (2, 3), (1, 2), (6, 7), (5, 6), (4, 5), (8, 9), (9, 10), (8, 9), (7, 8), (6, 7), (5, 6), (7, 8), (10, 11), (9, 10), (8, 9), (7, 8), (6, 7), (5, 6), (4, 5), (3, 4), (2, 3), (1, 2), (0, 1), (1, 2), (2, 3), (4, 5), (3, 4), (2, 3), (1, 2), (0, 1), (7, 8), (8, 9), (7, 8), (6, 7), (8, 9), (7, 8), (6, 7), (9, 10), (8, 9), (7, 8), (6, 7), (5, 6), (4, 5), (3, 4), (2, 3), (1, 2), (0, 1), (1, 2), (6, 7), (10, 11), (9, 10), (8, 9), (7, 8), (6, 7), (5, 6), (4, 5), (3, 4), (2, 3), (4, 5), (3, 4), (2, 3), (1, 2), (0, 1), (7, 8), (6, 7), (5, 6), (4, 5), (3, 4), (2, 3), (1, 2), (5, 6), (4, 5), (8, 9), (7, 8), (6, 7), (5, 6), (4, 5), (3, 4), (2, 3), (1, 2), (0, 1), (1, 2), (5, 6), (8, 9), (7, 8), (6, 7), (5, 6), (4, 5), (3, 4), (5, 6), (6, 7), (5, 6), (6, 7), (8, 9), (7, 8), (9, 10), (8, 9), (7, 8), (6, 7), (5, 6), (4, 5), (3, 4), (2, 3), (6, 7), (5, 6), (4, 5), (6, 7), (7, 8), (6, 7), (5, 6), (7, 8), (6, 7), (5, 6), (4, 5), (7, 8), (6, 7), (8, 9), (7, 8), (6, 7), (5, 6), (4, 5), (3, 4), (2, 3), (1, 2), (6, 7), (10, 11), (9, 10), (8, 9), (7, 8), (6, 7), (5, 6), (8, 9), (9, 10), (8, 9), (7, 8), (6, 7), (5, 6), (4, 5), (3, 4), (5, 6), (4, 5), (6, 7), (5, 6), (4, 5), (3, 4), (2, 3), (3, 4), (7, 8), (6, 7), (5, 6), (4, 5), (6, 7), (5, 6), (11, 12), (10, 11), (9, 10), (8, 9), (7, 8), (6, 7), (5, 6), (4, 5), (3, 4), (2, 3), (1, 2), (4, 5), (3, 4), (5, 6), (4, 5), (7, 8), (6, 7), (5, 6), (7, 8), (9, 10), (8, 9), (7, 8), (6, 7), (7, 8), (10, 11), (9, 10), (8, 9), (7, 8), (6, 7), (5, 6), (4, 5), (3, 4), (2, 3), (1, 2), (0, 1), (1, 2), (5, 6), (4, 5), (3, 4), (2, 3), (3, 4), (4, 5), (3, 4), (5, 6), (4, 5), (3, 4), (5, 6), (6, 7), (5, 6), (6, 7), (7, 8), (6, 7), (7, 8), (8, 9), (9, 10), (8, 9), (7, 8), (6, 7), (8, 9), (9, 10), (11, 12), (10, 11), (9, 10), (8, 9), (7, 8), (6, 7), (5, 6), (4, 5), (3, 4), (2, 3), (1, 2), (4, 5), (8, 9), (7, 8), (8, 9), (9, 10), (8, 9), (7, 8), (10, 11), (9, 10), (8, 9), (7, 8), (6, 7), (5, 6), (4, 5), (3, 4), (2, 3), (1, 2), (0, 1), (1, 2), (9, 10), (8, 9), (11, 12), (10, 11), (9, 10), (8, 9), (7, 8), (6, 7), (5, 6), (4, 5), (3, 4), (2, 3), (1, 2), (6, 7), (5, 6), (8, 9), (7, 8), (6, 7), (9, 10), (8, 9), (7, 8), (6, 7), (7, 8), (8, 9), (10, 11), (11, 12), (10, 11), (9, 10), (8, 9), (7, 8), (6, 7), (5, 6), (4, 5), (3, 4), (2, 3), (1, 2), (2, 3), (4, 5), (5, 6), (4, 5), (3, 4), (2, 3), (3, 4), (7, 8), (6, 7), (11, 12), (10, 11), (9, 10), (8, 9), (7, 8), (6, 7), (5, 6), (7, 8), (6, 7), (5, 6), (4, 5), (3, 4), (2, 3), (9, 10), (10, 11), (11, 12), (10, 11), (9, 10), (8, 9), (7, 8), (6, 7), (5, 6), (4, 5), (3, 4), (2, 3), (1, 2), (0, 1), (3, 4), (2, 3), (3, 4), (2, 3), (4, 5), (3, 4), (2, 3), (6, 7), (5, 6), (4, 5), (3, 4), (6, 7), (7, 8), (6, 7), (5, 6), (4, 5), (6, 7), (9, 10), (8, 9), (7, 8), (6, 7), (5, 6), (6, 7), (9, 10), (8, 9), (9, 10), (10, 11), (9, 10), (8, 9), (7, 8), (6, 7), (5, 6), (4, 5), (3, 4), (2, 3), (3, 4), (4, 5), (3, 4), (2, 3), (1, 2), (2, 3), (3, 4), (5, 6), (6, 7), (5, 6), (7, 8), (6, 7), (5, 6), (4, 5), (3, 4), (4, 5), (5, 6), (9, 10), (8, 9), (7, 8), (6, 7), (5, 6), (4, 5), (3, 4), (2, 3), (1, 2), (2, 3), (1, 2), (6, 7), (5, 6), (4, 5), (3, 4), (2, 3), (1, 2), (3, 4), (7, 8), (6, 7), (5, 6), (8, 9), (7, 8), (10, 11), (11, 12), (10, 11), (9, 10), (8, 9), (7, 8), (6, 7), (5, 6), (4, 5), (3, 4), (2, 3), (1, 2), (0, 1), (1, 2), (3, 4), (6, 7), (5, 6), (4, 5), (3, 4), (7, 8), (6, 7), (5, 6), (4, 5), (3, 4), (2, 3), (1, 2), (2, 3), (9, 10), (11, 12), (10, 11), (9, 10), (8, 9), (7, 8), (6, 7), (5, 6), (4, 5), (3, 4), (2, 3), (1, 2), (6, 7), (7, 8), (6, 7), (8, 9), (7, 8), (6, 7), (5, 6), (4, 5), (3, 4), (4, 5), (9, 10), (8, 9), (7, 8), (6, 7), (5, 6), (4, 5), (3, 4), (2, 3), (3, 4), (10, 11), (9, 10), (8, 9), (7, 8), (6, 7), (5, 6), (4, 5), (3, 4), (2, 3), (1, 2), (0, 1), (1, 2), (2, 3), (1, 2), (4, 5), (5, 6), (4, 5), (5, 6), (6, 7), (11, 12), (10, 11), (9, 10), (8, 9), (7, 8), (6, 7), (5, 6), (4, 5), (3, 4), (2, 3), (1, 2), (0, 1), (3, 4), (2, 3), (1, 2), (4, 5), (5, 6), (4, 5), (6, 7), (5, 6), (4, 5), (3, 4), (5, 6), (4, 5), (5, 6), (6, 7), (5, 6), (9, 10), (8, 9), (10, 11), (11, 12), (10, 11), (9, 10), (8, 9), (7, 8), (6, 7), (5, 6), (4, 5), (3, 4), (2, 3), (1, 2), (0, 1), (5, 6), (11, 12), (10, 11), (9, 10), (8, 9), (7, 8), (6, 7), (5, 6), (4, 5), (3, 4), (2, 3), (1, 2), (0, 1), (2, 3), (1, 2), (5, 6), (9, 10), (8, 9), (7, 8), (6, 7), (5, 6), (4, 5), (3, 4), (5, 6), (6, 7), (7, 8), (8, 9), (9, 10), (11, 12), (10, 11), (9, 10), (8, 9), (7, 8), (6, 7), (5, 6), (4, 5), (3, 4), (2, 3), (1, 2), (2, 3), (9, 10), (8, 9), (10, 11), (9, 10), (8, 9), (7, 8), (6, 7), (5, 6), (7, 8), (9, 10), (11, 12), (10, 11), (9, 10), (8, 9), (7, 8), (6, 7), (5, 6), (4, 5), (3, 4), (2, 3), (1, 2), (0, 1), (3, 4), (4, 5), (3, 4), (2, 3), (4, 5), (7, 8), (6, 7), (5, 6), (4, 5), (10, 11), (9, 10), (8, 9), (7, 8), (6, 7), (5, 6), (4, 5), (3, 4), (6, 7), (5, 6), (10, 11), (9, 10), (8, 9), (7, 8), (6, 7), (5, 6), (4, 5), (3, 4), (2, 3), (1, 2), (0, 1), (2, 3), (4, 5), (7, 8), (6, 7), (5, 6), (7, 8), (6, 7), (7, 8), (10, 11), (9, 10), (11, 12), (10, 11), (9, 10), (8, 9), (7, 8), (6, 7), (5, 6), (4, 5), (3, 4), (2, 3), (1, 2), (0, 1), (3, 4), (2, 3), (1, 2), (3, 4), (4, 5), (3, 4), (5, 6), (4, 5), (3, 4), (5, 6), (6, 7), (5, 6), (4, 5), (3, 4), (2, 3), (1, 2), (0, 1), (7, 8), (6, 7), (5, 6), (4, 5), (3, 4), (9, 10), (8, 9), (7, 8), (9, 10), (10, 11), (9, 10), (8, 9), (10, 11), (9, 10), (11, 12), (10, 11), (9, 10), (8, 9), (7, 8), (6, 7), (5, 6), (4, 5), (3, 4), (2, 3), (6, 7), (5, 6), (4, 5), (7, 8), (8, 9), (7, 8), (6, 7), (5, 6), (4, 5), (3, 4), (2, 3), (1, 2), (0, 1), (5, 6), (9, 10), (8, 9), (7, 8), (6, 7), (7, 8), (11, 12), (12, 13), (11, 12), (10, 11), (9, 10), (8, 9), (7, 8), (6, 7), (5, 6), (4, 5), (3, 4), (2, 3), (6, 7), (7, 8), (10, 11), (9, 10), (8, 9), (9, 10), (8, 9), (7, 8), (6, 7), (5, 6), (4, 5), (3, 4), (2, 3), (1, 2), (8, 9), (9, 10), (10, 11), (9, 10), (8, 9), (7, 8), (8, 9), (9, 10), (11, 12), (10, 11), (12, 13), (11, 12), (10, 11), (9, 10), (8, 9), (7, 8), (6, 7), (5, 6), (4, 5), (3, 4), (2, 3), (1, 2), (0, 1), (3, 4), (5, 6), (4, 5), (6, 7), (5, 6), (4, 5), (3, 4), (2, 3), (1, 2), (3, 4), (4, 5), (7, 8), (6, 7), (5, 6), (4, 5), (3, 4), (2, 3), (1, 2), (5, 6), (4, 5), (7, 8), (6, 7), (5, 6), (4, 5), (3, 4), (8, 9), (11, 12), (10, 11), (9, 10), (8, 9), (7, 8), (6, 7), (5, 6), (4, 5), (3, 4), (2, 3), (3, 4), (4, 5), (3, 4), (2, 3), (4, 5), (7, 8), (6, 7), (7, 8), (8, 9), (7, 8), (6, 7), (5, 6), (4, 5), (8, 9), (9, 10), (11, 12), (10, 11), (9, 10), (8, 9), (7, 8), (6, 7), (5, 6), (8, 9), (7, 8), (12, 13), (11, 12), (10, 11), (9, 10), (8, 9), (7, 8), (6, 7), (5, 6), (10, 11), (11, 12), (10, 11), (9, 10), (8, 9), (7, 8), (10, 11), (9, 10), (10, 11), (11, 12), (10, 11), (9, 10), (12, 13), (11, 12), (10, 11), (9, 10), (8, 9), (7, 8), (6, 7), (5, 6), (4, 5), (3, 4), (2, 3), (1, 2), (0, 1), (1, 2), (3, 4), (2, 3), (1, 2), (0, 1), (4, 5), (3, 4), (2, 3), (1, 2), (7, 8), (10, 11), (9, 10), (8, 9), (7, 8), (6, 7), (5, 6), (4, 5), (3, 4), (2, 3), (5, 6), (7, 8), (8, 9), (9, 10), (10, 11), (9, 10), (8, 9), (7, 8), (9, 10), (8, 9), (9, 10), (11, 12), (10, 11), (12, 13), (11, 12), (10, 11), (9, 10), (8, 9), (7, 8), (6, 7), (5, 6), (4, 5), (3, 4), (2, 3), (1, 2), (0, 1), (2, 3), (1, 2), (6, 7), (7, 8), (6, 7), (5, 6), (4, 5), (3, 4), (8, 9), (7, 8), (8, 9), (9, 10), (8, 9), (10, 11), (12, 13), (11, 12), (10, 11), (9, 10), (8, 9), (7, 8), (6, 7), (5, 6), (4, 5), (3, 4), (2, 3), (1, 2), (0, 1), (3, 4), (2, 3), (3, 4), (4, 5), (3, 4), (2, 3), (6, 7), (7, 8), (8, 9), (7, 8), (6, 7), (9, 10), (10, 11), (9, 10), (8, 9), (7, 8), (6, 7), (5, 6), (4, 5), (3, 4), (2, 3), (1, 2), (0, 1), (1, 2), (2, 3), (4, 5), (3, 4), (7, 8), (8, 9), (11, 12), (10, 11), (9, 10), (8, 9), (7, 8), (6, 7), (5, 6), (4, 5), (3, 4), (2, 3), (1, 2), (4, 5), (5, 6), (7, 8), (6, 7), (5, 6), (4, 5), (3, 4), (10, 11), (9, 10), (8, 9), (7, 8), (6, 7), (7, 8), (6, 7), (12, 13), (11, 12), (10, 11), (9, 10), (8, 9), (7, 8), (6, 7), (5, 6), (4, 5), (3, 4), (2, 3), (1, 2), (0, 1), (4, 5), (6, 7), (7, 8), (6, 7), (9, 10), (8, 9), (10, 11), (9, 10), (8, 9), (7, 8), (6, 7), (5, 6), (4, 5), (3, 4), (2, 3), (3, 4), (8, 9), (7, 8), (6, 7), (5, 6), (7, 8), (8, 9), (7, 8), (10, 11), (12, 13), (11, 12), (10, 11), (9, 10), (8, 9), (7, 8), (6, 7), (5, 6), (4, 5), (3, 4), (2, 3), (1, 2), (0, 1), (1, 2), (2, 3), (1, 2), (0, 1), (4, 5), (7, 8), (10, 11), (9, 10), (8, 9), (7, 8), (6, 7), (5, 6), (4, 5), (3, 4), (2, 3), (1, 2), (0, 1), (1, 2), (6, 7), (5, 6), (4, 5), (7, 8), (6, 7), (10, 11), (9, 10), (8, 9), (7, 8), (6, 7), (7, 8), (11, 12), (10, 11), (9, 10), (8, 9), (7, 8), (6, 7), (5, 6), (4, 5), (3, 4), (4, 5), (5, 6), (4, 5), (6, 7), (5, 6), (4, 5), (9, 10), (8, 9), (7, 8), (6, 7), (5, 6), (8, 9), (7, 8), (10, 11), (9, 10), (8, 9), (7, 8), (6, 7), (5, 6), (4, 5), (3, 4), (2, 3), (1, 2), (0, 1), (3, 4), (4, 5), (3, 4), (5, 6), (6, 7), (7, 8), (8, 9), (9, 10), (11, 12), (10, 11), (9, 10), (8, 9), (7, 8), (6, 7), (5, 6), (4, 5), (3, 4), (2, 3), (1, 2), (0, 1), (1, 2), (3, 4), (4, 5), (3, 4), (5, 6), (4, 5), (3, 4), (2, 3), (1, 2), (0, 1), (2, 3), (1, 2), (3, 4), (2, 3), (1, 2), (6, 7), (5, 6), (4, 5), (3, 4), (7, 8), (10, 11), (11, 12), (10, 11), (9, 10), (8, 9), (7, 8), (6, 7), (5, 6), (4, 5), (3, 4), (2, 3), (1, 2), (3, 4), (4, 5), (5, 6), (9, 10), (11, 12), (12, 13), (11, 12), (10, 11), (9, 10), (8, 9), (7, 8), (6, 7), (5, 6), (4, 5), (3, 4), (2, 3), (1, 2), (0, 1), (2, 3), (5, 6), (4, 5), (6, 7), (5, 6), (4, 5), (3, 4), (2, 3), (11, 12), (10, 11), (9, 10), (8, 9), (7, 8), (6, 7), (5, 6), (11, 12), (12, 13), (11, 12), (10, 11), (9, 10), (8, 9), (7, 8), (6, 7), (5, 6), (4, 5), (6, 7), (7, 8), (8, 9), (7, 8), (6, 7), (9, 10), (8, 9), (12, 13), (11, 12), (10, 11), (9, 10), (8, 9), (7, 8), (6, 7), (5, 6), (4, 5), (3, 4), (2, 3), (1, 2), (0, 1), (4, 5), (5, 6), (4, 5), (3, 4), (7, 8), (9, 10), (8, 9), (7, 8), (6, 7), (5, 6), (6, 7), (8, 9), (7, 8), (6, 7), (5, 6), (9, 10), (10, 11), (11, 12), (10, 11), (9, 10), (8, 9), (7, 8), (6, 7), (5, 6), (4, 5), (3, 4), (2, 3), (1, 2), (3, 4), (2, 3), (4, 5), (3, 4), (6, 7), (7, 8), (6, 7), (8, 9), (7, 8), (6, 7), (5, 6), (11, 12), (10, 11), (12, 13), (11, 12), (10, 11), (9, 10), (8, 9), (7, 8), (6, 7), (5, 6), (4, 5), (3, 4), (2, 3), (1, 2), (2, 3), (3, 4), (4, 5), (9, 10), (8, 9), (7, 8), (11, 12), (10, 11), (9, 10), (8, 9), (7, 8), (6, 7), (12, 13), (11, 12), (10, 11), (9, 10), (8, 9), (7, 8), (6, 7), (5, 6), (4, 5), (3, 4), (2, 3), (1, 2), (3, 4), (2, 3), (4, 5), (6, 7), (5, 6), (4, 5), (3, 4), (2, 3), (4, 5), (3, 4), (4, 5), (5, 6), (7, 8), (8, 9), (7, 8), (6, 7), (5, 6), (4, 5), (3, 4), (2, 3), (5, 6), (4, 5), (5, 6), (4, 5), (6, 7), (9, 10), (8, 9), (12, 13), (11, 12), (13, 14), (12, 13), (11, 12), (10, 11), (9, 10), (8, 9), (7, 8), (6, 7), (5, 6), (4, 5), (6, 7), (5, 6), (4, 5), (3, 4), (4, 5), (6, 7), (5, 6), (6, 7), (7, 8), (6, 7), (10, 11), (9, 10), (10, 11), (11, 12), (10, 11), (9, 10), (8, 9), (7, 8), (6, 7), (5, 6), (6, 7), (12, 13), (11, 12), (10, 11), (9, 10), (8, 9), (7, 8), (6, 7), (5, 6), (4, 5), (3, 4), (9, 10), (11, 12), (10, 11), (12, 13), (11, 12), (10, 11), (9, 10), (8, 9), (7, 8), (6, 7), (5, 6), (4, 5), (7, 8), (6, 7), (5, 6), (7, 8), (6, 7), (7, 8), (8, 9), (7, 8), (6, 7), (5, 6), (4, 5), (9, 10), (8, 9), (7, 8), (6, 7), (5, 6), (6, 7), (7, 8), (10, 11), (13, 14), (12, 13), (11, 12), (10, 11), (9, 10), (8, 9), (7, 8), (6, 7), (5, 6), (4, 5), (3, 4), (2, 3), (1, 2), (0, 1), (4, 5), (3, 4), (2, 3), (4, 5), (5, 6), (4, 5), (3, 4), (2, 3), (1, 2), (4, 5), (6, 7), (5, 6), (4, 5), (3, 4), (2, 3), (1, 2), (4, 5), (3, 4), (2, 3), (4, 5), (5, 6), (4, 5), (6, 7), (5, 6), (7, 8), (6, 7), (5, 6), (4, 5), (3, 4), (4, 5), (5, 6), (8, 9), (7, 8), (6, 7), (5, 6), (4, 5), (3, 4), (2, 3), (1, 2), (3, 4), (7, 8), (6, 7), (5, 6), (10, 11), (11, 12), (10, 11), (9, 10), (12, 13), (13, 14), (12, 13), (11, 12), (10, 11), (9, 10), (8, 9), (7, 8), (6, 7), (5, 6), (4, 5), (3, 4), (2, 3), (3, 4), (2, 3), (1, 2), (4, 5), (3, 4), (2, 3), (7, 8), (6, 7), (5, 6), (4, 5), (3, 4), (2, 3), (1, 2), (5, 6), (4, 5), (3, 4), (4, 5), (5, 6), (4, 5), (6, 7), (5, 6), (7, 8), (10, 11), (11, 12), (10, 11), (9, 10), (8, 9), (7, 8), (11, 12), (10, 11), (12, 13), (13, 14), (12, 13), (11, 12), (10, 11), (9, 10), (8, 9), (7, 8), (6, 7), (5, 6), (4, 5), (3, 4), (2, 3), (1, 2), (6, 7), (5, 6), (4, 5), (6, 7), (7, 8), (8, 9), (11, 12), (13, 14), (12, 13), (11, 12), (10, 11), (9, 10), (8, 9), (7, 8), (6, 7), (5, 6), (4, 5), (3, 4), (2, 3), (1, 2), (0, 1), (1, 2), (0, 1), (5, 6), (4, 5), (3, 4), (4, 5), (7, 8), (8, 9), (7, 8), (6, 7), (9, 10), (8, 9), (12, 13), (11, 12), (10, 11), (9, 10), (8, 9), (7, 8), (6, 7), (5, 6), (4, 5), (3, 4), (2, 3), (1, 2), (0, 1), (5, 6), (6, 7), (5, 6), (4, 5), (8, 9), (7, 8), (6, 7), (5, 6), (4, 5), (5, 6), (8, 9), (7, 8), (8, 9), (9, 10), (10, 11), (9, 10), (8, 9), (7, 8), (6, 7), (5, 6), (4, 5), (3, 4), (2, 3), (5, 6), (4, 5), (6, 7), (5, 6), (4, 5), (3, 4), (2, 3), (1, 2), (2, 3), (3, 4), (2, 3), (5, 6), (4, 5), (6, 7), (7, 8), (6, 7), (9, 10), (11, 12), (10, 11), (9, 10), (12, 13), (11, 12), (10, 11), (11, 12), (13, 14), (12, 13), (11, 12), (10, 11), (9, 10), (8, 9), (7, 8), (6, 7), (5, 6), (4, 5), (3, 4), (2, 3), (1, 2), (4, 5), (3, 4), (5, 6), (4, 5), (8, 9), (7, 8), (6, 7), (5, 6), (7, 8), (11, 12), (10, 11), (13, 14), (12, 13), (11, 12), (10, 11), (9, 10), (8, 9), (7, 8), (6, 7), (5, 6), (4, 5), (3, 4), (2, 3), (1, 2), (2, 3), (1, 2), (3, 4), (5, 6), (4, 5), (6, 7), (5, 6), (4, 5), (5, 6), (8, 9), (9, 10), (11, 12), (10, 11), (9, 10), (8, 9), (7, 8), (8, 9), (9, 10), (10, 11), (9, 10), (8, 9), (7, 8), (6, 7), (5, 6), (4, 5), (3, 4), (2, 3), (1, 2), (0, 1), (11, 12), (10, 11), (9, 10), (8, 9), (7, 8), (6, 7), (5, 6), (4, 5), (3, 4), (12, 13), (11, 12), (10, 11), (9, 10), (8, 9), (7, 8), (6, 7), (5, 6), (4, 5), (3, 4), (2, 3), (4, 5), (6, 7), (5, 6), (6, 7), (9, 10), (8, 9), (7, 8), (6, 7), (5, 6), (4, 5), (3, 4), (2, 3), (9, 10), (10, 11), (9, 10), (10, 11), (11, 12), (10, 11), (9, 10), (13, 14), (12, 13), (11, 12), (10, 11), (9, 10), (8, 9), (7, 8), (6, 7), (5, 6), (7, 8), (6, 7), (9, 10), (8, 9), (10, 11), (9, 10), (8, 9), (7, 8), (6, 7), (5, 6), (4, 5), (6, 7), (5, 6), (4, 5), (3, 4), (2, 3), (1, 2), (0, 1), (3, 4), (6, 7), (7, 8), (10, 11), (11, 12), (10, 11), (9, 10), (8, 9), (7, 8), (6, 7), (5, 6), (4, 5), (3, 4), (5, 6), (6, 7), (5, 6), (8, 9), (10, 11), (12, 13), (11, 12), (10, 11), (9, 10), (8, 9), (7, 8), (6, 7), (5, 6), (4, 5), (3, 4), (2, 3), (1, 2), (0, 1), (4, 5), (3, 4), (2, 3), (4, 5), (5, 6), (4, 5), (6, 7), (9, 10), (8, 9), (9, 10), (10, 11), (9, 10), (8, 9), (7, 8), (6, 7), (8, 9), (10, 11), (11, 12), (10, 11), (9, 10), (8, 9), (7, 8), (9, 10), (11, 12), (13, 14), (12, 13), (11, 12), (10, 11), (9, 10), (8, 9), (7, 8), (6, 7), (5, 6), (4, 5), (3, 4), (2, 3), (1, 2), (3, 4), (2, 3), (3, 4), (4, 5), (3, 4), (2, 3), (4, 5), (3, 4), (5, 6), (4, 5), (3, 4), (2, 3), (7, 8), (6, 7), (5, 6), (7, 8), (8, 9), (7, 8), (6, 7), (7, 8), (9, 10), (8, 9), (7, 8), (8, 9), (7, 8), (6, 7), (5, 6), (4, 5), (3, 4), (7, 8), (10, 11), (9, 10), (8, 9), (7, 8), (6, 7), (5, 6), (9, 10), (12, 13), (11, 12), (10, 11), (9, 10), (8, 9), (7, 8), (6, 7), (5, 6), (4, 5), (6, 7), (7, 8), (6, 7), (5, 6), (4, 5), (9, 10), (10, 11), (11, 12), (10, 11), (9, 10), (8, 9), (12, 13), (11, 12), (10, 11), (9, 10), (8, 9), (7, 8), (6, 7), (5, 6), (7, 8), (6, 7), (7, 8), (8, 9), (7, 8), (6, 7), (11, 12), (10, 11), (13, 14), (12, 13), (11, 12), (10, 11), (9, 10), (8, 9), (7, 8), (6, 7), (5, 6), (4, 5), (3, 4), (2, 3), (3, 4), (6, 7), (7, 8), (6, 7), (5, 6), (4, 5), (3, 4), (2, 3), (1, 2), (0, 1), (1, 2), (6, 7), (5, 6), (10, 11), (9, 10), (12, 13), (11, 12), (10, 11), (9, 10), (8, 9), (7, 8), (6, 7), (5, 6), (4, 5), (3, 4), (2, 3), (1, 2), (0, 1), (4, 5), (3, 4), (5, 6), (4, 5), (7, 8), (6, 7), (7, 8), (8, 9), (7, 8), (6, 7), (9, 10), (8, 9), (7, 8), (6, 7), (10, 11), (9, 10), (8, 9), (11, 12), (10, 11), (9, 10), (8, 9), (7, 8), (6, 7), (5, 6), (4, 5), (3, 4), (6, 7), (8, 9), (12, 13), (11, 12), (13, 14), (12, 13), (11, 12), (10, 11), (9, 10), (8, 9), (7, 8), (6, 7), (5, 6), (4, 5), (3, 4), (2, 3), (1, 2), (0, 1), (3, 4), (2, 3), (1, 2), (2, 3), (7, 8), (6, 7), (5, 6), (6, 7), (5, 6), (7, 8), (6, 7), (5, 6), (8, 9), (9, 10), (8, 9), (7, 8), (6, 7), (5, 6), (4, 5), (3, 4), (2, 3), (11, 12), (10, 11), (12, 13), (11, 12), (10, 11), (9, 10), (8, 9), (7, 8), (6, 7), (5, 6), (4, 5), (5, 6), (7, 8), (6, 7), (5, 6), (4, 5), (3, 4), (4, 5), (5, 6), (4, 5), (6, 7), (7, 8), (8, 9), (9, 10), (8, 9), (10, 11), (9, 10), (8, 9), (7, 8), (6, 7), (7, 8), (11, 12), (10, 11), (12, 13), (11, 12), (10, 11), (9, 10), (12, 13)]
