results/lll/svpchallengedim40seed1dim15delta1.txt: 191.137 sec
b: [[-12003801, 20597107, 33891312, 21579372, 4925482, 298076, -6742438, 20387810, -15406432, -43422435, 6647930, -73956810, 12498150, -25154287, -22362880],
 [-17041308, -11932974, 20128724, -23607371, -15416690, 11935642, -43605322, -25931572, -66618491, 6254573, 21315734, 72931431, 17893224, 1665546, -12918498],
 [-25609557, -1709213, 34292386, -35264628, -21881547, -9501446, 7872922, 34281145, 87288527, -20404849, 20530328, -17371542, 48639287, 7086679, 6883199],
 [-34904964, 20180158, -11702545, -49810165, 22016623, -843785, 15065120, 75350350, 45646080, -436008, 6399803, 8548046, -34746120, -50089663, 14512186],
 [18878134, 77111663, 85721007, -10550254, 39012358, 34857070, 7397279, 14511932, -44441067, -1180532, 30517896, 5904228, -35432003, -13439965, -10307919],
 [79422564, 40069362, 11877305, 9256358, 24205557, 35566266, -28982529, -17556277, -8405679, 56066785, 1331839, -28599003, -3648517, -42351359, 19071601],
 [-1453106, -27153767, 22841672, -35454681, 57724514, -12855622, 55868646, 76370437, 52024801, 15963731, 12648560, 16465159, 8977616, 13461570, -40423582],
 [38807396, -19487855, 76196082, -38183010, 111799, -28313201, 41813685, 13864493, -36169020, -50647462, 55996064, 33942652, 10506483, -8115368, -22168161],
 [-87280348, 29191421, 6416891, -46444611, 5612139, -25054982, 4479221, 642392, -7038241, 36191770, -44106728, 24456853, 31529823, -43599144, 8540498],
 [38828256, 6799422, -1734518, -5906056, 10860039, -7150985, -36900795, -51520160, 88336076, 1368748, 51120357, 10604042, -55220520, -20331410, 39026109],
 [26125352, -8329555, -19665980, -14292762, 976282, -35834577, -37954037, -3857924, 48585918, -24323513, -20453209, 63191006, 71823332, -33126594, 63361352],
 [-32154749, -16881500, 69537800, -5149005, 46041152, 72287181, 48136230, -19172799, 789881, 16651209, -27764799, -20608308, 17337971, -6567833, -29309391],
 [2673201, -2888091, 31664420, -40019099, -3919081, -21538471, -11637074, -28782812, 77618203, -45688507, -76595972, -32778918, -15074200, -49556148, 13601008],
 [-3266028, 24993557, 25093485, 18069120, -19284770, 7149896, 28327959, -42872353, 21709668, -48709411, 38941537, 65134235, 52695480, 8574243, -46415559],
 [-902437, -95170387, 57130496, 26781002, -27830362, -47640108, -1003251, 28907134, 18970434, 1890146, -23080624, -14210471, -25871589, -52478161, -26385259]], shape=[15, 15], strides=[15, 1], layout=Cc (0x5), const ndim=2
v_norms: [11593805905982940, 157287472937558356349475447626879/11593805905982940, 2255327819493200218773295331357551840336380229567/157287472937558356349475447626879, 30055699652392605928324080296757442938883790797758887723510363460/2255327819493200218773295331357551840336380229567, 145494400532770626155018660397749564782776818976117569336452997664792971053030939/10018566550797535309441360098919147646294596932586295907836787820, 1638177683180353905693384168392083597471377466145544088539546510372411450422200629577311387236010/145494400532770626155018660397749564782776818976117569336452997664792971053030939, 16968686989477489972044677288581721972566910732447127156957453010175542351860286700565942654594116089091265169549/1638177683180353905693384168392083597471377466145544088539546510372411450422200629577311387236010, 490431378027594971773770456757294856389011643910309447145246917049370046741661374076315628990115777755337916942127598524747193872/50906060968432469916134031865745165917700732197341381470872359030526627055580860101697827963782348267273795508647, 4932228028518264386310339426750403161831824900102085240328929012728897893576571283750871228303057596428573048200121898797185467096370020079357113/490431378027594971773770456757294856389011643910309447145246917049370046741661374076315628990115777755337916942127598524747193872, 42231626225318898530806312453430424205539052153946125744357074822783163389722425640838965548913937361594894982996342097998437355030037678349003535292347425721771/4932228028518264386310339426750403161831824900102085240328929012728897893576571283750871228303057596428573048200121898797185467096370020079357113, 393421829495042808759170137600618835407772653497870592637098856371893469619645444111700320730266179357861269125116588457955740318062395465720491578516037680148207558162500334052/42231626225318898530806312453430424205539052153946125744357074822783163389722425640838965548913937361594894982996342097998437355030037678349003535292347425721771, 3478375456171636662728337971359922536635971582733374223949608392098179801318630571163257854444070576337004292675480574457941443980926947341828343557417628408771491411624158228750961784275707125/393421829495042808759170137600618835407772653497870592637098856371893469619645444111700320730266179357861269125116588457955740318062395465720491578516037680148207558162500334052, 26843586573543160008004081270537294768267833162442276737090785897025565128534927013925021098022323583985638573216205447031747156253814581418439767617699400333986406649355099478831546780261401694472548102096452/3478375456171636662728337971359922536635971582733374223949608392098179801318630571163257854444070576337004292675480574457941443980926947341828343557417628408771491411624158228750961784275707125, 199126753690871873861971808217321571218622706144173580637673554424515830813193832847613984990793427163428298862439234108419423909449058702863414684788420802861075051124499038416811992232866045409443321403288511055052754674167/26843586573543160008004081270537294768267833162442276737090785897025565128534927013925021098022323583985638573216205447031747156253814581418439767617699400333986406649355099478831546780261401694472548102096452, 1984083717671826650609068492491545474568058220941746014967236068107902685534469572773757007874341231374906887799917497788436679281525975919995230620271736429153086793429180102932127637234353921652915495645689402607670627759947945034459581929/199126753690871873861971808217321571218622706144173580637673554424515830813193832847613984990793427163428298862439234108419423909449058702863414684788420802861075051124499038416811992232866045409443321403288511055052754674167], shape=[15], strides=[1], layout=CFcf (0xf), const ndim=1
Mu { arr: [-4202200951333201/11593805905982940, 407803692647169/1932300984330490, -47774134320305877823781224126986/157287472937558356349475447626879, 133224176585267/11593805905982940, -55582068861059466212725400661313/157287472937558356349475447626879, 784769534685868222781528835765242552783183634278/2255327819493200218773295331357551840336380229567, 2557824355401043/5796902952991470, 60446076348795703308637458373946/157287472937558356349475447626879, -416735931185866173147621527009809111408778509217/2255327819493200218773295331357551840336380229567, 3858101321808510561823383108049503364348951397980402341362833143/10018566550797535309441360098919147646294596932586295907836787820, 213410319025621/2898451476495735, -14610363991385035232283940661696/157287472937558356349475447626879, -940900041500178125983629521158392012015115936667/2255327819493200218773295331357551840336380229567, -235340939128791283914746207829833338262526944640041426695904469/10018566550797535309441360098919147646294596932586295907836787820, 70414554109764993667281618363412083055206624138464794785802976023387955102663003/145494400532770626155018660397749564782776818976117569336452997664792971053030939, -102272700285737/1159380590598294, -62320510958882042717934539149730/157287472937558356349475447626879, 1110486271714627049427577830943554046172887130398/2255327819493200218773295331357551840336380229567, 12520534418180754164764127267809571491105610253851350287683231971/30055699652392605928324080296757442938883790797758887723510363460, 32960257433187687978566104741328137533492393398838666139596038868009596580102021/145494400532770626155018660397749564782776818976117569336452997664792971053030939, -522437507789691984359592662953774075424765158333449596380964399486470446501536175321125530717087/1638177683180353905693384168392083597471377466145544088539546510372411450422200629577311387236010, 2333672909636081/11593805905982940, 75967206271673357664320141974121/157287472937558356349475447626879, 677107182115059738373411194361586745751514480989/2255327819493200218773295331357551840336380229567, 1112803208305770116646828909885618646648662381114042059642844367/30055699652392605928324080296757442938883790797758887723510363460, 63033585984668605575436941140555208288949506303523361643106114188049605079612817/145494400532770626155018660397749564782776818976117569336452997664792971053030939, -95940271681433938679970298171329344555203897812984314953921364282256924203620992231501084854464/273029613863392317615564028065347266245229577690924014756591085062068575070366771596218564539335, 7503230434662356080758653490744025084614197925179641019871857150822639341140261105036491460173167394173310071268/16968686989477489972044677288581721972566910732447127156957453010175542351860286700565942654594116089091265169549, -1398033799061687/11593805905982940, 36872195814435322119155886780253/157287472937558356349475447626879, 641257168400345586379611251853263868391546916344/2255327819493200218773295331357551840336380229567, 3003108254548868425383670853599388454509574273182158713806434147/6011139930478521185664816059351488587776758159551777544702072692, -29407307437718819270629184470916835859033051296627310695009097347027970415683335/145494400532770626155018660397749564782776818976117569336452997664792971053030939, -8128786288217623968129040141320982763388750297810752843862891346422707547134312296368394169128/819088841590176952846692084196041798735688733072772044269773255186205725211100314788655693618005, -2514160260632288127529196285126255092300947487823372699384684578229963776698710981322568423763057626270433458948/16968686989477489972044677288581721972566910732447127156957453010175542351860286700565942654594116089091265169549, -220114655473892292998702839874028720922703721612051840317057622563076983535442148213458878200246929935747833136152776840210734633/490431378027594971773770456757294856389011643910309447145246917049370046741661374076315628990115777755337916942127598524747193872, -2089368961475137/5796902952991470, -57968141154280688218825962129314/157287472937558356349475447626879, 356479770621866942580298707274759547292327977934/2255327819493200218773295331357551840336380229567, 262311691200382914893278938909698927665721096255028555852566557/10018566550797535309441360098919147646294596932586295907836787820, 5577971392226201146491192960039956340283018201827715373874329681603835423391663/20784914361824375165002665771107080683253831282302509905207571094970424436147277, 49275783251219668335910262205267943135994892821450050422040209340335186854973589861079118221237/109211845545356927046225611226138906498091831076369605902636434024827430028146708638487425815734, -8405047489949772894012391198140615701656851573624214878689148684749240457668038075988381471572249133163849056985/16968686989477489972044677288581721972566910732447127156957453010175542351860286700565942654594116089091265169549, 76865592571515949689974092783691534305575020395135452390698879786381165360287183838849206463462983732360776950471555165825889639/245215689013797485886885228378647428194505821955154723572623458524685023370830687038157814495057888877668958471063799262373596936, -2300949413550616485473085692223417639670799605713891315901434191120453024067304452376499088226620952216038507815192614722512244079355605211029678/4932228028518264386310339426750403161831824900102085240328929012728897893576571283750871228303057596428573048200121898797185467096370020079357113, -456371790817488/966150492165245, 1371540523334190471102943045644/157287472937558356349475447626879, 1127604132530877180708369556836682996581830090972/2255327819493200218773295331357551840336380229567, -464336793633591664425053123350515018615651943129562652949414151/10018566550797535309441360098919147646294596932586295907836787820, -44409013328345382692587920695726429204488823736750181339038210165634065949969203/145494400532770626155018660397749564782776818976117569336452997664792971053030939, 405255517581201230188484928952208689581578517342233807692841765816771236477840473120912103899821/819088841590176952846692084196041798735688733072772044269773255186205725211100314788655693618005, -3311865476689777692622603392403350958428936113521182264486070089406119186033839405834097260887802676498945031214/16968686989477489972044677288581721972566910732447127156957453010175542351860286700565942654594116089091265169549, 85987526371428357589532102664758447403080481830588780039697925177181401880084773491551894757171202597905774582763379894473823657/245215689013797485886885228378647428194505821955154723572623458524685023370830687038157814495057888877668958471063799262373596936, 356138648611924712432369887072570202931330774448149970912824542768939618202640216511832979337551499666469941151564887309901152308679379934393770/1644076009506088128770113142250134387277274966700695080109643004242965964525523761250290409434352532142857682733373966265728489032123340026452371, 2912368180081826973288894700439711481224344067492934358492001740711018078434217282110949429150130915895298938668751681756176608784610380289282801968791928743887/42231626225318898530806312453430424205539052153946125744357074822783163389722425640838965548913937361594894982996342097998437355030037678349003535292347425721771, 1152814746740661/3864601968660980, 8231559312621625467858674191803/157287472937558356349475447626879, 164189814982560323244548811118465218266561148915/2255327819493200218773295331357551840336380229567, -162011768960076382825321433311380592882655076821948056130138681/3005569965239260592832408029675744293888379079775888772351036346, 8477285092344158179799250706949127530310216030416750569720779052868530709936230/20784914361824375165002665771107080683253831282302509905207571094970424436147277, -64330263727592833583745861235224873576549690742631313418152449983594977799677480216747470222911/546059227726784635231128056130694532490459155381848029513182170124137150140733543192437129078670, 7707237641916222679400053132120972745320385209069870452062504823191420546216088493520478828950178507571101552431/16968686989477489972044677288581721972566910732447127156957453010175542351860286700565942654594116089091265169549, -27983737438034724805929426188805622844011123518832587995389131157460290848230393614517216208721493063111312693484296811946946539/61303922253449371471721307094661857048626455488788680893155864631171255842707671759539453623764472219417239617765949815593399234, 616298733963449805245411605762811887754609462086271194025216753668673863903552485990617589989947461808068160583032818962174448614891886087629592/1644076009506088128770113142250134387277274966700695080109643004242965964525523761250290409434352532142857682733373966265728489032123340026452371, 328680989961786605003155893622395745621610656003402991992716751151677924003903897018309899680256661655984182578086692158173684314625658653395467892981748130819/42231626225318898530806312453430424205539052153946125744357074822783163389722425640838965548913937361594894982996342097998437355030037678349003535292347425721771, -110289286554828168496008940680577385525595692992690242205916115463714017523809168811787172605580378952435405909529785706543956704864032987290242085925986971428562801610888736851/393421829495042808759170137600618835407772653497870592637098856371893469619645444111700320730266179357861269125116588457955740318062395465720491578516037680148207558162500334052, 3041005560584233/11593805905982940, -72779506187397523989441460188347/157287472937558356349475447626879, 756667491835880574469891620954406596513186583547/2255327819493200218773295331357551840336380229567, 847756788913274858908613887438159683625895587291651340035876031/10018566550797535309441360098919147646294596932586295907836787820, -17878224861002838966576964925766044028518010966438348427772349927464037132383237/145494400532770626155018660397749564782776818976117569336452997664792971053030939, 160668517797338737668105191145660707381469064793072282382388864819204976580859553611035650100313/819088841590176952846692084196041798735688733072772044269773255186205725211100314788655693618005, -6686882406087832954451632432547997773776714977240260065509454634160756714624572584297821548433499521243486225082/16968686989477489972044677288581721972566910732447127156957453010175542351860286700565942654594116089091265169549, 109937635096802928293587099672291713410923704699940118513172246711559915810801993560507146461134417057742195575601729899385046897/490431378027594971773770456757294856389011643910309447145246917049370046741661374076315628990115777755337916942127598524747193872, 2110047955273022942102202186933063594383387261086234461717900918513498249450925821475339919334187026029381471711122827466148510823983019592607903/4932228028518264386310339426750403161831824900102085240328929012728897893576571283750871228303057596428573048200121898797185467096370020079357113, 19601512814736594045023365970020476942405185467911951912897250308850318717885814467904267243291869109046893815819126510630435935219291073710581368955653440422234/42231626225318898530806312453430424205539052153946125744357074822783163389722425640838965548913937361594894982996342097998437355030037678349003535292347425721771, 80372406181911322876981385129456882792464562067867337177824749235469504293593106516625860664375421403346334038826490245736971941899582375022596808223984696830378028514485598545/393421829495042808759170137600618835407772653497870592637098856371893469619645444111700320730266179357861269125116588457955740318062395465720491578516037680148207558162500334052, 1669209660047531227545836429044130954048980394506870906545286011176293121464274068874171272450264248574090291300144274920228630179672979901993917466339873718190789016547877217612345738904116989/3478375456171636662728337971359922536635971582733374223949608392098179801318630571163257854444070576337004292675480574457941443980926947341828343557417628408771491411624158228750961784275707125, -660281660931581/11593805905982940, 60775183572862323123099203028739/157287472937558356349475447626879, 938126588366121495345015715183951905763493200147/2255327819493200218773295331357551840336380229567, -2898567262305309124791141015260250082875771694709073318520763287/7513924913098151482081020074189360734720947699439721930877590865, 4910120284689632310666214181553939254405918621916250032571989860827712441272536/20784914361824375165002665771107080683253831282302509905207571094970424436147277, -116271161395134366081432712267632786813294310845417625757346568915639115711570759596359179768081/327635536636070781138676833678416719494275493229108817707909302074482290084440125915462277447202, -138165176525221250190700438299904276150866148128050393371487498610387777089012263356040738770873875773889380755/16968686989477489972044677288581721972566910732447127156957453010175542351860286700565942654594116089091265169549, 43973968374707697476557373605919361762489891809373677255004003183122376313321230300420744421912347548683323580529122236389504537/245215689013797485886885228378647428194505821955154723572623458524685023370830687038157814495057888877668958471063799262373596936, -9793832103808214646859801917689521666503303686938788964250402976752541961236548719877866767107385487552934417677769729131386705151357378973074/4932228028518264386310339426750403161831824900102085240328929012728897893576571283750871228303057596428573048200121898797185467096370020079357113, 7930924222585571035792366804322718988020181205811216587297235982550609512271949579918053217851159947121428518884112488559326869405147989871997507494821966184193/42231626225318898530806312453430424205539052153946125744357074822783163389722425640838965548913937361594894982996342097998437355030037678349003535292347425721771, 110057246328009114419520880119855219129799145434605716157640751105384789910056738759200391393566770541823289472737987600481949314563229115039939875398850998203417460134896447669/393421829495042808759170137600618835407772653497870592637098856371893469619645444111700320730266179357861269125116588457955740318062395465720491578516037680148207558162500334052, 410585746980184270010213323943953410829345040111931505235570011522867522965674780662472153570929017626289190336563468465325914312472092719967545288988906688489443623712897218974906624851642641/3478375456171636662728337971359922536635971582733374223949608392098179801318630571163257854444070576337004292675480574457941443980926947341828343557417628408771491411624158228750961784275707125, -7634401598258265119701202334738618373444012594003590586960036956175021062304378161768590339678805583230950413016532125347759767640708140321904304648934321431364902399972924607365084967513424454565447251159987/26843586573543160008004081270537294768267833162442276737090785897025565128534927013925021098022323583985638573216205447031747156253814581418439767617699400333986406649355099478831546780261401694472548102096452, 1039839094721293/3864601968660980, -12008530166066333302874107602381/157287472937558356349475447626879, 291088336238924612004943033106227311877694932673/2255327819493200218773295331357551840336380229567, 887816740740265064016225648951987083382628579138702580013427007/30055699652392605928324080296757442938883790797758887723510363460, -56133355523880603436631449257908797167610804167900675474873230666414119900448483/145494400532770626155018660397749564782776818976117569336452997664792971053030939, -24352866439491828539757328951402515705148855533225002821910353445704461786336587152353400230933/546059227726784635231128056130694532490459155381848029513182170124137150140733543192437129078670, 7562354050070629517320301740933957372088211960737458561613391187451311002009187882675069603633557974109226406323/16968686989477489972044677288581721972566910732447127156957453010175542351860286700565942654594116089091265169549, 231568465013944976200197500447038115344853710937804971193726958223251799364539516611772354831390349690478370899000443988201471719/490431378027594971773770456757294856389011643910309447145246917049370046741661374076315628990115777755337916942127598524747193872, 397963887068517495096548573038236135962725370093296628139489014093776798761564971841637988077666323208283954802267784797750393622404364065356857/4932228028518264386310339426750403161831824900102085240328929012728897893576571283750871228303057596428573048200121898797185467096370020079357113, 14153755059111987095639717175366174923402701637420588391560853517750619459944136596719153747077164938139282762561470066487041682967511460752241573987648825873090/42231626225318898530806312453430424205539052153946125744357074822783163389722425640838965548913937361594894982996342097998437355030037678349003535292347425721771, -102469673799783673850714093370170724525227971708676741797615174577978235949684770423375387983546944996444643596813696699910067228624868713065961499109865274780928752417221284749/393421829495042808759170137600618835407772653497870592637098856371893469619645444111700320730266179357861269125116588457955740318062395465720491578516037680148207558162500334052, 6299846669916304477870876190840042733062347104371574985042514696581637885970229657357070624076658464197692296484001274630081679056938355224449668416301150247633370798888876983027730375707451/27827003649373093301826703770879380293087772661866993791596867136785438410549044569306062835552564610696034341403844595663531551847415578734626748459341027270171931292993265830007694274205657, 12834668885482961285329905660697226538277147846614873924468814710331409221066353581028563966617667192256501698593461731412587048919632937096028956066701772141048358654748416199938866767509659706018823449640375/26843586573543160008004081270537294768267833162442276737090785897025565128534927013925021098022323583985638573216205447031747156253814581418439767617699400333986406649355099478831546780261401694472548102096452, -62848136368200088133050586357630195188582515647433039004632275698960180550450262980073522022578796469755326602644717196532073703419609795844326728918632648825268711616834132455760734989714534310593827521272966890228577226367/199126753690871873861971808217321571218622706144173580637673554424515830813193832847613984990793427163428298862439234108419423909449058702863414684788420802861075051124499038416811992232866045409443321403288511055052754674167] }
(hist.len, cnt): (4600, 8794)
[(0, 1), (0, 1), (0, 1), (0, 1), (0, 1), (0, 1), (0, 1), (0, 1), (0, 1), (0, 1), (0, 1), (0, 1), (0, 1), (0, 1), (0, 1), (0, 1), (0, 1), (0, 1), (0, 1), (0, 1), (0, 1), (0, 1), (0, 1), (0, 1), (0, 1), (0, 1), (0, 1), (0, 1), (0, 1), (0, 1), (0, 1), (0, 1), (0, 1), (0, 1), (0, 1), (0, 1), (0, 1), (0, 1), (0, 1), (0, 1), (0, 1), (0, 1), (0, 1), (0, 1), (0, 1), (0, 1), (0, 1), (0, 1), (0, 1), (0, 1), (0, 1), (0, 1), (0, 1), (0, 1), (0, 1), (0, 1), (0, 1), (0, 1), (0, 1), (0, 1), (0, 1), (0, 1), (0, 1), (0, 1), (0, 1), (0, 1), (0, 1), (0, 1), (0, 1), (0, 1), (0, 1), (0, 1), (0, 1), (0, 1), (0, 1), (0, 1), (0, 1), (0, 1), (0, 1), (0, 1), (0, 1), (0, 1), (1, 2), (0, 1), (1, 2), (0, 1), (1, 2), (0, 1), (1, 2), (0, 1), (1, 2), (0, 1), (1, 2), (0, 1), (1, 2), (0, 1), (1, 2), (0, 1), (1, 2), (0, 1), (1, 2), (0, 1), (1, 2), (1, 2), (0, 1), (1, 2), (0, 1), (1, 2), (0, 1), (1, 2), (0, 1), (1, 2), (0, 1), (1, 2), (0, 1), (1, 2), (0, 1), (0, 1), (1, 2), (0, 1), (1, 2), (0, 1), (0, 1), (1, 2), (0, 1), (1, 2), (0, 1), (1, 2), (0, 1), (1, 2), (0, 1), (1, 2), (0, 1), (1, 2), (0, 1), (1, 2), (0, 1), (0, 1), (1, 2), (0, 1), (1, 2), (0, 1), (1, 2), (0, 1), (1, 2), (0, 1), (1, 2), (0, 1), (1, 2), (0, 1), (1, 2), (1, 2), (0, 1), (1, 2), (0, 1), (1, 2), (1, 2), (0, 1), (1, 2), (0, 1), (0, 1), (1, 2), (0, 1), (1, 2), (0, 1), (1, 2), (0, 1), (1, 2), (0, 1), (1, 2), (0, 1), (1, 2), (0, 1), (1, 2), (0, 1), (1, 2), (0, 1), (1, 2), (0, 1), (0, 1), (1, 2), (0, 1), (0, 1), (1, 2), (0, 1), (1, 2), (0, 1), (1, 2), (0, 1), (0, 1), (1, 2), (0, 1), (1, 2), (0, 1), (1, 2), (0, 1), (1, 2), (1, 2), (0, 1), (2, 3), (1, 2), (0, 1), (2, 3), (1, 2), (0, 1), (2, 3), (1, 2), (0, 1), (1, 2), (2, 3), (1, 2), (0, 1), (2, 3), (1, 2), (0, 1), (1, 2), (2, 3), (1, 2), (0, 1), (2, 3), (1, 2), (0, 1), (2, 3), (1, 2), (0, 1), (2, 3), (1, 2), (0, 1), (2, 3), (1, 2), (0, 1), (1, 2), (2, 3), (1, 2), (0, 1), (0, 1), (2, 3), (1, 2), (0, 1), (1, 2), (2, 3), (1, 2), (0, 1), (2, 3), (1, 2), (0, 1), (2, 3), (1, 2), (0, 1), (1, 2), (2, 3), (1, 2), (0, 1), (2, 3), (1, 2), (0, 1), (1, 2), (2, 3), (1, 2), (0, 1), (2, 3), (1, 2), (2, 3), (1, 2), (0, 1), (1, 2), (2, 3), (1, 2), (0, 1), (2, 3), (1, 2), (2, 3), (1, 2), (0, 1), (2, 3), (1, 2), (0, 1), (2, 3), (1, 2), (0, 1), (2, 3), (2, 3), (1, 2), (0, 1), (1, 2), (0, 1), (1, 2), (2, 3), (1, 2), (0, 1), (1, 2), (2, 3), (1, 2), (0, 1), (2, 3), (1, 2), (2, 3), (1, 2), (0, 1), (1, 2), (2, 3), (1, 2), (0, 1), (2, 3), (1, 2), (0, 1), (1, 2), (2, 3), (1, 2), (0, 1), (1, 2), (2, 3), (1, 2), (0, 1), (2, 3), (1, 2), (2, 3), (1, 2), (0, 1), (2, 3), (1, 2), (0, 1), (1, 2), (2, 3), (1, 2), (2, 3), (1, 2), (0, 1), (1, 2), (0, 1), (2, 3), (1, 2), (0, 1), (2, 3), (1, 2), (2, 3), (1, 2), (0, 1), (1, 2), (0, 1), (1, 2), (3, 4), (2, 3), (1, 2), (0, 1), (2, 3), (3, 4), (2, 3), (1, 2), (0, 1), (1, 2), (0, 1), (3, 4), (2, 3), (1, 2), (0, 1), (3, 4), (2, 3), (1, 2), (2, 3), (3, 4), (2, 3), (1, 2), (0, 1), (2, 3), (1, 2), (3, 4), (2, 3), (1, 2), (0, 1), (2, 3), (3, 4), (2, 3), (1, 2), (0, 1), (3, 4), (2, 3), (1, 2), (0, 1), (3, 4), (2, 3), (1, 2), (0, 1), (1, 2), (2, 3), (3, 4), (2, 3), (1, 2), (0, 1), (1, 2), (0, 1), (2, 3), (3, 4), (2, 3), (1, 2), (3, 4), (2, 3), (1, 2), (3, 4), (2, 3), (1, 2), (0, 1), (1, 2), (2, 3), (3, 4), (2, 3), (1, 2), (0, 1), (2, 3), (1, 2), (3, 4), (2, 3), (1, 2), (0, 1), (3, 4), (2, 3), (1, 2), (3, 4), (2, 3), (1, 2), (0, 1), (3, 4), (2, 3), (1, 2), (0, 1), (2, 3), (1, 2), (0, 1), (1, 2), (3, 4), (2, 3), (1, 2), (0, 1), (2, 3), (1, 2), (2, 3), (1, 2), (3, 4), (2, 3), (1, 2), (0, 1), (2, 3), (1, 2), (3, 4), (2, 3), (1, 2), (0, 1), (2, 3), (1, 2), (0, 1), (2, 3), (1, 2), (3, 4), (2, 3), (1, 2), (0, 1), (2, 3), (1, 2), (3, 4), (2, 3), (1, 2), (0, 1), (1, 2), (2, 3), (3, 4), (2, 3), (1, 2), (0, 1), (1, 2), (3, 4), (2, 3), (1, 2), (2, 3), (3, 4), (2, 3), (1, 2), (0, 1), (2, 3), (1, 2), (0, 1), (3, 4), (2, 3), (1, 2), (0, 1), (2, 3), (1, 2), (3, 4), (2, 3), (1, 2), (0, 1), (1, 2), (2, 3), (1, 2), (3, 4), (2, 3), (1, 2), (0, 1), (1, 2), (0, 1), (2, 3), (1, 2), (0, 1), (1, 2), (3, 4), (2, 3), (1, 2), (0, 1), (2, 3), (3, 4), (2, 3), (1, 2), (0, 1), (2, 3), (1, 2), (0, 1), (3, 4), (2, 3), (1, 2), (0, 1), (2, 3), (1, 2), (3, 4), (2, 3), (1, 2), (0, 1), (1, 2), (0, 1), (2, 3), (1, 2), (0, 1), (3, 4), (2, 3), (1, 2), (0, 1), (4, 5), (3, 4), (2, 3), (1, 2), (0, 1), (3, 4), (2, 3), (4, 5), (3, 4), (2, 3), (1, 2), (4, 5), (3, 4), (2, 3), (1, 2), (0, 1), (1, 2), (2, 3), (3, 4), (2, 3), (1, 2), (0, 1), (1, 2), (2, 3), (1, 2), (3, 4), (4, 5), (3, 4), (2, 3), (1, 2), (0, 1), (1, 2), (3, 4), (2, 3), (1, 2), (2, 3), (4, 5), (3, 4), (2, 3), (1, 2), (0, 1), (1, 2), (4, 5), (3, 4), (2, 3), (1, 2), (0, 1), (4, 5), (3, 4), (2, 3), (1, 2), (2, 3), (3, 4), (2, 3), (3, 4), (4, 5), (3, 4), (2, 3), (1, 2), (0, 1), (1, 2), (3, 4), (2, 3), (1, 2), (0, 1), (3, 4), (4, 5), (3, 4), (2, 3), (1, 2), (0, 1), (1, 2), (4, 5), (3, 4), (2, 3), (1, 2), (0, 1), (4, 5), (3, 4), (2, 3), (1, 2), (0, 1), (3, 4), (2, 3), (3, 4), (4, 5), (3, 4), (2, 3), (1, 2), (0, 1), (2, 3), (3, 4), (2, 3), (1, 2), (0, 1), (1, 2), (4, 5), (3, 4), (2, 3), (1, 2), (0, 1), (1, 2), (3, 4), (2, 3), (1, 2), (4, 5), (3, 4), (2, 3), (1, 2), (0, 1), (2, 3), (3, 4), (2, 3), (1, 2), (0, 1), (2, 3), (3, 4), (2, 3), (1, 2), (0, 1), (2, 3), (4, 5), (3, 4), (2, 3), (1, 2), (0, 1), (2, 3), (1, 2), (2, 3), (4, 5), (3, 4), (2, 3), (3, 4), (4, 5), (3, 4), (2, 3), (1, 2), (0, 1), (2, 3), (3, 4), (2, 3), (1, 2), (2, 3), (1, 2), (3, 4), (4, 5), (3, 4), (2, 3), (1, 2), (0, 1), (4, 5), (3, 4), (2, 3), (1, 2), (2, 3), (3, 4), (2, 3), (3, 4), (4, 5), (3, 4), (2, 3), (1, 2), (2, 3), (1, 2), (4, 5), (3, 4), (2, 3), (1, 2), (0, 1), (2, 3), (1, 2), (0, 1), (2, 3), (4, 5), (3, 4), (2, 3), (1, 2), (0, 1), (3, 4), (2, 3), (1, 2), (0, 1), (3, 4), (2, 3), (1, 2), (4, 5), (3, 4), (2, 3), (1, 2), (0, 1), (4, 5), (3, 4), (2, 3), (1, 2), (0, 1), (5, 6), (4, 5), (3, 4), (2, 3), (1, 2), (0, 1), (3, 4), (2, 3), (1, 2), (0, 1), (2, 3), (5, 6), (4, 5), (3, 4), (2, 3), (1, 2), (0, 1), (1, 2), (4, 5), (5, 6), (4, 5), (3, 4), (2, 3), (1, 2), (0, 1), (2, 3), (3, 4), (2, 3), (5, 6), (4, 5), (3, 4), (2, 3), (1, 2), (2, 3), (4, 5), (5, 6), (4, 5), (3, 4), (2, 3), (1, 2), (4, 5), (3, 4), (4, 5), (5, 6), (4, 5), (3, 4), (2, 3), (1, 2), (0, 1), (3, 4), (2, 3), (4, 5), (3, 4), (2, 3), (5, 6), (4, 5), (3, 4), (2, 3), (1, 2), (0, 1), (3, 4), (2, 3), (4, 5), (3, 4), (2, 3), (1, 2), (0, 1), (2, 3), (5, 6), (4, 5), (3, 4), (4, 5), (5, 6), (4, 5), (3, 4), (2, 3), (1, 2), (0, 1), (2, 3), (1, 2), (5, 6), (4, 5), (3, 4), (2, 3), (1, 2), (4, 5), (3, 4), (2, 3), (1, 2), (2, 3), (4, 5), (5, 6), (4, 5), (3, 4), (2, 3), (1, 2), (0, 1), (4, 5), (5, 6), (4, 5), (3, 4), (2, 3), (1, 2), (3, 4), (5, 6), (4, 5), (3, 4), (2, 3), (1, 2), (0, 1), (3, 4), (2, 3), (4, 5), (3, 4), (2, 3), (1, 2), (2, 3), (1, 2), (4, 5), (3, 4), (2, 3), (1, 2), (0, 1), (4, 5), (3, 4), (2, 3), (1, 2), (5, 6), (4, 5), (3, 4), (2, 3), (1, 2), (0, 1), (4, 5), (3, 4), (2, 3), (4, 5), (5, 6), (4, 5), (3, 4), (2, 3), (1, 2), (0, 1), (1, 2), (2, 3), (4, 5), (3, 4), (2, 3), (1, 2), (0, 1), (3, 4), (5, 6), (4, 5), (3, 4), (2, 3), (1, 2), (0, 1), (1, 2), (3, 4), (4, 5), (3, 4), (2, 3), (1, 2), (0, 1), (2, 3), (1, 2), (0, 1), (3, 4), (4, 5), (3, 4), (2, 3), (1, 2), (0, 1), (4, 5), (3, 4), (4, 5), (5, 6), (4, 5), (3, 4), (2, 3), (1, 2), (0, 1), (3, 4), (2, 3), (1, 2), (5, 6), (4, 5), (3, 4), (2, 3), (1, 2), (2, 3), (5, 6), (4, 5), (3, 4), (2, 3), (3, 4), (2, 3), (4, 5), (5, 6), (4, 5), (3, 4), (2, 3), (1, 2), (0, 1), (2, 3), (1, 2), (2, 3), (5, 6), (4, 5), (3, 4), (2, 3), (1, 2), (2, 3), (3, 4), (2, 3), (3, 4), (5, 6), (4, 5), (3, 4), (2, 3), (1, 2), (0, 1), (2, 3), (1, 2), (3, 4), (2, 3), (1, 2), (0, 1), (4, 5), (3, 4), (2, 3), (1, 2), (0, 1), (1, 2), (3, 4), (2, 3), (5, 6), (4, 5), (3, 4), (2, 3), (1, 2), (2, 3), (3, 4), (2, 3), (3, 4), (5, 6), (4, 5), (3, 4), (2, 3), (1, 2), (0, 1), (3, 4), (2, 3), (3, 4), (5, 6), (4, 5), (3, 4), (2, 3), (1, 2), (3, 4), (4, 5), (3, 4), (2, 3), (1, 2), (5, 6), (4, 5), (3, 4), (2, 3), (1, 2), (2, 3), (3, 4), (5, 6), (4, 5), (3, 4), (2, 3), (1, 2), (3, 4), (4, 5), (6, 7), (5, 6), (4, 5), (3, 4), (2, 3), (1, 2), (0, 1), (3, 4), (4, 5), (3, 4), (2, 3), (1, 2), (0, 1), (4, 5), (6, 7), (5, 6), (4, 5), (3, 4), (2, 3), (1, 2), (0, 1), (1, 2), (2, 3), (4, 5), (3, 4), (2, 3), (1, 2), (0, 1), (2, 3), (4, 5), (3, 4), (2, 3), (1, 2), (3, 4), (6, 7), (5, 6), (4, 5), (3, 4), (6, 7), (5, 6), (4, 5), (3, 4), (2, 3), (1, 2), (0, 1), (4, 5), (3, 4), (4, 5), (3, 4), (5, 6), (4, 5), (3, 4), (2, 3), (1, 2), (0, 1), (1, 2), (5, 6), (6, 7), (5, 6), (4, 5), (3, 4), (2, 3), (1, 2), (0, 1), (4, 5), (3, 4), (2, 3), (1, 2), (0, 1), (4, 5), (3, 4), (5, 6), (4, 5), (3, 4), (6, 7), (5, 6), (4, 5), (3, 4), (2, 3), (1, 2), (0, 1), (4, 5), (5, 6), (4, 5), (3, 4), (2, 3), (1, 2), (0, 1), (2, 3), (4, 5), (3, 4), (2, 3), (1, 2), (0, 1), (2, 3), (5, 6), (6, 7), (5, 6), (4, 5), (3, 4), (2, 3), (1, 2), (4, 5), (3, 4), (6, 7), (5, 6), (4, 5), (3, 4), (2, 3), (1, 2), (0, 1), (1, 2), (3, 4), (2, 3), (1, 2), (5, 6), (4, 5), (3, 4), (2, 3), (1, 2), (0, 1), (1, 2), (4, 5), (3, 4), (6, 7), (5, 6), (4, 5), (3, 4), (2, 3), (1, 2), (0, 1), (1, 2), (3, 4), (2, 3), (1, 2), (0, 1), (2, 3), (5, 6), (4, 5), (3, 4), (2, 3), (1, 2), (0, 1), (1, 2), (3, 4), (2, 3), (5, 6), (6, 7), (5, 6), (4, 5), (3, 4), (2, 3), (1, 2), (0, 1), (3, 4), (4, 5), (5, 6), (4, 5), (3, 4), (2, 3), (1, 2), (0, 1), (4, 5), (6, 7), (5, 6), (4, 5), (3, 4), (2, 3), (1, 2), (0, 1), (1, 2), (5, 6), (4, 5), (6, 7), (5, 6), (4, 5), (3, 4), (2, 3), (1, 2), (2, 3), (1, 2), (0, 1), (3, 4), (5, 6), (4, 5), (3, 4), (4, 5), (3, 4), (2, 3), (1, 2), (0, 1), (1, 2), (6, 7), (5, 6), (4, 5), (3, 4), (2, 3), (1, 2), (0, 1), (1, 2), (3, 4), (2, 3), (1, 2), (0, 1), (3, 4), (5, 6), (4, 5), (3, 4), (2, 3), (4, 5), (5, 6), (4, 5), (3, 4), (6, 7), (5, 6), (4, 5), (3, 4), (2, 3), (3, 4), (5, 6), (4, 5), (6, 7), (5, 6), (4, 5), (3, 4), (2, 3), (1, 2), (0, 1), (1, 2), (2, 3), (4, 5), (3, 4), (2, 3), (1, 2), (2, 3), (3, 4), (4, 5), (5, 6), (4, 5), (3, 4), (4, 5), (5, 6), (4, 5), (6, 7), (5, 6), (4, 5), (3, 4), (2, 3), (3, 4), (2, 3), (1, 2), (3, 4), (4, 5), (3, 4), (2, 3), (1, 2), (4, 5), (6, 7), (7, 8), (6, 7), (5, 6), (4, 5), (3, 4), (2, 3), (1, 2), (0, 1), (1, 2), (3, 4), (5, 6), (6, 7), (5, 6), (4, 5), (3, 4), (2, 3), (1, 2), (0, 1), (1, 2), (4, 5), (5, 6), (4, 5), (5, 6), (4, 5), (3, 4), (7, 8), (6, 7), (5, 6), (4, 5), (3, 4), (2, 3), (4, 5), (5, 6), (4, 5), (5, 6), (6, 7), (5, 6), (4, 5), (3, 4), (2, 3), (1, 2), (0, 1), (7, 8), (6, 7), (5, 6), (4, 5), (3, 4), (2, 3), (1, 2), (0, 1), (2, 3), (7, 8), (6, 7), (5, 6), (4, 5), (3, 4), (2, 3), (1, 2), (5, 6), (4, 5), (3, 4), (2, 3), (1, 2), (7, 8), (6, 7), (5, 6), (4, 5), (3, 4), (2, 3), (1, 2), (0, 1), (6, 7), (5, 6), (4, 5), (3, 4), (5, 6), (7, 8), (6, 7), (5, 6), (4, 5), (3, 4), (5, 6), (6, 7), (5, 6), (4, 5), (3, 4), (4, 5), (5, 6), (6, 7), (5, 6), (6, 7), (7, 8), (6, 7), (5, 6), (4, 5), (3, 4), (2, 3), (1, 2), (0, 1), (1, 2), (0, 1), (3, 4), (2, 3), (4, 5), (7, 8), (6, 7), (5, 6), (4, 5), (3, 4), (2, 3), (1, 2), (0, 1), (2, 3), (4, 5), (6, 7), (5, 6), (4, 5), (3, 4), (2, 3), (1, 2), (0, 1), (2, 3), (3, 4), (4, 5), (3, 4), (5, 6), (4, 5), (3, 4), (2, 3), (1, 2), (0, 1), (1, 2), (2, 3), (1, 2), (0, 1), (4, 5), (3, 4), (2, 3), (1, 2), (0, 1), (7, 8), (6, 7), (5, 6), (4, 5), (3, 4), (2, 3), (4, 5), (3, 4), (6, 7), (7, 8), (6, 7), (5, 6), (4, 5), (3, 4), (2, 3), (1, 2), (0, 1), (2, 3), (3, 4), (2, 3), (5, 6), (4, 5), (6, 7), (7, 8), (6, 7), (5, 6), (4, 5), (3, 4), (2, 3), (1, 2), (0, 1), (1, 2), (4, 5), (3, 4), (6, 7), (5, 6), (4, 5), (3, 4), (4, 5), (6, 7), (5, 6), (4, 5), (3, 4), (2, 3), (1, 2), (0, 1), (5, 6), (7, 8), (6, 7), (5, 6), (4, 5), (3, 4), (2, 3), (1, 2), (0, 1), (1, 2), (2, 3), (3, 4), (6, 7), (7, 8), (6, 7), (5, 6), (4, 5), (3, 4), (2, 3), (1, 2), (2, 3), (4, 5), (5, 6), (4, 5), (5, 6), (6, 7), (5, 6), (4, 5), (3, 4), (2, 3), (1, 2), (0, 1), (1, 2), (3, 4), (4, 5), (3, 4), (2, 3), (5, 6), (4, 5), (3, 4), (5, 6), (7, 8), (6, 7), (5, 6), (4, 5), (3, 4), (2, 3), (1, 2), (0, 1), (2, 3), (3, 4), (2, 3), (5, 6), (4, 5), (3, 4), (2, 3), (5, 6), (4, 5), (5, 6), (7, 8), (6, 7), (5, 6), (4, 5), (3, 4), (2, 3), (1, 2), (0, 1), (4, 5), (6, 7), (5, 6), (4, 5), (3, 4), (2, 3), (5, 6), (6, 7), (5, 6), (4, 5), (7, 8), (6, 7), (5, 6), (4, 5), (3, 4), (2, 3), (1, 2), (0, 1), (1, 2), (0, 1), (1, 2), (2, 3), (1, 2), (0, 1), (4, 5), (3, 4), (2, 3), (1, 2), (0, 1), (3, 4), (5, 6), (4, 5), (3, 4), (2, 3), (4, 5), (7, 8), (6, 7), (5, 6), (4, 5), (3, 4), (2, 3), (1, 2), (0, 1), (2, 3), (1, 2), (2, 3), (3, 4), (2, 3), (1, 2), (0, 1), (3, 4), (5, 6), (4, 5), (3, 4), (4, 5), (7, 8), (6, 7), (5, 6), (4, 5), (3, 4), (2, 3), (1, 2), (0, 1), (1, 2), (3, 4), (2, 3), (7, 8), (6, 7), (5, 6), (4, 5), (3, 4), (2, 3), (1, 2), (2, 3), (5, 6), (4, 5), (6, 7), (5, 6), (4, 5), (3, 4), (2, 3), (1, 2), (0, 1), (1, 2), (3, 4), (4, 5), (3, 4), (5, 6), (6, 7), (5, 6), (4, 5), (3, 4), (4, 5), (6, 7), (5, 6), (7, 8), (6, 7), (5, 6), (4, 5), (3, 4), (2, 3), (1, 2), (0, 1), (2, 3), (1, 2), (3, 4), (2, 3), (1, 2), (4, 5), (3, 4), (2, 3), (1, 2), (2, 3), (5, 6), (4, 5), (3, 4), (2, 3), (1, 2), (4, 5), (5, 6), (4, 5), (3, 4), (2, 3), (6, 7), (5, 6), (4, 5), (3, 4), (2, 3), (1, 2), (0, 1), (1, 2), (3, 4), (7, 8), (6, 7), (5, 6), (4, 5), (3, 4), (2, 3), (1, 2), (2, 3), (3, 4), (2, 3), (1, 2), (0, 1), (5, 6), (4, 5), (3, 4), (2, 3), (1, 2), (0, 1), (1, 2), (2, 3), (6, 7), (5, 6), (4, 5), (3, 4), (2, 3), (1, 2), (2, 3), (4, 5), (5, 6), (4, 5), (8, 9), (7, 8), (6, 7), (5, 6), (4, 5), (3, 4), (2, 3), (1, 2), (0, 1), (2, 3), (3, 4), (4, 5), (6, 7), (5, 6), (4, 5), (3, 4), (2, 3), (1, 2), (4, 5), (6, 7), (8, 9), (7, 8), (6, 7), (5, 6), (4, 5), (3, 4), (2, 3), (4, 5), (5, 6), (4, 5), (6, 7), (5, 6), (4, 5), (3, 4), (2, 3), (1, 2), (0, 1), (1, 2), (2, 3), (5, 6), (7, 8), (6, 7), (5, 6), (4, 5), (3, 4), (2, 3), (1, 2), (0, 1), (1, 2), (2, 3), (1, 2), (3, 4), (6, 7), (7, 8), (6, 7), (5, 6), (4, 5), (3, 4), (2, 3), (1, 2), (2, 3), (3, 4), (2, 3), (3, 4), (5, 6), (4, 5), (3, 4), (5, 6), (4, 5), (3, 4), (2, 3), (3, 4), (8, 9), (7, 8), (6, 7), (5, 6), (4, 5), (3, 4), (2, 3), (1, 2), (0, 1), (3, 4), (6, 7), (5, 6), (4, 5), (7, 8), (6, 7), (5, 6), (4, 5), (3, 4), (2, 3), (1, 2), (0, 1), (3, 4), (2, 3), (1, 2), (0, 1), (7, 8), (6, 7), (5, 6), (4, 5), (3, 4), (2, 3), (1, 2), (7, 8), (6, 7), (7, 8), (8, 9), (7, 8), (6, 7), (5, 6), (4, 5), (3, 4), (2, 3), (1, 2), (0, 1), (1, 2), (2, 3), (3, 4), (2, 3), (7, 8), (6, 7), (5, 6), (8, 9), (7, 8), (6, 7), (5, 6), (4, 5), (3, 4), (2, 3), (1, 2), (0, 1), (3, 4), (2, 3), (1, 2), (4, 5), (3, 4), (7, 8), (6, 7), (5, 6), (4, 5), (3, 4), (2, 3), (1, 2), (0, 1), (5, 6), (7, 8), (8, 9), (7, 8), (6, 7), (5, 6), (4, 5), (3, 4), (2, 3), (1, 2), (2, 3), (3, 4), (2, 3), (4, 5), (3, 4), (4, 5), (5, 6), (4, 5), (3, 4), (2, 3), (1, 2), (0, 1), (2, 3), (1, 2), (3, 4), (2, 3), (3, 4), (4, 5), (7, 8), (8, 9), (7, 8), (6, 7), (5, 6), (4, 5), (3, 4), (2, 3), (1, 2), (4, 5), (3, 4), (2, 3), (4, 5), (5, 6), (4, 5), (3, 4), (2, 3), (1, 2), (0, 1), (1, 2), (2, 3), (4, 5), (5, 6), (6, 7), (5, 6), (4, 5), (3, 4), (2, 3), (1, 2), (0, 1), (5, 6), (4, 5), (3, 4), (2, 3), (1, 2), (2, 3), (4, 5), (3, 4), (6, 7), (7, 8), (6, 7), (5, 6), (7, 8), (8, 9), (7, 8), (6, 7), (5, 6), (4, 5), (3, 4), (2, 3), (1, 2), (0, 1), (2, 3), (1, 2), (3, 4), (4, 5), (3, 4), (6, 7), (5, 6), (4, 5), (3, 4), (2, 3), (1, 2), (0, 1), (1, 2), (5, 6), (6, 7), (5, 6), (4, 5), (3, 4), (2, 3), (1, 2), (0, 1), (4, 5), (5, 6), (4, 5), (3, 4), (2, 3), (3, 4), (4, 5), (5, 6), (6, 7), (8, 9), (7, 8), (6, 7), (5, 6), (4, 5), (3, 4), (2, 3), (1, 2), (0, 1), (4, 5), (3, 4), (2, 3), (5, 6), (6, 7), (5, 6), (4, 5), (3, 4), (2, 3), (1, 2), (0, 1), (5, 6), (4, 5), (3, 4), (2, 3), (1, 2), (0, 1), (2, 3), (4, 5), (8, 9), (7, 8), (6, 7), (5, 6), (4, 5), (3, 4), (2, 3), (1, 2), (0, 1), (2, 3), (3, 4), (5, 6), (8, 9), (7, 8), (6, 7), (5, 6), (4, 5), (3, 4), (2, 3), (1, 2), (0, 1), (1, 2), (3, 4), (7, 8), (6, 7), (5, 6), (7, 8), (6, 7), (5, 6), (4, 5), (3, 4), (8, 9), (7, 8), (6, 7), (5, 6), (4, 5), (3, 4), (2, 3), (1, 2), (0, 1), (5, 6), (7, 8), (6, 7), (5, 6), (4, 5), (3, 4), (2, 3), (1, 2), (4, 5), (6, 7), (5, 6), (7, 8), (6, 7), (5, 6), (4, 5), (3, 4), (2, 3), (3, 4), (4, 5), (8, 9), (7, 8), (6, 7), (5, 6), (4, 5), (3, 4), (4, 5), (3, 4), (2, 3), (1, 2), (6, 7), (7, 8), (6, 7), (5, 6), (4, 5), (3, 4), (2, 3), (1, 2), (2, 3), (3, 4), (2, 3), (1, 2), (3, 4), (7, 8), (9, 10), (8, 9), (7, 8), (6, 7), (5, 6), (4, 5), (3, 4), (2, 3), (1, 2), (0, 1), (5, 6), (4, 5), (3, 4), (6, 7), (5, 6), (8, 9), (7, 8), (6, 7), (5, 6), (4, 5), (3, 4), (2, 3), (5, 6), (4, 5), (3, 4), (5, 6), (4, 5), (8, 9), (7, 8), (6, 7), (9, 10), (8, 9), (7, 8), (6, 7), (5, 6), (4, 5), (3, 4), (2, 3), (1, 2), (0, 1), (2, 3), (1, 2), (2, 3), (5, 6), (4, 5), (3, 4), (2, 3), (3, 4), (4, 5), (6, 7), (5, 6), (4, 5), (3, 4), (2, 3), (4, 5), (7, 8), (6, 7), (5, 6), (4, 5), (3, 4), (2, 3), (1, 2), (0, 1), (1, 2), (9, 10), (8, 9), (7, 8), (6, 7), (5, 6), (4, 5), (3, 4), (2, 3), (1, 2), (0, 1), (2, 3), (1, 2), (0, 1), (2, 3), (4, 5), (6, 7), (5, 6), (7, 8), (8, 9), (7, 8), (8, 9), (9, 10), (8, 9), (7, 8), (6, 7), (5, 6), (4, 5), (3, 4), (2, 3), (1, 2), (0, 1), (2, 3), (4, 5), (3, 4), (2, 3), (1, 2), (2, 3), (7, 8), (6, 7), (5, 6), (4, 5), (3, 4), (2, 3), (1, 2), (9, 10), (8, 9), (7, 8), (6, 7), (5, 6), (4, 5), (3, 4), (2, 3), (3, 4), (4, 5), (3, 4), (2, 3), (1, 2), (4, 5), (6, 7), (7, 8), (9, 10), (8, 9), (7, 8), (6, 7), (5, 6), (4, 5), (3, 4), (2, 3), (1, 2), (0, 1), (3, 4), (6, 7), (7, 8), (6, 7), (5, 6), (8, 9), (7, 8), (6, 7), (5, 6), (4, 5), (3, 4), (2, 3), (1, 2), (0, 1), (5, 6), (4, 5), (3, 4), (2, 3), (1, 2), (4, 5), (5, 6), (6, 7), (5, 6), (4, 5), (3, 4), (2, 3), (1, 2), (0, 1), (6, 7), (5, 6), (6, 7), (8, 9), (9, 10), (8, 9), (7, 8), (6, 7), (5, 6), (4, 5), (3, 4), (2, 3), (4, 5), (3, 4), (4, 5), (6, 7), (7, 8), (6, 7), (5, 6), (4, 5), (3, 4), (7, 8), (6, 7), (5, 6), (4, 5), (8, 9), (7, 8), (6, 7), (5, 6), (4, 5), (3, 4), (2, 3), (1, 2), (0, 1), (1, 2), (5, 6), (4, 5), (6, 7), (5, 6), (4, 5), (3, 4), (7, 8), (6, 7), (5, 6), (8, 9), (7, 8), (6, 7), (5, 6), (4, 5), (3, 4), (2, 3), (1, 2), (0, 1), (3, 4), (2, 3), (1, 2), (6, 7), (5, 6), (6, 7), (5, 6), (4, 5), (3, 4), (2, 3), (3, 4), (7, 8), (6, 7), (5, 6), (4, 5), (3, 4), (2, 3), (3, 4), (7, 8), (6, 7), (5, 6), (4, 5), (3, 4), (9, 10), (8, 9), (7, 8), (6, 7), (5, 6), (4, 5), (3, 4), (2, 3), (1, 2), (4, 5), (5, 6), (4, 5), (3, 4), (2, 3), (1, 2), (7, 8), (6, 7), (5, 6), (6, 7), (8, 9), (7, 8), (6, 7), (5, 6), (7, 8), (6, 7), (5, 6), (4, 5), (3, 4), (2, 3), (1, 2), (9, 10), (8, 9), (7, 8), (6, 7), (5, 6), (4, 5), (3, 4), (2, 3), (1, 2), (0, 1), (2, 3), (1, 2), (4, 5), (3, 4), (2, 3), (1, 2), (0, 1), (2, 3), (4, 5), (5, 6), (7, 8), (6, 7), (5, 6), (6, 7), (9, 10), (8, 9), (7, 8), (6, 7), (5, 6), (4, 5), (3, 4), (2, 3), (1, 2), (0, 1), (6, 7), (5, 6), (4, 5), (3, 4), (7, 8), (6, 7), (8, 9), (7, 8), (6, 7), (5, 6), (4, 5), (3, 4), (2, 3), (1, 2), (0, 1), (3, 4), (2, 3), (1, 2), (9, 10), (8, 9), (7, 8), (6, 7), (5, 6), (6, 7), (7, 8), (6, 7), (5, 6), (7, 8), (8, 9), (7, 8), (6, 7), (5, 6), (4, 5), (3, 4), (2, 3), (1, 2), (0, 1), (2, 3), (4, 5), (3, 4), (5, 6), (4, 5), (3, 4), (2, 3), (7, 8), (8, 9), (7, 8), (6, 7), (5, 6), (4, 5), (7, 8), (8, 9), (7, 8), (6, 7), (5, 6), (4, 5), (3, 4), (2, 3), (1, 2), (4, 5), (3, 4), (2, 3), (5, 6), (4, 5), (3, 4), (9, 10), (8, 9), (7, 8), (6, 7), (5, 6), (4, 5), (3, 4), (2, 3), (1, 2), (0, 1), (1, 2), (2, 3), (4, 5), (3, 4), (6, 7), (5, 6), (4, 5), (6, 7), (8, 9), (7, 8), (6, 7), (5, 6), (4, 5), (3, 4), (2, 3), (1, 2), (0, 1), (4, 5), (6, 7), (5, 6), (4, 5), (5, 6), (4, 5), (3, 4), (7, 8), (6, 7), (5, 6), (4, 5), (7, 8), (6, 7), (5, 6), (4, 5), (3, 4), (2, 3), (1, 2), (7, 8), (6, 7), (7, 8), (9, 10), (8, 9), (7, 8), (6, 7), (8, 9), (10, 11), (9, 10), (8, 9), (7, 8), (6, 7), (5, 6), (4, 5), (3, 4), (2, 3), (1, 2), (3, 4), (2, 3), (1, 2), (5, 6), (4, 5), (3, 4), (2, 3), (6, 7), (5, 6), (7, 8), (8, 9), (7, 8), (9, 10), (8, 9), (7, 8), (6, 7), (5, 6), (4, 5), (3, 4), (2, 3), (3, 4), (4, 5), (3, 4), (2, 3), (1, 2), (0, 1), (4, 5), (3, 4), (2, 3), (3, 4), (6, 7), (10, 11), (9, 10), (8, 9), (7, 8), (6, 7), (5, 6), (4, 5), (3, 4), (2, 3), (1, 2), (0, 1), (5, 6), (4, 5), (3, 4), (5, 6), (6, 7), (5, 6), (4, 5), (3, 4), (2, 3), (1, 2), (6, 7), (7, 8), (6, 7), (5, 6), (6, 7), (5, 6), (8, 9), (7, 8), (6, 7), (5, 6), (4, 5), (3, 4), (4, 5), (5, 6), (4, 5), (5, 6), (6, 7), (5, 6), (6, 7), (8, 9), (7, 8), (6, 7), (5, 6), (9, 10), (8, 9), (9, 10), (8, 9), (7, 8), (6, 7), (7, 8), (8, 9), (7, 8), (10, 11), (9, 10), (8, 9), (7, 8), (6, 7), (5, 6), (4, 5), (3, 4), (2, 3), (1, 2), (0, 1), (2, 3), (3, 4), (2, 3), (4, 5), (5, 6), (4, 5), (3, 4), (2, 3), (6, 7), (5, 6), (4, 5), (3, 4), (2, 3), (1, 2), (0, 1), (1, 2), (5, 6), (7, 8), (8, 9), (7, 8), (9, 10), (8, 9), (7, 8), (6, 7), (5, 6), (4, 5), (3, 4), (5, 6), (4, 5), (5, 6), (7, 8), (6, 7), (5, 6), (10, 11), (9, 10), (8, 9), (7, 8), (6, 7), (5, 6), (4, 5), (3, 4), (2, 3), (3, 4), (4, 5), (3, 4), (5, 6), (6, 7), (5, 6), (4, 5), (3, 4), (2, 3), (1, 2), (0, 1), (2, 3), (4, 5), (3, 4), (2, 3), (1, 2), (2, 3), (4, 5), (3, 4), (2, 3), (5, 6), (4, 5), (8, 9), (7, 8), (9, 10), (8, 9), (7, 8), (6, 7), (7, 8), (6, 7), (5, 6), (6, 7), (10, 11), (9, 10), (8, 9), (7, 8), (6, 7), (5, 6), (4, 5), (3, 4), (2, 3), (1, 2), (0, 1), (3, 4), (4, 5), (5, 6), (6, 7), (5, 6), (4, 5), (5, 6), (7, 8), (8, 9), (7, 8), (6, 7), (5, 6), (4, 5), (3, 4), (4, 5), (3, 4), (6, 7), (7, 8), (6, 7), (5, 6), (4, 5), (3, 4), (2, 3), (9, 10), (8, 9), (7, 8), (6, 7), (5, 6), (4, 5), (3, 4), (4, 5), (5, 6), (4, 5), (5, 6), (10, 11), (9, 10), (8, 9), (7, 8), (6, 7), (5, 6), (4, 5), (3, 4), (2, 3), (1, 2), (0, 1), (3, 4), (2, 3), (4, 5), (5, 6), (6, 7), (5, 6), (7, 8), (9, 10), (8, 9), (7, 8), (10, 11), (9, 10), (8, 9), (7, 8), (6, 7), (5, 6), (4, 5), (3, 4), (2, 3), (1, 2), (0, 1), (2, 3), (1, 2), (4, 5), (5, 6), (4, 5), (3, 4), (2, 3), (1, 2), (2, 3), (5, 6), (6, 7), (5, 6), (4, 5), (5, 6), (7, 8), (6, 7), (5, 6), (4, 5), (3, 4), (2, 3), (1, 2), (0, 1), (4, 5), (3, 4), (2, 3), (5, 6), (4, 5), (8, 9), (7, 8), (6, 7), (9, 10), (8, 9), (9, 10), (10, 11), (9, 10), (8, 9), (7, 8), (6, 7), (5, 6), (4, 5), (3, 4), (2, 3), (1, 2), (0, 1), (9, 10), (8, 9), (10, 11), (9, 10), (8, 9), (7, 8), (6, 7), (5, 6), (4, 5), (3, 4), (2, 3), (1, 2), (2, 3), (4, 5), (5, 6), (4, 5), (3, 4), (4, 5), (6, 7), (7, 8), (6, 7), (5, 6), (4, 5), (3, 4), (2, 3), (1, 2), (0, 1), (6, 7), (7, 8), (6, 7), (5, 6), (4, 5), (3, 4), (2, 3), (5, 6), (4, 5), (3, 4), (9, 10), (8, 9), (7, 8), (6, 7), (5, 6), (4, 5), (3, 4), (6, 7), (5, 6), (10, 11), (9, 10), (8, 9), (7, 8), (6, 7), (5, 6), (4, 5), (3, 4), (2, 3), (4, 5), (3, 4), (2, 3), (1, 2), (6, 7), (5, 6), (4, 5), (3, 4), (2, 3), (1, 2), (0, 1), (6, 7), (9, 10), (8, 9), (9, 10), (10, 11), (9, 10), (8, 9), (7, 8), (6, 7), (5, 6), (4, 5), (3, 4), (2, 3), (1, 2), (0, 1), (1, 2), (6, 7), (5, 6), (4, 5), (3, 4), (6, 7), (8, 9), (7, 8), (6, 7), (5, 6), (4, 5), (3, 4), (2, 3), (3, 4), (9, 10), (8, 9), (7, 8), (6, 7), (5, 6), (4, 5), (3, 4), (2, 3), (1, 2), (0, 1), (2, 3), (1, 2), (4, 5), (5, 6), (4, 5), (3, 4), (2, 3), (5, 6), (7, 8), (8, 9), (7, 8), (6, 7), (9, 10), (8, 9), (7, 8), (6, 7), (5, 6), (4, 5), (3, 4), (2, 3), (1, 2), (0, 1), (3, 4), (2, 3), (4, 5), (3, 4), (5, 6), (8, 9), (7, 8), (6, 7), (8, 9), (7, 8), (9, 10), (8, 9), (7, 8), (6, 7), (5, 6), (4, 5), (3, 4), (2, 3), (1, 2), (0, 1), (3, 4), (4, 5), (3, 4), (2, 3), (7, 8), (6, 7), (7, 8), (8, 9), (7, 8), (8, 9), (7, 8), (10, 11), (9, 10), (8, 9), (7, 8), (6, 7), (5, 6), (4, 5), (3, 4), (2, 3), (1, 2), (0, 1), (3, 4), (2, 3), (1, 2), (2, 3), (4, 5), (3, 4), (5, 6), (6, 7), (5, 6), (6, 7), (7, 8), (6, 7), (5, 6), (4, 5), (3, 4), (2, 3), (1, 2), (0, 1), (5, 6), (4, 5), (3, 4), (7, 8), (6, 7), (5, 6), (4, 5), (3, 4), (2, 3), (8, 9), (9, 10), (8, 9), (7, 8), (9, 10), (10, 11), (9, 10), (8, 9), (7, 8), (6, 7), (5, 6), (4, 5), (3, 4), (2, 3), (1, 2), (0, 1), (1, 2), (2, 3), (3, 4), (5, 6), (6, 7), (5, 6), (7, 8), (6, 7), (5, 6), (4, 5), (3, 4), (2, 3), (6, 7), (8, 9), (7, 8), (6, 7), (5, 6), (4, 5), (3, 4), (2, 3), (1, 2), (0, 1), (8, 9), (11, 12), (10, 11), (9, 10), (8, 9), (7, 8), (6, 7), (5, 6), (4, 5), (3, 4), (2, 3), (1, 2), (0, 1), (3, 4), (6, 7), (5, 6), (6, 7), (8, 9), (7, 8), (6, 7), (9, 10), (8, 9), (10, 11), (9, 10), (8, 9), (7, 8), (6, 7), (5, 6), (4, 5), (3, 4), (2, 3), (7, 8), (6, 7), (7, 8), (6, 7), (9, 10), (10, 11), (9, 10), (8, 9), (11, 12), (10, 11), (9, 10), (8, 9), (7, 8), (6, 7), (5, 6), (4, 5), (3, 4), (2, 3), (1, 2), (3, 4), (5, 6), (4, 5), (3, 4), (4, 5), (7, 8), (6, 7), (5, 6), (4, 5), (3, 4), (6, 7), (5, 6), (4, 5), (7, 8), (8, 9), (7, 8), (6, 7), (5, 6), (4, 5), (5, 6), (6, 7), (9, 10), (8, 9), (7, 8), (6, 7), (5, 6), (4, 5), (3, 4), (7, 8), (6, 7), (8, 9), (10, 11), (9, 10), (8, 9), (7, 8), (6, 7), (5, 6), (4, 5), (3, 4), (2, 3), (1, 2), (4, 5), (3, 4), (2, 3), (1, 2), (0, 1), (1, 2), (3, 4), (2, 3), (5, 6), (4, 5), (3, 4), (2, 3), (1, 2), (0, 1), (1, 2), (5, 6), (4, 5), (5, 6), (6, 7), (5, 6), (4, 5), (7, 8), (6, 7), (5, 6), (4, 5), (7, 8), (10, 11), (11, 12), (10, 11), (9, 10), (8, 9), (7, 8), (6, 7), (5, 6), (4, 5), (3, 4), (2, 3), (1, 2), (0, 1), (5, 6), (6, 7), (7, 8), (9, 10), (10, 11), (9, 10), (8, 9), (7, 8), (6, 7), (5, 6), (4, 5), (3, 4), (2, 3), (1, 2), (2, 3), (6, 7), (5, 6), (4, 5), (6, 7), (5, 6), (8, 9), (10, 11), (11, 12), (10, 11), (9, 10), (8, 9), (7, 8), (6, 7), (5, 6), (4, 5), (3, 4), (2, 3), (1, 2), (0, 1), (3, 4), (5, 6), (7, 8), (9, 10), (10, 11), (9, 10), (8, 9), (7, 8), (6, 7), (5, 6), (4, 5), (3, 4), (2, 3), (3, 4), (4, 5), (3, 4), (6, 7), (7, 8), (6, 7), (8, 9), (11, 12), (10, 11), (9, 10), (8, 9), (7, 8), (6, 7), (5, 6), (4, 5), (3, 4), (2, 3), (1, 2), (0, 1), (2, 3), (4, 5), (7, 8), (6, 7), (5, 6), (4, 5), (5, 6), (6, 7), (5, 6), (4, 5), (3, 4), (9, 10), (10, 11), (9, 10), (8, 9), (7, 8), (6, 7), (7, 8), (6, 7), (5, 6), (4, 5), (3, 4), (10, 11), (9, 10), (8, 9), (7, 8), (6, 7), (5, 6), (6, 7), (8, 9), (7, 8), (6, 7), (8, 9), (11, 12), (10, 11), (9, 10), (8, 9), (7, 8), (6, 7), (5, 6), (4, 5), (3, 4), (2, 3), (1, 2), (0, 1), (11, 12), (10, 11), (9, 10), (8, 9), (7, 8), (6, 7), (5, 6), (4, 5), (3, 4), (2, 3), (1, 2), (3, 4), (5, 6), (4, 5), (6, 7), (5, 6), (4, 5), (8, 9), (7, 8), (6, 7), (5, 6), (4, 5), (3, 4), (2, 3), (3, 4), (8, 9), (7, 8), (9, 10), (8, 9), (7, 8), (6, 7), (5, 6), (6, 7), (5, 6), (8, 9), (11, 12), (10, 11), (9, 10), (8, 9), (7, 8), (6, 7), (5, 6), (4, 5), (3, 4), (2, 3), (1, 2), (4, 5), (3, 4), (2, 3), (5, 6), (4, 5), (3, 4), (6, 7), (5, 6), (4, 5), (3, 4), (2, 3), (1, 2), (9, 10), (8, 9), (7, 8), (6, 7), (10, 11), (9, 10), (11, 12), (10, 11), (9, 10), (8, 9), (7, 8), (6, 7), (5, 6), (4, 5), (3, 4), (2, 3), (1, 2), (2, 3), (5, 6), (6, 7), (9, 10), (8, 9), (7, 8), (6, 7), (5, 6), (4, 5), (5, 6), (6, 7), (7, 8), (6, 7), (10, 11), (9, 10), (8, 9), (7, 8), (6, 7), (7, 8), (9, 10), (8, 9), (7, 8), (6, 7), (8, 9), (10, 11), (9, 10), (8, 9), (7, 8), (6, 7), (5, 6), (4, 5), (3, 4), (11, 12), (10, 11), (9, 10), (8, 9), (7, 8), (6, 7), (5, 6), (4, 5), (3, 4), (2, 3), (1, 2), (6, 7), (5, 6), (4, 5), (3, 4), (5, 6), (7, 8), (6, 7), (5, 6), (4, 5), (3, 4), (4, 5), (5, 6), (4, 5), (5, 6), (7, 8), (9, 10), (8, 9), (7, 8), (6, 7), (5, 6), (4, 5), (5, 6), (7, 8), (6, 7), (5, 6), (4, 5), (3, 4), (2, 3), (9, 10), (10, 11), (9, 10), (8, 9), (7, 8), (6, 7), (5, 6), (4, 5), (3, 4), (2, 3), (1, 2), (3, 4), (4, 5), (3, 4), (2, 3), (4, 5), (6, 7), (8, 9), (10, 11), (9, 10), (8, 9), (7, 8), (9, 10), (8, 9), (7, 8), (11, 12), (10, 11), (9, 10), (8, 9), (7, 8), (6, 7), (5, 6), (4, 5), (3, 4), (2, 3), (1, 2), (0, 1), (4, 5), (3, 4), (5, 6), (7, 8), (6, 7), (5, 6), (9, 10), (8, 9), (7, 8), (6, 7), (5, 6), (4, 5), (3, 4), (2, 3), (1, 2), (0, 1), (9, 10), (10, 11), (9, 10), (8, 9), (7, 8), (6, 7), (5, 6), (4, 5), (3, 4), (2, 3), (1, 2), (0, 1), (1, 2), (3, 4), (2, 3), (5, 6), (6, 7), (5, 6), (7, 8), (6, 7), (5, 6), (8, 9), (9, 10), (8, 9), (7, 8), (6, 7), (5, 6), (4, 5), (3, 4), (2, 3), (1, 2), (0, 1), (1, 2), (8, 9), (9, 10), (10, 11), (9, 10), (8, 9), (11, 12), (10, 11), (9, 10), (8, 9), (7, 8), (6, 7), (5, 6), (6, 7), (8, 9), (9, 10), (10, 11), (9, 10), (8, 9), (9, 10), (11, 12), (10, 11), (9, 10), (8, 9), (7, 8), (6, 7), (5, 6), (4, 5), (3, 4), (2, 3), (1, 2), (0, 1), (1, 2), (9, 10), (8, 9), (7, 8), (6, 7), (5, 6), (4, 5), (3, 4), (8, 9), (10, 11), (9, 10), (8, 9), (7, 8), (6, 7), (5, 6), (4, 5), (3, 4), (6, 7), (7, 8), (6, 7), (5, 6), (8, 9), (10, 11), (11, 12), (10, 11), (9, 10), (8, 9), (7, 8), (6, 7), (5, 6), (4, 5), (3, 4), (2, 3), (1, 2), (3, 4), (6, 7), (5, 6), (12, 13), (11, 12), (10, 11), (9, 10), (8, 9), (7, 8), (6, 7), (5, 6), (4, 5), (3, 4), (2, 3), (5, 6), (4, 5), (3, 4), (6, 7), (5, 6), (9, 10), (8, 9), (7, 8), (6, 7), (5, 6), (4, 5), (3, 4), (2, 3), (5, 6), (10, 11), (11, 12), (10, 11), (9, 10), (8, 9), (7, 8), (6, 7), (5, 6), (4, 5), (5, 6), (12, 13), (11, 12), (10, 11), (9, 10), (8, 9), (7, 8), (6, 7), (5, 6), (4, 5), (3, 4), (2, 3), (6, 7), (10, 11), (9, 10), (8, 9), (11, 12), (10, 11), (9, 10), (8, 9), (7, 8), (6, 7), (5, 6), (4, 5), (7, 8), (8, 9), (10, 11), (9, 10), (10, 11), (12, 13), (11, 12), (10, 11), (9, 10), (8, 9), (7, 8), (6, 7), (5, 6), (4, 5), (3, 4), (2, 3), (1, 2), (0, 1), (1, 2), (7, 8), (9, 10), (8, 9), (9, 10), (10, 11), (11, 12), (12, 13), (11, 12), (10, 11), (9, 10), (8, 9), (7, 8), (6, 7), (5, 6), (4, 5), (3, 4), (2, 3), (1, 2), (0, 1), (5, 6), (4, 5), (6, 7), (7, 8), (6, 7), (8, 9), (7, 8), (6, 7), (9, 10), (10, 11), (9, 10), (8, 9), (7, 8), (6, 7), (5, 6), (4, 5), (3, 4), (2, 3), (5, 6), (9, 10), (11, 12), (10, 11), (9, 10), (8, 9), (7, 8), (6, 7), (5, 6), (4, 5), (3, 4), (2, 3), (1, 2), (6, 7), (5, 6), (4, 5), (3, 4), (5, 6), (8, 9), (7, 8), (10, 11), (9, 10), (10, 11), (9, 10), (12, 13), (11, 12), (10, 11), (9, 10), (8, 9), (7, 8), (6, 7), (5, 6), (4, 5), (3, 4), (2, 3), (4, 5), (5, 6), (4, 5), (6, 7), (5, 6), (4, 5), (3, 4), (2, 3), (1, 2), (2, 3), (3, 4), (2, 3), (4, 5), (5, 6), (6, 7), (9, 10), (11, 12), (10, 11), (9, 10), (8, 9), (7, 8), (6, 7), (5, 6), (4, 5), (5, 6), (9, 10), (8, 9), (10, 11), (9, 10), (8, 9), (11, 12), (10, 11), (9, 10), (11, 12), (12, 13), (11, 12), (10, 11), (9, 10), (8, 9), (7, 8), (6, 7), (5, 6), (4, 5), (3, 4), (2, 3), (1, 2), (0, 1), (2, 3), (3, 4), (8, 9), (7, 8), (6, 7), (5, 6), (8, 9), (7, 8), (9, 10), (10, 11), (9, 10), (8, 9), (7, 8), (6, 7), (5, 6), (8, 9), (7, 8), (9, 10), (8, 9), (7, 8), (9, 10), (12, 13), (11, 12), (10, 11), (9, 10), (8, 9), (7, 8), (6, 7), (5, 6), (4, 5), (3, 4), (2, 3), (1, 2), (0, 1), (3, 4), (5, 6), (7, 8), (9, 10), (10, 11), (9, 10), (8, 9), (7, 8), (6, 7), (5, 6), (4, 5), (3, 4), (2, 3), (1, 2), (4, 5), (6, 7), (5, 6), (7, 8), (10, 11), (12, 13), (11, 12), (10, 11), (9, 10), (8, 9), (7, 8), (6, 7), (5, 6), (4, 5), (3, 4), (2, 3), (5, 6), (6, 7), (5, 6), (4, 5), (3, 4), (6, 7), (8, 9), (9, 10), (8, 9), (11, 12), (10, 11), (9, 10), (12, 13), (11, 12), (10, 11), (9, 10), (8, 9), (7, 8), (6, 7), (5, 6), (4, 5), (3, 4), (2, 3), (1, 2), (0, 1), (4, 5), (7, 8), (9, 10), (8, 9), (7, 8), (6, 7), (5, 6), (4, 5), (3, 4), (2, 3), (1, 2), (0, 1), (5, 6), (4, 5), (3, 4), (5, 6), (4, 5), (3, 4), (6, 7), (5, 6), (8, 9), (7, 8), (6, 7), (11, 12), (10, 11), (9, 10), (8, 9), (7, 8), (6, 7), (5, 6), (4, 5), (3, 4), (2, 3), (1, 2), (0, 1), (2, 3), (9, 10), (10, 11), (9, 10), (8, 9), (7, 8), (6, 7), (5, 6), (4, 5), (3, 4), (2, 3), (5, 6), (7, 8), (6, 7), (7, 8), (8, 9), (7, 8), (6, 7), (5, 6), (10, 11), (9, 10), (8, 9), (7, 8), (6, 7), (5, 6), (4, 5), (5, 6), (9, 10), (10, 11), (9, 10), (12, 13), (11, 12), (10, 11), (9, 10), (8, 9), (12, 13), (11, 12), (10, 11), (9, 10), (8, 9), (7, 8), (6, 7), (5, 6), (4, 5), (3, 4), (2, 3), (1, 2), (2, 3), (4, 5), (5, 6), (6, 7), (5, 6), (4, 5), (6, 7), (10, 11), (9, 10), (8, 9), (7, 8), (6, 7), (5, 6), (9, 10), (8, 9), (9, 10), (11, 12), (10, 11), (9, 10), (8, 9), (7, 8), (6, 7), (5, 6), (4, 5), (3, 4), (2, 3), (4, 5), (5, 6), (4, 5), (3, 4), (7, 8), (9, 10), (11, 12), (12, 13), (11, 12), (10, 11), (9, 10), (8, 9), (7, 8), (6, 7), (5, 6), (4, 5), (3, 4), (2, 3), (1, 2), (0, 1), (1, 2), (2, 3), (5, 6), (4, 5), (9, 10), (8, 9), (7, 8), (6, 7), (10, 11), (9, 10), (8, 9), (7, 8), (6, 7), (5, 6), (4, 5), (3, 4), (2, 3), (1, 2), (0, 1), (1, 2), (2, 3), (3, 4), (7, 8), (6, 7), (5, 6), (10, 11), (9, 10), (8, 9), (11, 12), (10, 11), (9, 10), (8, 9), (7, 8), (6, 7), (5, 6), (4, 5), (3, 4), (7, 8), (9, 10), (11, 12), (10, 11), (9, 10), (10, 11), (11, 12), (13, 14), (12, 13), (11, 12), (10, 11), (9, 10), (8, 9), (7, 8), (6, 7), (8, 9), (10, 11), (9, 10), (8, 9), (7, 8), (6, 7), (5, 6), (4, 5), (3, 4), (2, 3), (1, 2), (0, 1), (3, 4), (2, 3), (1, 2), (3, 4), (2, 3), (3, 4), (4, 5), (3, 4), (4, 5), (11, 12), (10, 11), (9, 10), (8, 9), (7, 8), (6, 7), (7, 8), (8, 9), (7, 8), (10, 11), (11, 12), (10, 11), (9, 10), (8, 9), (7, 8), (12, 13), (11, 12), (10, 11), (9, 10), (8, 9), (7, 8), (6, 7), (5, 6), (4, 5), (3, 4), (2, 3), (1, 2), (0, 1), (6, 7), (5, 6), (4, 5), (6, 7), (7, 8), (6, 7), (5, 6), (8, 9), (7, 8), (6, 7), (5, 6), (4, 5), (6, 7), (12, 13), (11, 12), (10, 11), (9, 10), (8, 9), (7, 8), (6, 7), (5, 6), (6, 7), (9, 10), (10, 11), (9, 10), (8, 9), (7, 8), (11, 12), (10, 11), (9, 10), (8, 9), (7, 8), (6, 7), (5, 6), (4, 5), (3, 4), (2, 3), (9, 10), (10, 11), (9, 10), (8, 9), (7, 8), (6, 7), (5, 6), (4, 5), (3, 4), (6, 7), (5, 6), (9, 10), (8, 9), (7, 8), (6, 7), (11, 12), (10, 11), (9, 10), (8, 9), (9, 10), (10, 11), (13, 14), (12, 13), (11, 12), (10, 11), (9, 10), (8, 9), (7, 8), (6, 7), (5, 6), (4, 5), (3, 4), (9, 10), (8, 9), (10, 11), (9, 10), (8, 9), (7, 8), (6, 7), (5, 6), (8, 9), (7, 8), (11, 12), (10, 11), (9, 10), (12, 13), (11, 12), (13, 14), (12, 13), (11, 12), (10, 11), (9, 10), (8, 9), (7, 8), (6, 7), (5, 6), (4, 5), (3, 4), (2, 3), (1, 2), (0, 1), (2, 3), (1, 2), (3, 4), (2, 3), (4, 5), (3, 4), (2, 3), (5, 6), (4, 5), (6, 7), (5, 6), (4, 5), (3, 4), (2, 3), (1, 2), (2, 3), (6, 7), (7, 8), (6, 7), (8, 9), (7, 8), (11, 12), (10, 11), (9, 10), (8, 9), (7, 8), (6, 7), (5, 6), (4, 5), (3, 4), (2, 3), (10, 11), (11, 12), (10, 11), (11, 12), (12, 13), (13, 14), (12, 13), (11, 12), (10, 11), (9, 10), (8, 9), (7, 8), (6, 7), (5, 6), (4, 5), (3, 4), (2, 3), (4, 5), (6, 7), (7, 8), (8, 9), (7, 8), (6, 7), (7, 8), (8, 9), (9, 10), (8, 9), (9, 10), (13, 14), (12, 13), (11, 12), (10, 11), (9, 10), (8, 9), (7, 8), (6, 7), (5, 6), (4, 5), (3, 4), (2, 3), (1, 2), (0, 1), (2, 3), (3, 4), (2, 3), (3, 4), (5, 6), (4, 5), (3, 4), (2, 3), (12, 13), (11, 12), (10, 11), (9, 10), (8, 9), (7, 8), (6, 7), (5, 6), (4, 5), (3, 4), (2, 3), (1, 2), (0, 1), (1, 2), (8, 9), (7, 8), (6, 7), (5, 6), (4, 5), (7, 8), (6, 7), (5, 6), (8, 9), (7, 8), (6, 7), (9, 10), (11, 12), (10, 11), (9, 10), (12, 13), (11, 12), (12, 13), (13, 14), (12, 13), (11, 12), (10, 11), (9, 10), (8, 9), (7, 8), (6, 7), (5, 6), (4, 5), (3, 4), (2, 3), (7, 8), (6, 7), (8, 9), (7, 8), (6, 7), (9, 10), (10, 11), (9, 10), (8, 9), (7, 8), (9, 10), (12, 13), (13, 14), (12, 13), (11, 12), (10, 11), (9, 10), (8, 9), (7, 8), (6, 7), (5, 6), (4, 5), (3, 4), (2, 3), (1, 2), (2, 3), (3, 4), (4, 5), (6, 7), (7, 8), (10, 11), (9, 10), (8, 9), (7, 8), (11, 12), (10, 11), (12, 13), (11, 12), (10, 11), (13, 14), (12, 13), (11, 12), (10, 11), (9, 10), (8, 9), (7, 8), (6, 7), (5, 6), (4, 5), (3, 4), (2, 3), (1, 2), (0, 1), (3, 4), (2, 3), (3, 4), (6, 7), (5, 6), (6, 7), (10, 11), (9, 10), (8, 9), (7, 8), (6, 7), (5, 6), (4, 5), (3, 4), (2, 3), (1, 2), (2, 3), (4, 5), (11, 12), (10, 11), (9, 10), (8, 9), (7, 8), (6, 7), (5, 6), (4, 5), (3, 4), (5, 6), (4, 5), (12, 13), (11, 12), (10, 11), (9, 10), (8, 9), (7, 8), (6, 7), (5, 6), (4, 5), (3, 4), (2, 3), (1, 2), (3, 4), (4, 5), (3, 4), (5, 6), (4, 5), (3, 4), (2, 3), (4, 5), (3, 4), (7, 8), (6, 7), (9, 10), (12, 13), (11, 12), (10, 11), (9, 10), (8, 9), (7, 8), (6, 7), (5, 6), (4, 5), (3, 4), (2, 3), (3, 4), (4, 5), (3, 4), (13, 14), (12, 13), (11, 12), (10, 11), (9, 10), (8, 9), (7, 8), (6, 7), (5, 6), (4, 5), (7, 8), (6, 7), (8, 9), (9, 10), (8, 9), (7, 8), (8, 9), (7, 8), (9, 10), (8, 9), (7, 8), (6, 7), (10, 11), (9, 10), (8, 9), (7, 8), (9, 10), (11, 12), (10, 11), (9, 10), (8, 9), (7, 8), (6, 7), (5, 6), (4, 5), (3, 4), (2, 3), (1, 2), (0, 1), (2, 3), (8, 9), (7, 8), (6, 7), (5, 6), (4, 5), (3, 4), (2, 3), (3, 4), (8, 9), (7, 8), (6, 7), (5, 6), (4, 5), (3, 4), (2, 3), (1, 2), (0, 1), (2, 3), (1, 2), (0, 1), (2, 3), (8, 9), (9, 10), (8, 9), (7, 8), (6, 7), (5, 6), (7, 8), (10, 11), (9, 10), (12, 13), (11, 12), (10, 11), (12, 13), (13, 14), (12, 13), (11, 12), (10, 11), (9, 10), (8, 9), (7, 8), (6, 7), (5, 6), (4, 5), (3, 4), (2, 3), (1, 2), (0, 1), (3, 4), (4, 5), (3, 4), (5, 6), (4, 5), (3, 4), (2, 3), (6, 7), (7, 8), (8, 9), (7, 8), (6, 7), (5, 6), (7, 8), (9, 10), (8, 9), (7, 8), (6, 7), (5, 6), (10, 11), (9, 10), (8, 9), (11, 12), (10, 11), (9, 10), (8, 9), (7, 8), (6, 7), (5, 6), (4, 5), (7, 8), (6, 7), (5, 6), (4, 5), (3, 4), (2, 3), (1, 2), (0, 1), (1, 2), (3, 4), (2, 3), (1, 2), (3, 4), (2, 3), (4, 5), (3, 4), (5, 6), (4, 5), (6, 7), (5, 6), (4, 5), (3, 4), (2, 3), (4, 5), (3, 4), (2, 3), (7, 8), (6, 7), (5, 6), (4, 5), (8, 9), (7, 8), (8, 9), (13, 14), (12, 13), (11, 12), (10, 11), (9, 10), (8, 9), (7, 8), (6, 7), (5, 6), (4, 5), (3, 4), (2, 3), (1, 2), (0, 1), (2, 3), (1, 2), (3, 4), (2, 3), (1, 2), (0, 1), (4, 5), (9, 10), (8, 9), (10, 11), (9, 10), (8, 9), (7, 8), (6, 7), (5, 6), (4, 5), (3, 4), (2, 3), (1, 2), (0, 1), (4, 5), (8, 9), (7, 8), (9, 10), (8, 9), (7, 8), (9, 10), (11, 12), (10, 11), (9, 10), (8, 9), (7, 8), (6, 7), (9, 10), (11, 12), (10, 11), (13, 14)]
