results/lll/svpchallengedim40seed4dim10delta1.txt: 29.667 sec
b: [[-364651438234, -270340944798, -417794202265, -394887844252, -240366663920, -466646941257, -99850270203, -257071431344, 215168076885, -152475866540],
 [-643849487641, 211487045811, 120382894241, -108325475065, -370326338130, -83778871564, -257394064438, -448378553870, 187222607446, 250118978730],
 [-684663620698, 416213788799, -392047582121, -135978610533, -76889254684, 170726084080, -93962673645, 222864391868, -412250201207, -278937591046],
 [197946795480, 9923158511, 375301568557, 262582109487, 361928425616, -709411333985, -114001383938, 299908242844, 358525810650, -322303204103],
 [78202401109, -412332724364, 131483706817, 1021817231567, -72093041789, -438276566894, -140435978779, 55037116770, -185572717354, 498282556793],
 [-414079919528, 236380909217, 109691924555, -241924323360, 872691275897, 274530160092, -641391086304, -132731593658, 386332815497, -117274231822],
 [493668360804, -27776882905, -344932679343, 190642291213, 653628501271, 303852881922, 272720953087, 384544101263, 727138800320, 619236224892],
 [-291064007505, -65350869312, 274164756647, -12026180811, -148098697018, 768626468788, -668662397102, 250001497936, 255551005126, -698744874785],
 [-810863197656, -667278977667, -33267458240, -182846500122, 587113401528, 92715956026, 587793750530, 428166880795, 758511797965, -462396726856],
 [129741754010, 65036169117, -969967139022, 394902843274, 466494548171, -40136703852, 181794283294, -807276683128, 293845360782, -472848473775]], shape=[10, 10], strides=[10, 1], layout=Cc (0x5), const ndim=2
v_norms: [957680792193561957558108, 757718358557121455203315761111786325352692030223/957680792193561957558108, 807312779535425378917371878749503461608945122106412157690174088874784949/757718358557121455203315761111786325352692030223, 797205466098643513645211574955796411481717164679544325815787055978454203015429672195986050402841/807312779535425378917371878749503461608945122106412157690174088874784949, 1094021117394183000927239859697721849108988094241727077095822376749661568612713668063680522765481238477925243527319854413/797205466098643513645211574955796411481717164679544325815787055978454203015429672195986050402841, 1251868474626557509494534379821158829058001627330427756481609141813257674706911119068901507368908152263425424532237772918204336333717367550866353/1094021117394183000927239859697721849108988094241727077095822376749661568612713668063680522765481238477925243527319854413, 83669610118950236656325549107435907931005591247385177280903742176643756686216206408600136501149887443290779934260555672993799792835461945165512835455316159939381535481/73639322036856324087913787048303460532823625137083985675388773047838686747465359945229500433465185427260319090131633701070843313748080444168609, 1602873746310540735712680171848598096396764175968222316416510743640865208913388808372096903598016376736940067288139900789734771972207256865877612644810510186519344858463592979873635927063838356/1422383372022154023157534334826410434827095051205548013775363617002943863665675508946202320519548086535943258882429446440894596478202853067813718202740374718969486103177, 2621563626640109378054418461508605332718075615112565005450342758354941670553640324730139514682934759548281875290724897653728581051911229987275772857426441207782959537995731476072523278002166928014557148760783945112039/1602873746310540735712680171848598096396764175968222316416510743640865208913388808372096903598016376736940067288139900789734771972207256865877612644810510186519344858463592979873635927063838356, 4276004080986662250556170150571682084661652708811008860820343595371977250993691951408982529005301818073582930400216010607001999500303394702071829521757444159996645323454281158344057771824138679224276609066488857242630567308043703839472400369/2621563626640109378054418461508605332718075615112565005450342758354941670553640324730139514682934759548281875290724897653728581051911229987275772857426441207782959537995731476072523278002166928014557148760783945112039], shape=[10], strides=[1], layout=CFcf (0xf), const ndim=1
Mu { arr: [441310836456664755264583/957680792193561957558108, 22151839895392077418091/106408976910395773062012, 187692330401021861350832099389554828575184353535/757718358557121455203315761111786325352692030223, -5122070700331717363009/159613465365593659593018, -39356439180549064460881217751636051401945747766/108245479793874493600473680158826617907527432889, -277230595445794361182564383609194640318390610884040321536014061498306908/807312779535425378917371878749503461608945122106412157690174088874784949, -134832319972570951436519/478840396096780978779054, 54227111538846580006884037922563868678879205958/757718358557121455203315761111786325352692030223, -363591241208121029834660501859170404895102205700096266544934810228820448/807312779535425378917371878749503461608945122106412157690174088874784949, 215076172331837406034829468455538764740402179291985388646971245518738465254828361406103689308659/797205466098643513645211574955796411481717164679544325815787055978454203015429672195986050402841, -476568180652340018266/239420198048390489389527, 266530483788265217092628081511662220977971021360/757718358557121455203315761111786325352692030223, 141800443464654012345293206172432729539433059929929839724433640157047205/807312779535425378917371878749503461608945122106412157690174088874784949, 318187357776347290471897615580444669276119430311973110742609806936461598382092261596114657861622/797205466098643513645211574955796411481717164679544325815787055978454203015429672195986050402841, -506804702821308026414766312841795674009642562230136843578792559874467259549595603890718937040860834908144881497266819160/1094021117394183000927239859697721849108988094241727077095822376749661568612713668063680522765481238477925243527319854413, -233314852557891861055307/478840396096780978779054, -373476573168052923663239040317694741224124556946/757718358557121455203315761111786325352692030223, -346509215908195086940002692420812616110955418142868152113534263822791319/807312779535425378917371878749503461608945122106412157690174088874784949, -104458485081551770957286478269243139721272648552331858711624742642842018557549954289558373661715/797205466098643513645211574955796411481717164679544325815787055978454203015429672195986050402841, -78794595670479239762236943975264953782277524880286104364095231005324277772957448913963825786377160403886088533294408961/1094021117394183000927239859697721849108988094241727077095822376749661568612713668063680522765481238477925243527319854413, 36273539890812363433529333172838441122162448027419321379427110608056709611439228092793985107168798064153310295086374184841072160799025800512594/73639322036856324087913787048303460532823625137083985675388773047838686747465359945229500433465185427260319090131633701070843313748080444168609, -145044702660531935015761/957680792193561957558108, 27125154614413484425462471480773050689126284709/108245479793874493600473680158826617907527432889, 301591820856539058169675000735916493377884079362606500150585936767235652/807312779535425378917371878749503461608945122106412157690174088874784949, 92638249870517078753065648532050113661493741182997666046201543467548687993573386230012445598614/797205466098643513645211574955796411481717164679544325815787055978454203015429672195986050402841, -392951334871326097705063775072950164729691024935649530531177255496855947635543080485070372595472851676897297137708465119/1094021117394183000927239859697721849108988094241727077095822376749661568612713668063680522765481238477925243527319854413, 418034187761410664674464046293063780035694264098744082886495417702207443645895758866751316975678658813393398016105450273534192981285039454756969/1251868474626557509494534379821158829058001627330427756481609141813257674706911119068901507368908152263425424532237772918204336333717367550866353, -32833662122207637403923595502515716168858319234042850803593578853641241268531076066445806617703402118994649221697134377537375744777501307236063527309630530932897085340/83669610118950236656325549107435907931005591247385177280903742176643756686216206408600136501149887443290779934260555672993799792835461945165512835455316159939381535481, 442740993749544614924867/957680792193561957558108, -334590289345014343426255529078965976746319972441/757718358557121455203315761111786325352692030223, 103716548525959648999037018028577505350995684137880757661250138994078372/807312779535425378917371878749503461608945122106412157690174088874784949, 270979749684912293586122689619131360739531810187140169442154328386576667258354682279204391078694/797205466098643513645211574955796411481717164679544325815787055978454203015429672195986050402841, -296421735885001374358166409587819275876019381421037745059023499313177395851234193605299397860468346256223679368416885871/1094021117394183000927239859697721849108988094241727077095822376749661568612713668063680522765481238477925243527319854413, 506948988737742300972286570898002218300053212842561171763222411368221147237946614071492681763330736362478077326517560669674240045714303487496994/1251868474626557509494534379821158829058001627330427756481609141813257674706911119068901507368908152263425424532237772918204336333717367550866353, 35947838925661244862040691954960093296508599103606617716926178546987106156214609225293548229618091695481157635619974103204245516261956493987661092860494815285559964126/83669610118950236656325549107435907931005591247385177280903742176643756686216206408600136501149887443290779934260555672993799792835461945165512835455316159939381535481, 648172972439949284064029122021419597601950745680928590702967861480127701506413259738918867855162936535606954062651984549601290199679472596251270596534635618558291450800295667702179270885622031/1602873746310540735712680171848598096396764175968222316416510743640865208913388808372096903598016376736940067288139900789734771972207256865877612644810510186519344858463592979873635927063838356, 103927868969413594055410/239420198048390489389527, -324044614091314161445640610345051995032170064636/757718358557121455203315761111786325352692030223, 25103049628832523740946543875903386861182461046390368947488840748607528/807312779535425378917371878749503461608945122106412157690174088874784949, -113093473513375114703849753708593744713605803499594050767594440344366697020365702059900423457682/797205466098643513645211574955796411481717164679544325815787055978454203015429672195986050402841, 61509901968104433111427247015407437595765235936653991691506973848855458435675851897199037032488341866163593632389074022/1094021117394183000927239859697721849108988094241727077095822376749661568612713668063680522765481238477925243527319854413, 569998344472988761796583889546742790496885678433349049910494556133284355682525603575527225441236496834086234476248197780458708796486117261836450/1251868474626557509494534379821158829058001627330427756481609141813257674706911119068901507368908152263425424532237772918204336333717367550866353, 15124263818880823188141994092435872083159556385160884149786039474755890984310207414682147856681182971563211021186820102067269831171516330349492424241167965699230236780/83669610118950236656325549107435907931005591247385177280903742176643756686216206408600136501149887443290779934260555672993799792835461945165512835455316159939381535481, -173910813510804987865577512348551367649736941670908441857943815302953636839047697735219110518598368733040764532805101272713500125177563388256651646176141872157902121464097259137349818815498673/801436873155270367856340085924299048198382087984111158208255371820432604456694404186048451799008188368470033644069950394867385986103628432938806322405255093259672429231796489936817963531919178, -309854073084539512829946466360451622169534323636112815203251246292053596682147459090196315087060907469917027520984780226264977435650349252083578220191446753864044241140092738429218908514534195037317877550747722166194/2621563626640109378054418461508605332718075615112565005450342758354941670553640324730139514682934759548281875290724897653728581051911229987275772857426441207782959537995731476072523278002166928014557148760783945112039] }
(hist.len, cnt): (2047, 3769)
[(0, 1), (0, 1), (0, 1), (0, 1), (0, 1), (0, 1), (0, 1), (0, 1), (0, 1), (0, 1), (0, 1), (0, 1), (0, 1), (0, 1), (0, 1), (0, 1), (0, 1), (0, 1), (0, 1), (0, 1), (0, 1), (0, 1), (0, 1), (0, 1), (0, 1), (0, 1), (0, 1), (0, 1), (0, 1), (0, 1), (0, 1), (0, 1), (0, 1), (0, 1), (0, 1), (0, 1), (0, 1), (0, 1), (0, 1), (0, 1), (0, 1), (0, 1), (0, 1), (0, 1), (0, 1), (0, 1), (0, 1), (0, 1), (0, 1), (0, 1), (0, 1), (0, 1), (0, 1), (0, 1), (0, 1), (0, 1), (0, 1), (0, 1), (0, 1), (0, 1), (0, 1), (0, 1), (0, 1), (0, 1), (0, 1), (0, 1), (0, 1), (0, 1), (0, 1), (0, 1), (0, 1), (0, 1), (0, 1), (0, 1), (0, 1), (0, 1), (0, 1), (0, 1), (0, 1), (0, 1), (1, 2), (1, 2), (0, 1), (1, 2), (0, 1), (1, 2), (1, 2), (0, 1), (1, 2), (0, 1), (1, 2), (0, 1), (0, 1), (1, 2), (0, 1), (1, 2), (0, 1), (1, 2), (0, 1), (1, 2), (0, 1), (1, 2), (0, 1), (1, 2), (0, 1), (1, 2), (0, 1), (1, 2), (0, 1), (1, 2), (0, 1), (0, 1), (1, 2), (1, 2), (0, 1), (1, 2), (0, 1), (1, 2), (0, 1), (1, 2), (0, 1), (1, 2), (0, 1), (0, 1), (1, 2), (0, 1), (0, 1), (1, 2), (0, 1), (1, 2), (0, 1), (1, 2), (0, 1), (1, 2), (0, 1), (1, 2), (0, 1), (0, 1), (1, 2), (0, 1), (0, 1), (1, 2), (0, 1), (0, 1), (1, 2), (0, 1), (0, 1), (1, 2), (0, 1), (1, 2), (0, 1), (1, 2), (0, 1), (0, 1), (1, 2), (0, 1), (1, 2), (1, 2), (0, 1), (1, 2), (0, 1), (1, 2), (0, 1), (1, 2), (1, 2), (0, 1), (1, 2), (0, 1), (1, 2), (0, 1), (1, 2), (0, 1), (1, 2), (0, 1), (1, 2), (1, 2), (0, 1), (1, 2), (0, 1), (1, 2), (0, 1), (0, 1), (1, 2), (0, 1), (1, 2), (0, 1), (1, 2), (0, 1), (1, 2), (2, 3), (1, 2), (0, 1), (2, 3), (1, 2), (2, 3), (1, 2), (0, 1), (1, 2), (2, 3), (1, 2), (0, 1), (1, 2), (0, 1), (1, 2), (2, 3), (1, 2), (0, 1), (1, 2), (2, 3), (1, 2), (0, 1), (2, 3), (1, 2), (2, 3), (1, 2), (0, 1), (1, 2), (2, 3), (1, 2), (0, 1), (1, 2), (0, 1), (1, 2), (2, 3), (1, 2), (0, 1), (1, 2), (2, 3), (1, 2), (0, 1), (2, 3), (1, 2), (0, 1), (1, 2), (2, 3), (1, 2), (0, 1), (1, 2), (2, 3), (1, 2), (0, 1), (2, 3), (1, 2), (1, 2), (0, 1), (2, 3), (1, 2), (0, 1), (0, 1), (1, 2), (0, 1), (2, 3), (1, 2), (2, 3), (1, 2), (0, 1), (2, 3), (1, 2), (0, 1), (1, 2), (0, 1), (2, 3), (1, 2), (0, 1), (2, 3), (1, 2), (0, 1), (2, 3), (1, 2), (0, 1), (0, 1), (1, 2), (0, 1), (2, 3), (1, 2), (0, 1), (2, 3), (1, 2), (0, 1), (2, 3), (1, 2), (0, 1), (2, 3), (1, 2), (0, 1), (1, 2), (0, 1), (1, 2), (0, 1), (1, 2), (2, 3), (1, 2), (0, 1), (2, 3), (1, 2), (0, 1), (2, 3), (1, 2), (0, 1), (1, 2), (2, 3), (1, 2), (0, 1), (2, 3), (1, 2), (0, 1), (2, 3), (1, 2), (0, 1), (2, 3), (1, 2), (0, 1), (2, 3), (1, 2), (0, 1), (1, 2), (2, 3), (1, 2), (0, 1), (2, 3), (1, 2), (2, 3), (1, 2), (0, 1), (2, 3), (1, 2), (0, 1), (1, 2), (0, 1), (1, 2), (2, 3), (1, 2), (3, 4), (2, 3), (1, 2), (0, 1), (2, 3), (1, 2), (0, 1), (2, 3), (3, 4), (2, 3), (1, 2), (0, 1), (3, 4), (2, 3), (1, 2), (0, 1), (2, 3), (1, 2), (0, 1), (1, 2), (0, 1), (3, 4), (2, 3), (1, 2), (0, 1), (2, 3), (1, 2), (3, 4), (2, 3), (1, 2), (0, 1), (3, 4), (2, 3), (1, 2), (0, 1), (3, 4), (2, 3), (1, 2), (0, 1), (1, 2), (0, 1), (3, 4), (2, 3), (1, 2), (0, 1), (3, 4), (2, 3), (1, 2), (0, 1), (3, 4), (2, 3), (1, 2), (0, 1), (1, 2), (3, 4), (2, 3), (1, 2), (0, 1), (2, 3), (1, 2), (0, 1), (2, 3), (1, 2), (3, 4), (2, 3), (1, 2), (0, 1), (2, 3), (1, 2), (0, 1), (3, 4), (2, 3), (1, 2), (0, 1), (1, 2), (2, 3), (3, 4), (2, 3), (1, 2), (0, 1), (2, 3), (1, 2), (0, 1), (2, 3), (3, 4), (2, 3), (1, 2), (3, 4), (2, 3), (1, 2), (0, 1), (2, 3), (1, 2), (0, 1), (1, 2), (2, 3), (1, 2), (0, 1), (3, 4), (2, 3), (1, 2), (0, 1), (2, 3), (1, 2), (3, 4), (2, 3), (1, 2), (0, 1), (2, 3), (3, 4), (2, 3), (1, 2), (0, 1), (2, 3), (1, 2), (3, 4), (2, 3), (1, 2), (0, 1), (1, 2), (3, 4), (2, 3), (1, 2), (0, 1), (2, 3), (1, 2), (2, 3), (1, 2), (3, 4), (2, 3), (1, 2), (0, 1), (2, 3), (3, 4), (2, 3), (1, 2), (0, 1), (1, 2), (3, 4), (2, 3), (1, 2), (0, 1), (2, 3), (1, 2), (3, 4), (2, 3), (1, 2), (0, 1), (3, 4), (2, 3), (1, 2), (0, 1), (3, 4), (2, 3), (1, 2), (0, 1), (2, 3), (3, 4), (2, 3), (1, 2), (3, 4), (2, 3), (1, 2), (0, 1), (2, 3), (1, 2), (4, 5), (3, 4), (2, 3), (1, 2), (3, 4), (2, 3), (4, 5), (3, 4), (2, 3), (1, 2), (0, 1), (3, 4), (2, 3), (1, 2), (4, 5), (3, 4), (2, 3), (1, 2), (0, 1), (1, 2), (4, 5), (3, 4), (2, 3), (1, 2), (0, 1), (2, 3), (1, 2), (2, 3), (3, 4), (2, 3), (3, 4), (4, 5), (3, 4), (2, 3), (1, 2), (0, 1), (4, 5), (3, 4), (2, 3), (4, 5), (3, 4), (2, 3), (1, 2), (0, 1), (4, 5), (3, 4), (2, 3), (1, 2), (2, 3), (4, 5), (3, 4), (2, 3), (1, 2), (2, 3), (3, 4), (2, 3), (1, 2), (0, 1), (4, 5), (3, 4), (2, 3), (1, 2), (0, 1), (1, 2), (3, 4), (2, 3), (1, 2), (4, 5), (3, 4), (2, 3), (1, 2), (3, 4), (2, 3), (1, 2), (0, 1), (3, 4), (4, 5), (3, 4), (2, 3), (1, 2), (0, 1), (1, 2), (2, 3), (1, 2), (2, 3), (4, 5), (3, 4), (2, 3), (1, 2), (0, 1), (1, 2), (2, 3), (1, 2), (0, 1), (1, 2), (2, 3), (1, 2), (0, 1), (3, 4), (2, 3), (1, 2), (0, 1), (4, 5), (3, 4), (2, 3), (1, 2), (0, 1), (2, 3), (4, 5), (3, 4), (2, 3), (1, 2), (0, 1), (2, 3), (1, 2), (4, 5), (3, 4), (2, 3), (1, 2), (0, 1), (1, 2), (4, 5), (3, 4), (2, 3), (1, 2), (0, 1), (4, 5), (3, 4), (2, 3), (1, 2), (4, 5), (3, 4), (2, 3), (1, 2), (0, 1), (2, 3), (3, 4), (4, 5), (3, 4), (2, 3), (1, 2), (0, 1), (4, 5), (3, 4), (2, 3), (3, 4), (2, 3), (1, 2), (0, 1), (4, 5), (3, 4), (2, 3), (1, 2), (0, 1), (1, 2), (3, 4), (2, 3), (1, 2), (0, 1), (1, 2), (2, 3), (1, 2), (2, 3), (4, 5), (3, 4), (2, 3), (1, 2), (0, 1), (4, 5), (3, 4), (2, 3), (1, 2), (0, 1), (4, 5), (3, 4), (2, 3), (1, 2), (0, 1), (1, 2), (4, 5), (3, 4), (2, 3), (1, 2), (0, 1), (3, 4), (2, 3), (4, 5), (3, 4), (2, 3), (1, 2), (0, 1), (1, 2), (0, 1), (2, 3), (1, 2), (0, 1), (1, 2), (3, 4), (2, 3), (1, 2), (0, 1), (3, 4), (4, 5), (3, 4), (2, 3), (1, 2), (0, 1), (3, 4), (4, 5), (3, 4), (2, 3), (1, 2), (0, 1), (2, 3), (3, 4), (2, 3), (1, 2), (0, 1), (5, 6), (4, 5), (3, 4), (2, 3), (1, 2), (0, 1), (1, 2), (4, 5), (3, 4), (2, 3), (1, 2), (0, 1), (4, 5), (5, 6), (4, 5), (3, 4), (2, 3), (1, 2), (0, 1), (1, 2), (2, 3), (1, 2), (0, 1), (3, 4), (2, 3), (1, 2), (0, 1), (2, 3), (4, 5), (5, 6), (4, 5), (3, 4), (2, 3), (1, 2), (0, 1), (2, 3), (3, 4), (2, 3), (1, 2), (3, 4), (2, 3), (1, 2), (4, 5), (3, 4), (2, 3), (1, 2), (3, 4), (2, 3), (3, 4), (4, 5), (3, 4), (2, 3), (1, 2), (2, 3), (4, 5), (5, 6), (4, 5), (3, 4), (2, 3), (1, 2), (0, 1), (4, 5), (3, 4), (2, 3), (1, 2), (0, 1), (2, 3), (3, 4), (2, 3), (1, 2), (3, 4), (4, 5), (3, 4), (2, 3), (1, 2), (4, 5), (3, 4), (2, 3), (5, 6), (4, 5), (3, 4), (2, 3), (1, 2), (0, 1), (3, 4), (2, 3), (1, 2), (0, 1), (5, 6), (4, 5), (3, 4), (2, 3), (1, 2), (0, 1), (1, 2), (3, 4), (4, 5), (3, 4), (2, 3), (3, 4), (5, 6), (4, 5), (3, 4), (2, 3), (1, 2), (0, 1), (3, 4), (5, 6), (4, 5), (3, 4), (2, 3), (1, 2), (0, 1), (1, 2), (3, 4), (2, 3), (1, 2), (0, 1), (2, 3), (1, 2), (2, 3), (4, 5), (5, 6), (4, 5), (3, 4), (2, 3), (1, 2), (0, 1), (4, 5), (5, 6), (4, 5), (3, 4), (2, 3), (1, 2), (3, 4), (5, 6), (4, 5), (3, 4), (2, 3), (1, 2), (2, 3), (5, 6), (4, 5), (3, 4), (2, 3), (1, 2), (0, 1), (3, 4), (2, 3), (3, 4), (5, 6), (4, 5), (3, 4), (2, 3), (1, 2), (0, 1), (4, 5), (5, 6), (4, 5), (3, 4), (2, 3), (1, 2), (4, 5), (5, 6), (4, 5), (3, 4), (2, 3), (3, 4), (2, 3), (4, 5), (3, 4), (2, 3), (1, 2), (2, 3), (5, 6), (4, 5), (3, 4), (2, 3), (1, 2), (0, 1), (3, 4), (5, 6), (4, 5), (3, 4), (2, 3), (1, 2), (0, 1), (1, 2), (5, 6), (4, 5), (3, 4), (2, 3), (1, 2), (0, 1), (3, 4), (4, 5), (3, 4), (2, 3), (5, 6), (4, 5), (3, 4), (2, 3), (1, 2), (0, 1), (2, 3), (1, 2), (0, 1), (1, 2), (3, 4), (2, 3), (1, 2), (0, 1), (3, 4), (2, 3), (5, 6), (4, 5), (3, 4), (2, 3), (1, 2), (0, 1), (2, 3), (4, 5), (3, 4), (2, 3), (1, 2), (4, 5), (5, 6), (4, 5), (3, 4), (2, 3), (1, 2), (2, 3), (3, 4), (2, 3), (5, 6), (4, 5), (3, 4), (2, 3), (1, 2), (2, 3), (5, 6), (4, 5), (3, 4), (2, 3), (1, 2), (0, 1), (2, 3), (5, 6), (4, 5), (5, 6), (6, 7), (5, 6), (4, 5), (3, 4), (2, 3), (1, 2), (5, 6), (6, 7), (5, 6), (4, 5), (3, 4), (2, 3), (1, 2), (0, 1), (1, 2), (4, 5), (3, 4), (6, 7), (5, 6), (4, 5), (3, 4), (2, 3), (1, 2), (0, 1), (1, 2), (5, 6), (4, 5), (3, 4), (2, 3), (6, 7), (5, 6), (4, 5), (3, 4), (2, 3), (1, 2), (0, 1), (1, 2), (3, 4), (5, 6), (4, 5), (3, 4), (2, 3), (1, 2), (0, 1), (2, 3), (4, 5), (3, 4), (4, 5), (6, 7), (5, 6), (4, 5), (3, 4), (2, 3), (1, 2), (0, 1), (1, 2), (2, 3), (1, 2), (5, 6), (6, 7), (5, 6), (4, 5), (3, 4), (2, 3), (1, 2), (2, 3), (3, 4), (4, 5), (5, 6), (4, 5), (3, 4), (2, 3), (1, 2), (0, 1), (3, 4), (2, 3), (4, 5), (3, 4), (2, 3), (1, 2), (0, 1), (4, 5), (5, 6), (4, 5), (3, 4), (2, 3), (1, 2), (4, 5), (3, 4), (6, 7), (5, 6), (4, 5), (3, 4), (2, 3), (1, 2), (5, 6), (4, 5), (3, 4), (2, 3), (1, 2), (0, 1), (2, 3), (4, 5), (5, 6), (4, 5), (3, 4), (2, 3), (1, 2), (4, 5), (3, 4), (2, 3), (4, 5), (5, 6), (4, 5), (3, 4), (5, 6), (6, 7), (5, 6), (4, 5), (3, 4), (2, 3), (1, 2), (0, 1), (3, 4), (2, 3), (1, 2), (4, 5), (6, 7), (5, 6), (4, 5), (3, 4), (2, 3), (1, 2), (5, 6), (4, 5), (3, 4), (6, 7), (5, 6), (4, 5), (3, 4), (2, 3), (1, 2), (3, 4), (5, 6), (4, 5), (6, 7), (5, 6), (4, 5), (3, 4), (2, 3), (1, 2), (0, 1), (2, 3), (5, 6), (4, 5), (6, 7), (5, 6), (4, 5), (3, 4), (2, 3), (1, 2), (0, 1), (1, 2), (2, 3), (1, 2), (4, 5), (3, 4), (6, 7), (5, 6), (4, 5), (3, 4), (2, 3), (1, 2), (0, 1), (2, 3), (3, 4), (2, 3), (1, 2), (3, 4), (2, 3), (1, 2), (4, 5), (3, 4), (2, 3), (1, 2), (0, 1), (4, 5), (3, 4), (2, 3), (1, 2), (4, 5), (3, 4), (5, 6), (4, 5), (3, 4), (2, 3), (1, 2), (2, 3), (1, 2), (4, 5), (3, 4), (2, 3), (1, 2), (0, 1), (5, 6), (4, 5), (3, 4), (2, 3), (1, 2), (0, 1), (3, 4), (2, 3), (5, 6), (6, 7), (5, 6), (4, 5), (3, 4), (2, 3), (1, 2), (0, 1), (4, 5), (3, 4), (6, 7), (5, 6), (4, 5), (3, 4), (2, 3), (1, 2), (0, 1), (1, 2), (4, 5), (5, 6), (6, 7), (5, 6), (4, 5), (3, 4), (2, 3), (1, 2), (0, 1), (4, 5), (6, 7), (5, 6), (4, 5), (3, 4), (2, 3), (1, 2), (0, 1), (3, 4), (4, 5), (3, 4), (2, 3), (1, 2), (5, 6), (4, 5), (3, 4), (2, 3), (6, 7), (5, 6), (4, 5), (3, 4), (2, 3), (1, 2), (0, 1), (4, 5), (3, 4), (2, 3), (6, 7), (5, 6), (4, 5), (3, 4), (2, 3), (1, 2), (4, 5), (6, 7), (5, 6), (4, 5), (3, 4), (5, 6), (6, 7), (5, 6), (7, 8), (6, 7), (5, 6), (4, 5), (3, 4), (2, 3), (1, 2), (0, 1), (6, 7), (5, 6), (4, 5), (3, 4), (2, 3), (5, 6), (4, 5), (6, 7), (5, 6), (4, 5), (3, 4), (2, 3), (1, 2), (0, 1), (1, 2), (6, 7), (5, 6), (4, 5), (3, 4), (6, 7), (5, 6), (6, 7), (7, 8), (6, 7), (5, 6), (4, 5), (3, 4), (5, 6), (4, 5), (7, 8), (6, 7), (5, 6), (4, 5), (3, 4), (2, 3), (1, 2), (0, 1), (1, 2), (3, 4), (7, 8), (6, 7), (5, 6), (4, 5), (3, 4), (2, 3), (1, 2), (0, 1), (4, 5), (3, 4), (2, 3), (6, 7), (5, 6), (7, 8), (6, 7), (5, 6), (4, 5), (3, 4), (2, 3), (1, 2), (0, 1), (1, 2), (2, 3), (4, 5), (3, 4), (2, 3), (3, 4), (6, 7), (5, 6), (4, 5), (3, 4), (2, 3), (1, 2), (2, 3), (5, 6), (7, 8), (6, 7), (5, 6), (4, 5), (3, 4), (2, 3), (1, 2), (3, 4), (4, 5), (3, 4), (2, 3), (1, 2), (0, 1), (5, 6), (4, 5), (3, 4), (2, 3), (1, 2), (0, 1), (1, 2), (4, 5), (3, 4), (2, 3), (1, 2), (7, 8), (6, 7), (5, 6), (4, 5), (3, 4), (2, 3), (1, 2), (0, 1), (3, 4), (6, 7), (5, 6), (4, 5), (3, 4), (2, 3), (1, 2), (0, 1), (3, 4), (5, 6), (4, 5), (7, 8), (6, 7), (5, 6), (4, 5), (3, 4), (2, 3), (4, 5), (3, 4), (2, 3), (1, 2), (0, 1), (2, 3), (1, 2), (5, 6), (6, 7), (5, 6), (4, 5), (3, 4), (2, 3), (1, 2), (0, 1), (5, 6), (4, 5), (3, 4), (2, 3), (1, 2), (5, 6), (4, 5), (3, 4), (4, 5), (5, 6), (7, 8), (6, 7), (5, 6), (4, 5), (3, 4), (2, 3), (1, 2), (0, 1), (1, 2), (4, 5), (3, 4), (2, 3), (1, 2), (0, 1), (6, 7), (5, 6), (4, 5), (3, 4), (2, 3), (1, 2), (4, 5), (6, 7), (5, 6), (4, 5), (3, 4), (2, 3), (1, 2), (5, 6), (4, 5), (3, 4), (7, 8), (6, 7), (5, 6), (4, 5), (3, 4), (2, 3), (1, 2), (0, 1), (2, 3), (1, 2), (2, 3), (4, 5), (3, 4), (2, 3), (1, 2), (2, 3), (1, 2), (5, 6), (4, 5), (5, 6), (7, 8), (6, 7), (5, 6), (4, 5), (3, 4), (2, 3), (1, 2), (0, 1), (6, 7), (5, 6), (4, 5), (3, 4), (2, 3), (1, 2), (0, 1), (2, 3), (4, 5), (6, 7), (5, 6), (4, 5), (5, 6), (7, 8), (6, 7), (5, 6), (4, 5), (3, 4), (2, 3), (1, 2), (3, 4), (5, 6), (4, 5), (3, 4), (6, 7), (5, 6), (7, 8), (6, 7), (5, 6), (4, 5), (3, 4), (2, 3), (1, 2), (0, 1), (1, 2), (4, 5), (5, 6), (4, 5), (6, 7), (5, 6), (4, 5), (7, 8), (6, 7), (5, 6), (4, 5), (3, 4), (2, 3), (1, 2), (2, 3), (4, 5), (6, 7), (5, 6), (4, 5), (5, 6), (4, 5), (3, 4), (7, 8), (6, 7), (5, 6), (4, 5), (3, 4), (2, 3), (1, 2), (0, 1), (3, 4), (2, 3), (1, 2), (0, 1), (4, 5), (5, 6), (4, 5), (3, 4), (2, 3), (3, 4), (6, 7), (7, 8), (6, 7), (5, 6), (4, 5), (3, 4), (2, 3), (1, 2), (0, 1), (3, 4), (2, 3), (1, 2), (4, 5), (3, 4), (2, 3), (3, 4), (2, 3), (1, 2), (2, 3), (4, 5), (3, 4), (5, 6), (4, 5), (6, 7), (5, 6), (4, 5), (3, 4), (2, 3), (1, 2), (2, 3), (3, 4), (2, 3), (1, 2), (3, 4), (7, 8), (6, 7), (5, 6), (4, 5), (3, 4), (2, 3), (1, 2), (2, 3), (4, 5), (3, 4), (5, 6), (6, 7), (7, 8), (6, 7), (5, 6), (4, 5), (3, 4), (2, 3), (1, 2), (0, 1), (1, 2), (2, 3), (1, 2), (3, 4), (2, 3), (4, 5), (3, 4), (2, 3), (3, 4), (4, 5), (7, 8), (6, 7), (5, 6), (4, 5), (3, 4), (2, 3), (1, 2), (0, 1), (3, 4), (2, 3), (1, 2), (0, 1), (1, 2), (5, 6), (6, 7), (5, 6), (4, 5), (7, 8), (8, 9), (7, 8), (6, 7), (5, 6), (4, 5), (3, 4), (2, 3), (1, 2), (0, 1), (2, 3), (3, 4), (2, 3), (4, 5), (3, 4), (2, 3), (3, 4), (5, 6), (4, 5), (3, 4), (4, 5), (6, 7), (5, 6), (4, 5), (3, 4), (7, 8), (6, 7), (5, 6), (4, 5), (3, 4), (2, 3), (6, 7), (5, 6), (6, 7), (8, 9), (7, 8), (6, 7), (5, 6), (4, 5), (3, 4), (2, 3), (1, 2), (0, 1), (1, 2), (2, 3), (3, 4), (4, 5), (8, 9), (7, 8), (6, 7), (5, 6), (4, 5), (3, 4), (2, 3), (1, 2), (0, 1), (2, 3), (3, 4), (2, 3), (4, 5), (5, 6), (4, 5), (6, 7), (5, 6), (4, 5), (3, 4), (2, 3), (1, 2), (2, 3), (6, 7), (8, 9), (7, 8), (6, 7), (5, 6), (4, 5), (3, 4), (7, 8), (6, 7), (7, 8), (6, 7), (8, 9), (7, 8), (6, 7), (5, 6), (4, 5), (3, 4), (2, 3), (1, 2), (0, 1), (3, 4), (2, 3), (5, 6), (4, 5), (5, 6), (7, 8), (6, 7), (5, 6), (4, 5), (3, 4), (2, 3), (3, 4), (2, 3), (1, 2), (6, 7), (5, 6), (8, 9), (7, 8), (6, 7), (5, 6), (4, 5), (3, 4), (2, 3), (1, 2), (0, 1), (4, 5), (3, 4), (2, 3), (3, 4), (4, 5), (3, 4), (4, 5), (5, 6), (4, 5), (3, 4), (5, 6), (6, 7), (7, 8), (6, 7), (5, 6), (4, 5), (3, 4), (2, 3), (1, 2), (2, 3), (7, 8), (6, 7), (5, 6), (4, 5), (6, 7), (5, 6), (8, 9), (7, 8), (6, 7), (5, 6), (4, 5), (3, 4), (2, 3), (4, 5), (3, 4), (5, 6), (4, 5), (3, 4), (2, 3), (1, 2), (6, 7), (5, 6), (4, 5), (3, 4), (2, 3), (1, 2), (2, 3), (5, 6), (4, 5), (6, 7), (8, 9), (7, 8), (6, 7), (5, 6), (4, 5), (3, 4), (2, 3), (1, 2), (3, 4), (2, 3), (4, 5), (3, 4), (2, 3), (3, 4), (5, 6), (4, 5), (3, 4), (8, 9), (7, 8), (6, 7), (5, 6), (4, 5), (3, 4), (2, 3), (1, 2), (0, 1), (4, 5), (7, 8), (6, 7), (5, 6), (4, 5), (3, 4), (2, 3), (6, 7), (5, 6), (4, 5), (8, 9), (7, 8), (6, 7), (5, 6), (4, 5), (3, 4), (2, 3), (1, 2), (0, 1), (5, 6), (6, 7), (5, 6), (7, 8), (8, 9), (7, 8), (6, 7), (5, 6), (4, 5), (3, 4), (2, 3), (1, 2), (0, 1), (2, 3), (1, 2), (3, 4), (5, 6), (4, 5), (3, 4), (2, 3), (1, 2), (2, 3), (7, 8), (8, 9), (7, 8), (6, 7), (5, 6), (4, 5), (3, 4), (2, 3), (1, 2), (0, 1), (2, 3), (1, 2), (3, 4), (2, 3), (1, 2), (2, 3), (4, 5), (3, 4), (2, 3), (1, 2), (0, 1), (8, 9), (7, 8), (6, 7), (5, 6), (4, 5), (3, 4), (2, 3), (3, 4), (5, 6), (6, 7), (5, 6), (4, 5), (3, 4), (6, 7), (8, 9), (7, 8), (6, 7), (5, 6), (4, 5), (3, 4), (2, 3), (1, 2), (0, 1), (2, 3), (1, 2), (6, 7), (5, 6), (4, 5), (3, 4), (2, 3), (1, 2), (7, 8), (6, 7), (5, 6), (4, 5), (3, 4), (2, 3), (1, 2), (2, 3), (3, 4), (2, 3), (1, 2), (0, 1), (5, 6), (6, 7), (5, 6), (4, 5), (3, 4), (7, 8), (6, 7), (5, 6), (8, 9), (7, 8), (6, 7), (5, 6), (4, 5), (3, 4), (2, 3), (1, 2), (3, 4), (2, 3), (3, 4), (4, 5), (3, 4), (2, 3), (3, 4), (7, 8), (8, 9), (7, 8), (6, 7), (5, 6), (4, 5), (3, 4), (2, 3), (1, 2), (3, 4), (4, 5), (3, 4), (2, 3), (1, 2), (0, 1), (7, 8), (6, 7), (8, 9), (7, 8), (6, 7), (5, 6), (4, 5), (3, 4), (2, 3), (3, 4), (2, 3), (1, 2), (5, 6), (4, 5), (3, 4), (2, 3), (1, 2), (4, 5), (3, 4), (2, 3), (5, 6), (7, 8), (6, 7), (5, 6), (4, 5), (3, 4), (2, 3), (1, 2), (0, 1), (1, 2), (3, 4), (8, 9), (7, 8), (6, 7), (5, 6), (4, 5), (3, 4), (2, 3), (1, 2), (3, 4), (5, 6), (4, 5), (3, 4), (2, 3), (4, 5), (6, 7), (7, 8), (6, 7), (7, 8), (6, 7), (5, 6), (4, 5), (8, 9), (7, 8), (6, 7), (5, 6), (4, 5), (3, 4), (2, 3), (1, 2), (0, 1), (1, 2), (2, 3), (1, 2), (4, 5), (5, 6), (4, 5), (3, 4), (6, 7), (5, 6), (4, 5), (3, 4), (2, 3), (1, 2), (0, 1), (6, 7), (7, 8), (6, 7), (5, 6), (4, 5), (3, 4), (2, 3), (1, 2), (0, 1), (3, 4), (2, 3), (6, 7), (5, 6), (4, 5), (3, 4), (2, 3), (1, 2), (3, 4), (6, 7), (5, 6), (4, 5), (3, 4), (2, 3), (4, 5)]
