results/lll/svpchallengedim40seed0dim15delta1.txt: 227.057 sec
b: [[10487525, -55966197, -3659784, -54035535, 23290482, -44164635, 36885786, 27233921, 18465572, 24877146, -14166440, -43119232, 4887683, 9125371, 11905183],
 [1740650, -62483264, 27899134, 15981560, -25733963, -58091229, -43362226, -14534191, 10320901, 13737560, 1552187, -65571075, 13987145, 15601289, 2917621],
 [-19024994, -65511804, -5930240, 8822073, 26554781, -30969428, -13880595, 10514250, -20104340, -24762000, -52537056, 12616622, 16457332, -45961838, 41504786],
 [-51790451, 77979674, -14739476, -17089041, -5790206, 23840314, -8739759, -38102341, 6835356, 28572285, -41127831, 863979, 2015025, 69274066, -22655442],
 [-25426736, -30837000, -64057518, -45910516, -31435232, 7541750, 28556884, 27811929, -17593547, -46415124, -47116398, 6701189, 31834021, 7955015, -38532054],
 [59645282, 39940759, -22373563, 22367635, 35252943, 3245999, 20745750, -58776845, -12174756, -7918063, -41855463, 23620293, -4064375, -32183417, 53407943],
 [41807, 22647737, -77269873, 36315624, -27714174, 38205572, 74634421, 18091851, 15258654, -39108243, 38663256, -28894231, 2554910, -34581282, 10840693],
 [2028535, 21195124, -3509703, -12300672, 57694788, -48053820, -25035593, -33642587, -60017544, 2050104, -24372713, 26768928, -47135474, 55215891, 18064801],
 [53856051, -78039823, 38546029, -17831962, 7846939, -2984447, -25847441, 9844987, 75365919, 4161350, 3684187, 3006725, -49710145, -11284424, 49423248],
 [13729831, 6447560, -18759390, 349459, -55760611, -95729464, 15778419, 265205, -44081074, -5597019, 10027666, -4666491, -13202594, -29179688, -18147915],
 [-27567487, -38533686, -21527979, -77870782, -42445853, 17107054, 50686424, 49771752, -25337174, 1063000, 44298362, -3047783, -41710728, -2480486, 45575140],
 [4265562, -12664160, 10997567, 42961894, -38426890, -9088393, 85689224, -8673488, -22597234, -33567795, -64450557, -1352118, 2585112, -36889195, 10332964],
 [9055343, -2576681, 30918374, 46994095, -22060583, -55150820, -14562060, 64460778, -3493344, -12742838, -22422271, 36290450, 29298096, 38387500, 8639989],
 [-36989750, 46979758, 42468832, -20578479, 74951324, 9644011, -38858807, -50679040, 46791784, -52830675, 33308064, 18839012, -17955638, 24467136, -22163624],
 [-78890477, -120648685, -52864342, 2159912, 17720037, -22285437, -20912759, -56861053, -16645518, 39918209, 19242315, 18452793, 12635699, 45683858, 26675040]], shape=[15, 15], strides=[15, 1], layout=Cc (0x5), const ndim=2
v_norms: [14039346803474444, 188976499059877244069655752374435/14039346803474444, 2506765757835135912434338990793703935037188036834/188976499059877244069655752374435, 17756448513227027280064253068441834221984766253028661376449791106/1253382878917567956217169495396851967518594018417, 239505251358016235998641244006163625423164786170999722651277864462612362915382717/17756448513227027280064253068441834221984766253028661376449791106, 2603891556814425469131206521489960282313769546351512785639059456082854020837940252611984198585273/239505251358016235998641244006163625423164786170999722651277864462612362915382717, 63084737612564031244736881766641744614443430119138559002340351084422348493431763825440632147574095455830546711393/5207783113628850938262413042979920564627539092703025571278118912165708041675880505223968397170546, 606525807410663018148921318866493743537063984281164858290520671354013203239024245940604226359561803320266041486383552120311595929/63084737612564031244736881766641744614443430119138559002340351084422348493431763825440632147574095455830546711393, 6073918744278229605136818169779820008339049419549392858483836526027469744536010674985713083589723640390866763141266416754807744840609106399507461/606525807410663018148921318866493743537063984281164858290520671354013203239024245940604226359561803320266041486383552120311595929, 49633694858903152260478899526247480493240964039748817809145414417732549569205446912841213312200468214130510122740604973347326089568733175532087335791103411257066/6073918744278229605136818169779820008339049419549392858483836526027469744536010674985713083589723640390866763141266416754807744840609106399507461, 431183019169280915174301843759357577988051218997805163323713956719602424833498980537829295805265340417822726674124436290061101411411500760436878570526789609612292210873451950035/49633694858903152260478899526247480493240964039748817809145414417732549569205446912841213312200468214130510122740604973347326089568733175532087335791103411257066, 3800820814404597900711763182479565133092737733339961299765250868740999084663001078575120955165637235013166267034569303228911861614197047725489217291490668621916218779410477230031173028404176769/431183019169280915174301843759357577988051218997805163323713956719602424833498980537829295805265340417822726674124436290061101411411500760436878570526789609612292210873451950035, 35756865981121442824515724602507823734227803588648793860860979928490347134932731573740357537607250018680132528580756556541785053444292780871100111783249541859611284349167836061018664671751642626767142775206026/3800820814404597900711763182479565133092737733339961299765250868740999084663001078575120955165637235013166267034569303228911861614197047725489217291490668621916218779410477230031173028404176769, 316870382010027839406817336306033461573367064220952562021011291415633715392928644160258983330527839985928332864094750821673550459949843068174429934855210438873786948078844830724434272355050390048009727356066041338460713827009/35756865981121442824515724602507823734227803588648793860860979928490347134932731573740357537607250018680132528580756556541785053444292780871100111783249541859611284349167836061018664671751642626767142775206026, 4479162007073151170053182782743010606980316030715060474323054884337061641018044345714802639116581702744224211114079778384050910591371708226269714637437377066499267496599054455079188695195638785002287791358960525877967803096509204846118949649/316870382010027839406817336306033461573367064220952562021011291415633715392928644160258983330527839985928332864094750821673550459949843068174429934855210438873786948078844830724434272355050390048009727356066041338460713827009], shape=[15], strides=[1], layout=CFcf (0xf), const ndim=1
Mu { arr: [6103662699592453/14039346803474444, 4140633565665997/14039346803474444, 27772007741070529932959138756867/188976499059877244069655752374435, -2361572739134161/7019673401737222, -35255912419842333154494040884382/188976499059877244069655752374435, -600979644367695513888026754901329954541946008277/1253382878917567956217169495396851967518594018417, 3588379398393441/14039346803474444, -60999027159165946966191079727497/188976499059877244069655752374435, 663052020689458250501100885938988678176760852221/2506765757835135912434338990793703935037188036834, 2354963430525094579693812539653328424779544824747003078903703136/8878224256613513640032126534220917110992383126514330688224895553, -3419424994541539/14039346803474444, -64080274024056799101575566874753/188976499059877244069655752374435, 449234391522468346295955229707723078765536539487/1253382878917567956217169495396851967518594018417, 104671851629458684316550792646445189585630877552344337460816120/8878224256613513640032126534220917110992383126514330688224895553, -108320511145339947369231358149345598623936867109331916189701792272430589027575422/239505251358016235998641244006163625423164786170999722651277864462612362915382717, -550186755818261/3509836700868611, -83342988915745265278966415541736/188976499059877244069655752374435, -151375784998701556644730205270085033690643746706/1253382878917567956217169495396851967518594018417, -7355367590206006388095346089062831486744197871694051110236807959/17756448513227027280064253068441834221984766253028661376449791106, 105180118318755053156955746881561096067183446269153290896207726866565143965628690/239505251358016235998641244006163625423164786170999722651277864462612362915382717, 804308741179009946066767722604845011084057274499639611125607092300298252588605032449272330537845/2603891556814425469131206521489960282313769546351512785639059456082854020837940252611984198585273, -59691963355312/3509836700868611, -10665194975501932399448935351064/188976499059877244069655752374435, 357461701050758838070582742805460709008517230367/2506765757835135912434338990793703935037188036834, 8159802605551195166027574559980004526031814972190526232792220443/17756448513227027280064253068441834221984766253028661376449791106, -99835260976740935934399705076430596596379860066919010614003028316438207976269569/239505251358016235998641244006163625423164786170999722651277864462612362915382717, 536437034369616097528643420536905692504262312480209992615139639714127414647876029068594737598625/2603891556814425469131206521489960282313769546351512785639059456082854020837940252611984198585273, -30325862169911107411869889359249756014718059070017269897164791395913450347190035414232791523547421524707753673629/63084737612564031244736881766641744614443430119138559002340351084422348493431763825440632147574095455830546711393, 6939987334453017/14039346803474444, 50664187271189957132314073514231/188976499059877244069655752374435, 352623366662518310701040156999418168420302385707/2506765757835135912434338990793703935037188036834, -8795877987541408916601684636150450292877061574788221484958330927/17756448513227027280064253068441834221984766253028661376449791106, -103645877499572351313223174363680308936156669970763632977655109243097378465601755/239505251358016235998641244006163625423164786170999722651277864462612362915382717, -37075913032252432558460891250645766702122862204062728778098980277352334289232820552873925211414/2603891556814425469131206521489960282313769546351512785639059456082854020837940252611984198585273, -1210964792772729111363489408614212352149967175120258911321880730214999473869241417289844081664100331833854119777/4852672124043387018825913982049364970341802316856812230949257775724796037956289525033894780582622727371580516261, -191384983121730626714049076996653522923615438214639780520420088903132474675433568658006438575592648388777158072695365995208118208/606525807410663018148921318866493743537063984281164858290520671354013203239024245940604226359561803320266041486383552120311595929, 955192592451901/7019673401737222, 51629589962461488238865505533798/188976499059877244069655752374435, 76415722217677838058526334207676685085817460871/2506765757835135912434338990793703935037188036834, -3806505538417755416194306364102911298951396214616623006617791905/17756448513227027280064253068441834221984766253028661376449791106, 72843436839693485147038132857099144849405384543850336130040758733170550026325643/239505251358016235998641244006163625423164786170999722651277864462612362915382717, 735849179494553285017913343302003439937754223607293884425192957306770638266489492416778294405552/2603891556814425469131206521489960282313769546351512785639059456082854020837940252611984198585273, -2665642437383199914360232313485760266537193571864196049068234651707224721563929334520333042318832832667262108537/63084737612564031244736881766641744614443430119138559002340351084422348493431763825440632147574095455830546711393, 287812716632882781487677107382586743670225728167178276127303424273226397789775984472489919410146095831933121546559680659908217801/606525807410663018148921318866493743537063984281164858290520671354013203239024245940604226359561803320266041486383552120311595929, -2817142833721792538814167280969775867347169820980516917439692865684399475253961956196937157376629809153670090429725054891398090404303833196768012/6073918744278229605136818169779820008339049419549392858483836526027469744536010674985713083589723640390866763141266416754807744840609106399507461, 7013546832802731/14039346803474444, -81775331532834178813253329874759/188976499059877244069655752374435, -212346861512470450102143724120969761864279728543/2506765757835135912434338990793703935037188036834, -5184694734153507870424183348865430273355535823719053969734621879/17756448513227027280064253068441834221984766253028661376449791106, 71828219134325710257488588207513769175342953006523619681773101407872472849303423/239505251358016235998641244006163625423164786170999722651277864462612362915382717, -1122482867341522128618756137510294287014441127800304540676050201509609689472351278874980442197290/2603891556814425469131206521489960282313769546351512785639059456082854020837940252611984198585273, 13922741107086318674494466529838185672812711657016323399503839649698038891706057042659401606165135950363739032781/63084737612564031244736881766641744614443430119138559002340351084422348493431763825440632147574095455830546711393, 173418341043628005555470009452246456638445314363758914293553991193887214951949468774574607578071371511811119632495241934971027762/606525807410663018148921318866493743537063984281164858290520671354013203239024245940604226359561803320266041486383552120311595929, 1760030361053198618308222694846582372525041253861590152641294789379194941077870566743995538328881903713061672710284276696980682030019675960061948/6073918744278229605136818169779820008339049419549392858483836526027469744536010674985713083589723640390866763141266416754807744840609106399507461, 16339773043305359729939841792586047340252583674371786108592719252845285790264354731551633629409285359919397349688432105682807178328770776355514918481558333555573/49633694858903152260478899526247480493240964039748817809145414417732549569205446912841213312200468214130510122740604973347326089568733175532087335791103411257066, 85176842882511/3509836700868611, -23076719790685013086128437958152/188976499059877244069655752374435, 1134841790975186260703053317875107264561351295461/2506765757835135912434338990793703935037188036834, -1351566480152026715919388951489659212140494375301981839320495969/17756448513227027280064253068441834221984766253028661376449791106, 60448115610478605382434305681792085522537111536406560226708391250924220185048577/239505251358016235998641244006163625423164786170999722651277864462612362915382717, 1252036001109124564318368499435011889357989098589214489117647414307788934326999227969012104065636/2603891556814425469131206521489960282313769546351512785639059456082854020837940252611984198585273, 19720602499615640532313228638737452735202634046156401839759937286464691762955098261093083286226072971710152476163/63084737612564031244736881766641744614443430119138559002340351084422348493431763825440632147574095455830546711393, -119604471106570267410952963697344378089310172140354774252411256327832339233740071331254320562064827445886918853763022396658461616/606525807410663018148921318866493743537063984281164858290520671354013203239024245940604226359561803320266041486383552120311595929, -1332471735975644434256092226342692182030595810985777171229538743435728654992683871900253969523954023932462998528683782552949076316002191469553617/6073918744278229605136818169779820008339049419549392858483836526027469744536010674985713083589723640390866763141266416754807744840609106399507461, 9303453037616428186704130106801185673315557249971091227658861794506543387884969054986321609374416133851141325969113333112493487150249592662330497574264492416356/24816847429451576130239449763123740246620482019874408904572707208866274784602723456420606656100234107065255061370302486673663044784366587766043667895551705628533, 9689905662604783986829493984730054162337425316540451426862903949300168494916621424193900895238916762799731528798786676122974826285110124065956301414285184969791164546521824564/431183019169280915174301843759357577988051218997805163323713956719602424833498980537829295805265340417822726674124436290061101411411500760436878570526789609612292210873451950035, -152676754921479/7019673401737222, 10663095598557408216727701366514/37795299811975448813931150474887, 540440127992271461438694415081883815471075501215/2506765757835135912434338990793703935037188036834, -237835177481795043238610650810869373636412310314288796300253126/8878224256613513640032126534220917110992383126514330688224895553, 15472747295089308211822987401101582679961612918284315020410013979857673891413505/239505251358016235998641244006163625423164786170999722651277864462612362915382717, -627044110379721809276004632359112616042510315535054406390066177859804202600608174615866941465378/2603891556814425469131206521489960282313769546351512785639059456082854020837940252611984198585273, -13253721885047116937337535410507244537269436846608138723898838816620884879638737316326633790202691694194428045036/63084737612564031244736881766641744614443430119138559002340351084422348493431763825440632147574095455830546711393, 69496230821984716255503709784686793120580992600744051797110319741816081213568954994168380104651277643025984643159419161164379300/606525807410663018148921318866493743537063984281164858290520671354013203239024245940604226359561803320266041486383552120311595929, -674731514948698056989887970079736898407877027070051346136868203430464522888008291981917710522356745841648387208407623560171907128603484330593653/6073918744278229605136818169779820008339049419549392858483836526027469744536010674985713083589723640390866763141266416754807744840609106399507461, 4398674613736261326678924683712217655039736567501389603126573977369591917476258906795363675911114722362016024127674459651498445048262743590473938621424700820427/16544564952967717420159633175415826831080321346582939269715138139244183189735148970947071104066822738043503374246868324449108696522911058510695778597034470419022, -25337959306849023297273765957086795034291953543521514478984059165350993089982500108728700011063500969293780560607455008356931004637204606323730302848913318458870588432556100561/61597574167040130739185977679908225426864459856829309046244850959943203547642711505404185115037905773974675239160633755723014487344500108633839795789541372801756030124778850005, 1226752438632012542103551150809530499498575713774517902983785084960182143069398320166498020466328394617380348238893170943810500144416170044216949139469556293705377663167905667734012204348079763/3800820814404597900711763182479565133092737733339961299765250868740999084663001078575120955165637235013166267034569303228911861614197047725489217291490668621916218779410477230031173028404176769, -2708618436951297/7019673401737222, -17081182626374978082878711829082/188976499059877244069655752374435, -532423634964225664481048146195298045071532108189/2506765757835135912434338990793703935037188036834, 2248987266050245026385212562337948385811531613250169064469436429/8878224256613513640032126534220917110992383126514330688224895553, -100117238642367133645804912333238123533548980688315648860489651099753587786904599/239505251358016235998641244006163625423164786170999722651277864462612362915382717, -768183738967427770680477812518442444044239779568322553380401813870230182506659602818700620322196/2603891556814425469131206521489960282313769546351512785639059456082854020837940252611984198585273, -14965163657649740353879315688272176468145296390868904496595999257264745098600316607981351304443019830882614930992/63084737612564031244736881766641744614443430119138559002340351084422348493431763825440632147574095455830546711393, 104542796407768540564322279976102345245585362362996191811462026694299825642245882339802783298950317828643366629165033158007252237/606525807410663018148921318866493743537063984281164858290520671354013203239024245940604226359561803320266041486383552120311595929, 1768433878776374173905260822215749483877212881454662758193431842366651199758711514229691710836319971919017586447472204966448278864231858362570840/6073918744278229605136818169779820008339049419549392858483836526027469744536010674985713083589723640390866763141266416754807744840609106399507461, -10152410118065517751685262116304575965769241841600005559539476622817612323221501214591529619162465543260359041726690514437032181495874407721069689190610381106890/24816847429451576130239449763123740246620482019874408904572707208866274784602723456420606656100234107065255061370302486673663044784366587766043667895551705628533, -200667909449741319721577485364848753325826367490898596587470451253816615299769778237046621775053915235123349038246081790461039992615833354361877018229281920406459706740375809108/431183019169280915174301843759357577988051218997805163323713956719602424833498980537829295805265340417822726674124436290061101411411500760436878570526789609612292210873451950035, -843547675624396539845872196423029545324196195239237974144693956502819236169388310160924915450425763307593655369505129188448009711741914142235818543121573733646648010442139605057223546621060338/3800820814404597900711763182479565133092737733339961299765250868740999084663001078575120955165637235013166267034569303228911861614197047725489217291490668621916218779410477230031173028404176769, -16798638404953364504420762137232217827883851425728155557396531401004729654331184006382041544484988639441768624963014141896023639421638207509099050680554735768366560018551094064871070556446728252172852946761867/35756865981121442824515724602507823734227803588648793860860979928490347134932731573740357537607250018680132528580756556541785053444292780871100111783249541859611284349167836061018664671751642626767142775206026, 5492275126247367/14039346803474444, 88569615935793131880410833609109/188976499059877244069655752374435, 550582121626057152827840233198702413186152456824/1253382878917567956217169495396851967518594018417, 7258501796389332929771852870258387545771487202987502214724964521/17756448513227027280064253068441834221984766253028661376449791106, 18820330951324557470615055929179556530349113453823154829384022575542441028505354/239505251358016235998641244006163625423164786170999722651277864462612362915382717, -865324935989900563762897162707976818938963884067783838532441306740605530570020466049732003382499/2603891556814425469131206521489960282313769546351512785639059456082854020837940252611984198585273, 10567628890097070811883256274744722237590793906597558295823424213741820355066928045567402837632798658813509655203/63084737612564031244736881766641744614443430119138559002340351084422348493431763825440632147574095455830546711393, 290506214250501981207174099578890269427937714379088657746472024902950528435838497784507077824955396141934864099041335245108815930/606525807410663018148921318866493743537063984281164858290520671354013203239024245940604226359561803320266041486383552120311595929, 1515637176703152302682796620170544801617625254884157342647828842207198494352442608908333417659587205287184354022486845909655877961394702055958975/6073918744278229605136818169779820008339049419549392858483836526027469744536010674985713083589723640390866763141266416754807744840609106399507461, -6244038030041875386893631662745086080059829801206072482732982473380046297401360839411414662132123261869429145332551912915652525872697397681465200774569387500679/16544564952967717420159633175415826831080321346582939269715138139244183189735148970947071104066822738043503374246868324449108696522911058510695778597034470419022, 34029320014682475253820069932428942390191351913150428732490328481674026261891760168077553442603805849547623702779628322879560027989225645438849540779101149180705328529594840083/86236603833856183034860368751871515597610243799561032664742791343920484966699796107565859161053068083564545334824887258012220282282300152087375714105357921922458442174690390007, -1237298849371778779379167727025416234495406769899404618144416529805457442034677502413904712561495974457359523975408450930656181385726536938956774958260070336842678581931781045310308585130511520/3800820814404597900711763182479565133092737733339961299765250868740999084663001078575120955165637235013166267034569303228911861614197047725489217291490668621916218779410477230031173028404176769, -10203660371039195898783687383563984935484926067343003094154688099883003648777436406429182982408345794022081949098234095830595748529826498342315261660529678383117581826989060357430645006556766765808621924322053/35756865981121442824515724602507823734227803588648793860860979928490347134932731573740357537607250018680132528580756556541785053444292780871100111783249541859611284349167836061018664671751642626767142775206026, -92912600412291118300468047751549763235700230356155895211644371151089801301372706415128011991176939352549239083164812597460224916552044394559597208581720362166023735733370128199722351309068905638299278113844447571951153632879/316870382010027839406817336306033461573367064220952562021011291415633715392928644160258983330527839985928332864094750821673550459949843068174429934855210438873786948078844830724434272355050390048009727356066041338460713827009] }
(hist.len, cnt): (4623, 8873)
[(0, 1), (0, 1), (0, 1), (0, 1), (0, 1), (0, 1), (0, 1), (0, 1), (0, 1), (0, 1), (0, 1), (0, 1), (0, 1), (0, 1), (0, 1), (0, 1), (0, 1), (0, 1), (0, 1), (0, 1), (0, 1), (0, 1), (0, 1), (0, 1), (0, 1), (0, 1), (0, 1), (0, 1), (0, 1), (0, 1), (0, 1), (0, 1), (0, 1), (0, 1), (0, 1), (0, 1), (0, 1), (0, 1), (0, 1), (0, 1), (0, 1), (0, 1), (0, 1), (0, 1), (0, 1), (0, 1), (0, 1), (0, 1), (0, 1), (0, 1), (0, 1), (0, 1), (0, 1), (0, 1), (0, 1), (0, 1), (0, 1), (0, 1), (0, 1), (0, 1), (0, 1), (0, 1), (0, 1), (0, 1), (0, 1), (0, 1), (0, 1), (0, 1), (0, 1), (0, 1), (0, 1), (0, 1), (0, 1), (0, 1), (0, 1), (0, 1), (0, 1), (0, 1), (0, 1), (0, 1), (0, 1), (0, 1), (0, 1), (0, 1), (0, 1), (0, 1), (0, 1), (0, 1), (1, 2), (0, 1), (1, 2), (0, 1), (1, 2), (0, 1), (0, 1), (1, 2), (0, 1), (1, 2), (1, 2), (0, 1), (1, 2), (1, 2), (0, 1), (0, 1), (1, 2), (0, 1), (0, 1), (1, 2), (0, 1), (1, 2), (1, 2), (0, 1), (1, 2), (0, 1), (1, 2), (0, 1), (0, 1), (1, 2), (0, 1), (1, 2), (1, 2), (0, 1), (0, 1), (1, 2), (0, 1), (1, 2), (0, 1), (0, 1), (1, 2), (0, 1), (1, 2), (0, 1), (1, 2), (0, 1), (1, 2), (0, 1), (0, 1), (1, 2), (0, 1), (1, 2), (0, 1), (1, 2), (0, 1), (1, 2), (0, 1), (1, 2), (0, 1), (1, 2), (0, 1), (0, 1), (1, 2), (0, 1), (1, 2), (1, 2), (0, 1), (1, 2), (0, 1), (1, 2), (0, 1), (1, 2), (1, 2), (0, 1), (1, 2), (0, 1), (1, 2), (0, 1), (1, 2), (1, 2), (0, 1), (1, 2), (0, 1), (1, 2), (0, 1), (1, 2), (0, 1), (1, 2), (0, 1), (1, 2), (0, 1), (1, 2), (0, 1), (1, 2), (1, 2), (0, 1), (1, 2), (0, 1), (1, 2), (0, 1), (0, 1), (1, 2), (0, 1), (2, 3), (1, 2), (2, 3), (1, 2), (0, 1), (2, 3), (1, 2), (1, 2), (0, 1), (1, 2), (2, 3), (1, 2), (0, 1), (1, 2), (0, 1), (2, 3), (1, 2), (0, 1), (2, 3), (1, 2), (2, 3), (1, 2), (0, 1), (2, 3), (1, 2), (2, 3), (1, 2), (0, 1), (2, 3), (1, 2), (0, 1), (1, 2), (2, 3), (1, 2), (0, 1), (1, 2), (0, 1), (1, 2), (2, 3), (1, 2), (0, 1), (2, 3), (1, 2), (0, 1), (1, 2), (2, 3), (1, 2), (0, 1), (2, 3), (1, 2), (2, 3), (1, 2), (2, 3), (1, 2), (0, 1), (1, 2), (2, 3), (1, 2), (0, 1), (2, 3), (2, 3), (1, 2), (1, 2), (0, 1), (1, 2), (2, 3), (1, 2), (0, 1), (2, 3), (1, 2), (0, 1), (1, 2), (0, 1), (2, 3), (1, 2), (0, 1), (2, 3), (1, 2), (0, 1), (2, 3), (1, 2), (0, 1), (2, 3), (1, 2), (0, 1), (2, 3), (1, 2), (2, 3), (1, 2), (0, 1), (2, 3), (1, 2), (2, 3), (1, 2), (2, 3), (1, 2), (0, 1), (1, 2), (2, 3), (1, 2), (0, 1), (1, 2), (2, 3), (1, 2), (0, 1), (2, 3), (1, 2), (0, 1), (1, 2), (2, 3), (1, 2), (1, 2), (0, 1), (2, 3), (1, 2), (0, 1), (2, 3), (1, 2), (0, 1), (1, 2), (2, 3), (1, 2), (0, 1), (1, 2), (2, 3), (1, 2), (0, 1), (1, 2), (0, 1), (2, 3), (1, 2), (0, 1), (2, 3), (1, 2), (0, 1), (1, 2), (2, 3), (1, 2), (0, 1), (1, 2), (0, 1), (1, 2), (3, 4), (2, 3), (1, 2), (0, 1), (1, 2), (3, 4), (2, 3), (1, 2), (0, 1), (3, 4), (2, 3), (1, 2), (0, 1), (2, 3), (1, 2), (0, 1), (3, 4), (2, 3), (1, 2), (3, 4), (2, 3), (1, 2), (0, 1), (2, 3), (1, 2), (0, 1), (1, 2), (0, 1), (3, 4), (2, 3), (1, 2), (0, 1), (1, 2), (3, 4), (2, 3), (1, 2), (0, 1), (2, 3), (3, 4), (2, 3), (1, 2), (3, 4), (2, 3), (1, 2), (0, 1), (1, 2), (2, 3), (3, 4), (2, 3), (1, 2), (0, 1), (3, 4), (2, 3), (2, 3), (1, 2), (0, 1), (3, 4), (2, 3), (1, 2), (0, 1), (1, 2), (3, 4), (2, 3), (1, 2), (0, 1), (3, 4), (2, 3), (1, 2), (2, 3), (1, 2), (0, 1), (3, 4), (2, 3), (1, 2), (3, 4), (2, 3), (1, 2), (0, 1), (3, 4), (2, 3), (1, 2), (3, 4), (2, 3), (1, 2), (3, 4), (2, 3), (1, 2), (0, 1), (2, 3), (1, 2), (3, 4), (2, 3), (1, 2), (3, 4), (2, 3), (1, 2), (2, 3), (3, 4), (2, 3), (1, 2), (0, 1), (2, 3), (3, 4), (2, 3), (1, 2), (0, 1), (3, 4), (2, 3), (1, 2), (2, 3), (1, 2), (0, 1), (2, 3), (1, 2), (3, 4), (2, 3), (1, 2), (0, 1), (2, 3), (1, 2), (3, 4), (2, 3), (1, 2), (0, 1), (2, 3), (1, 2), (0, 1), (1, 2), (0, 1), (1, 2), (3, 4), (2, 3), (1, 2), (0, 1), (2, 3), (3, 4), (2, 3), (1, 2), (0, 1), (1, 2), (2, 3), (1, 2), (0, 1), (3, 4), (2, 3), (1, 2), (3, 4), (2, 3), (1, 2), (0, 1), (1, 2), (2, 3), (1, 2), (3, 4), (2, 3), (1, 2), (0, 1), (2, 3), (1, 2), (3, 4), (2, 3), (1, 2), (0, 1), (3, 4), (2, 3), (1, 2), (0, 1), (4, 5), (3, 4), (2, 3), (1, 2), (3, 4), (2, 3), (1, 2), (4, 5), (3, 4), (2, 3), (1, 2), (3, 4), (2, 3), (4, 5), (3, 4), (2, 3), (1, 2), (0, 1), (4, 5), (3, 4), (2, 3), (1, 2), (0, 1), (1, 2), (2, 3), (4, 5), (3, 4), (2, 3), (1, 2), (0, 1), (2, 3), (3, 4), (2, 3), (4, 5), (3, 4), (2, 3), (1, 2), (0, 1), (3, 4), (2, 3), (3, 4), (4, 5), (3, 4), (2, 3), (1, 2), (0, 1), (3, 4), (2, 3), (1, 2), (0, 1), (4, 5), (3, 4), (2, 3), (1, 2), (4, 5), (3, 4), (2, 3), (1, 2), (0, 1), (1, 2), (3, 4), (2, 3), (1, 2), (0, 1), (0, 1), (3, 4), (2, 3), (3, 4), (2, 3), (1, 2), (0, 1), (4, 5), (3, 4), (2, 3), (4, 5), (3, 4), (2, 3), (1, 2), (0, 1), (4, 5), (3, 4), (2, 3), (1, 2), (3, 4), (4, 5), (3, 4), (2, 3), (1, 2), (0, 1), (4, 5), (3, 4), (2, 3), (1, 2), (0, 1), (4, 5), (3, 4), (2, 3), (3, 4), (2, 3), (1, 2), (0, 1), (3, 4), (2, 3), (4, 5), (3, 4), (2, 3), (1, 2), (3, 4), (2, 3), (1, 2), (0, 1), (2, 3), (4, 5), (3, 4), (2, 3), (1, 2), (0, 1), (3, 4), (2, 3), (1, 2), (0, 1), (4, 5), (3, 4), (2, 3), (1, 2), (0, 1), (3, 4), (4, 5), (3, 4), (2, 3), (1, 2), (4, 5), (3, 4), (2, 3), (1, 2), (0, 1), (2, 3), (1, 2), (3, 4), (2, 3), (4, 5), (3, 4), (2, 3), (1, 2), (0, 1), (3, 4), (2, 3), (1, 2), (0, 1), (2, 3), (5, 6), (4, 5), (5, 6), (4, 5), (3, 4), (2, 3), (1, 2), (0, 1), (2, 3), (1, 2), (3, 4), (2, 3), (1, 2), (0, 1), (5, 6), (4, 5), (3, 4), (2, 3), (4, 5), (5, 6), (4, 5), (3, 4), (2, 3), (1, 2), (0, 1), (3, 4), (4, 5), (3, 4), (2, 3), (1, 2), (4, 5), (3, 4), (5, 6), (4, 5), (3, 4), (2, 3), (1, 2), (0, 1), (3, 4), (2, 3), (1, 2), (4, 5), (3, 4), (2, 3), (1, 2), (0, 1), (3, 4), (2, 3), (1, 2), (0, 1), (4, 5), (3, 4), (5, 6), (4, 5), (3, 4), (2, 3), (4, 5), (5, 6), (4, 5), (3, 4), (2, 3), (1, 2), (0, 1), (2, 3), (1, 2), (0, 1), (3, 4), (2, 3), (1, 2), (0, 1), (2, 3), (4, 5), (5, 6), (4, 5), (3, 4), (2, 3), (1, 2), (0, 1), (1, 2), (3, 4), (5, 6), (4, 5), (3, 4), (2, 3), (1, 2), (0, 1), (3, 4), (2, 3), (1, 2), (0, 1), (4, 5), (3, 4), (2, 3), (1, 2), (0, 1), (2, 3), (3, 4), (2, 3), (1, 2), (0, 1), (1, 2), (3, 4), (5, 6), (4, 5), (3, 4), (2, 3), (1, 2), (4, 5), (5, 6), (4, 5), (3, 4), (2, 3), (1, 2), (0, 1), (2, 3), (1, 2), (4, 5), (3, 4), (5, 6), (4, 5), (5, 6), (4, 5), (3, 4), (2, 3), (1, 2), (0, 1), (3, 4), (2, 3), (5, 6), (4, 5), (3, 4), (2, 3), (1, 2), (0, 1), (1, 2), (3, 4), (2, 3), (1, 2), (0, 1), (2, 3), (4, 5), (5, 6), (4, 5), (3, 4), (2, 3), (1, 2), (0, 1), (1, 2), (4, 5), (3, 4), (2, 3), (4, 5), (3, 4), (2, 3), (1, 2), (0, 1), (1, 2), (2, 3), (1, 2), (2, 3), (4, 5), (5, 6), (4, 5), (3, 4), (2, 3), (1, 2), (0, 1), (5, 6), (4, 5), (3, 4), (2, 3), (1, 2), (0, 1), (2, 3), (4, 5), (3, 4), (2, 3), (1, 2), (0, 1), (1, 2), (0, 1), (2, 3), (1, 2), (3, 4), (2, 3), (1, 2), (0, 1), (5, 6), (4, 5), (3, 4), (2, 3), (1, 2), (3, 4), (2, 3), (1, 2), (2, 3), (4, 5), (3, 4), (2, 3), (1, 2), (0, 1), (3, 4), (5, 6), (4, 5), (3, 4), (2, 3), (1, 2), (0, 1), (1, 2), (2, 3), (1, 2), (3, 4), (2, 3), (1, 2), (0, 1), (2, 3), (3, 4), (5, 6), (4, 5), (3, 4), (2, 3), (1, 2), (0, 1), (4, 5), (3, 4), (5, 6), (4, 5), (3, 4), (2, 3), (1, 2), (0, 1), (4, 5), (3, 4), (2, 3), (1, 2), (4, 5), (5, 6), (4, 5), (3, 4), (2, 3), (1, 2), (0, 1), (2, 3), (5, 6), (4, 5), (6, 7), (5, 6), (4, 5), (3, 4), (2, 3), (1, 2), (0, 1), (3, 4), (5, 6), (4, 5), (3, 4), (2, 3), (1, 2), (0, 1), (1, 2), (5, 6), (4, 5), (3, 4), (6, 7), (5, 6), (4, 5), (3, 4), (2, 3), (1, 2), (0, 1), (2, 3), (4, 5), (5, 6), (4, 5), (3, 4), (2, 3), (1, 2), (0, 1), (2, 3), (3, 4), (2, 3), (1, 2), (0, 1), (1, 2), (5, 6), (4, 5), (6, 7), (5, 6), (4, 5), (3, 4), (2, 3), (1, 2), (0, 1), (1, 2), (0, 1), (6, 7), (5, 6), (4, 5), (3, 4), (6, 7), (5, 6), (4, 5), (3, 4), (2, 3), (1, 2), (2, 3), (4, 5), (3, 4), (5, 6), (4, 5), (3, 4), (2, 3), (1, 2), (4, 5), (6, 7), (5, 6), (4, 5), (3, 4), (2, 3), (1, 2), (0, 1), (2, 3), (1, 2), (5, 6), (4, 5), (3, 4), (2, 3), (1, 2), (4, 5), (3, 4), (2, 3), (3, 4), (5, 6), (6, 7), (5, 6), (4, 5), (3, 4), (2, 3), (1, 2), (0, 1), (2, 3), (1, 2), (2, 3), (5, 6), (6, 7), (5, 6), (4, 5), (3, 4), (2, 3), (1, 2), (0, 1), (1, 2), (5, 6), (4, 5), (3, 4), (6, 7), (5, 6), (4, 5), (3, 4), (2, 3), (1, 2), (0, 1), (4, 5), (3, 4), (2, 3), (1, 2), (6, 7), (5, 6), (4, 5), (3, 4), (2, 3), (1, 2), (0, 1), (2, 3), (4, 5), (3, 4), (4, 5), (5, 6), (4, 5), (3, 4), (2, 3), (1, 2), (0, 1), (4, 5), (3, 4), (2, 3), (4, 5), (5, 6), (4, 5), (6, 7), (5, 6), (4, 5), (3, 4), (2, 3), (1, 2), (0, 1), (1, 2), (0, 1), (5, 6), (4, 5), (3, 4), (6, 7), (5, 6), (4, 5), (3, 4), (2, 3), (1, 2), (0, 1), (1, 2), (4, 5), (3, 4), (6, 7), (5, 6), (4, 5), (3, 4), (2, 3), (1, 2), (0, 1), (5, 6), (4, 5), (3, 4), (2, 3), (1, 2), (0, 1), (2, 3), (1, 2), (4, 5), (5, 6), (4, 5), (6, 7), (5, 6), (4, 5), (3, 4), (6, 7), (5, 6), (4, 5), (3, 4), (2, 3), (1, 2), (2, 3), (3, 4), (5, 6), (4, 5), (3, 4), (6, 7), (5, 6), (4, 5), (3, 4), (2, 3), (1, 2), (4, 5), (6, 7), (5, 6), (4, 5), (3, 4), (2, 3), (1, 2), (0, 1), (3, 4), (2, 3), (6, 7), (5, 6), (4, 5), (3, 4), (2, 3), (1, 2), (0, 1), (1, 2), (6, 7), (5, 6), (4, 5), (3, 4), (2, 3), (1, 2), (3, 4), (2, 3), (5, 6), (4, 5), (3, 4), (2, 3), (6, 7), (5, 6), (4, 5), (3, 4), (2, 3), (1, 2), (0, 1), (1, 2), (4, 5), (3, 4), (6, 7), (5, 6), (4, 5), (3, 4), (2, 3), (1, 2), (3, 4), (2, 3), (3, 4), (2, 3), (4, 5), (3, 4), (2, 3), (3, 4), (2, 3), (5, 6), (4, 5), (3, 4), (2, 3), (1, 2), (2, 3), (6, 7), (5, 6), (4, 5), (3, 4), (2, 3), (1, 2), (0, 1), (3, 4), (2, 3), (1, 2), (4, 5), (3, 4), (2, 3), (6, 7), (5, 6), (4, 5), (3, 4), (2, 3), (1, 2), (4, 5), (3, 4), (5, 6), (4, 5), (3, 4), (6, 7), (5, 6), (4, 5), (3, 4), (2, 3), (1, 2), (0, 1), (4, 5), (3, 4), (2, 3), (6, 7), (5, 6), (4, 5), (6, 7), (7, 8), (6, 7), (5, 6), (4, 5), (3, 4), (2, 3), (1, 2), (0, 1), (6, 7), (5, 6), (4, 5), (7, 8), (6, 7), (5, 6), (4, 5), (3, 4), (2, 3), (1, 2), (0, 1), (4, 5), (3, 4), (5, 6), (4, 5), (3, 4), (6, 7), (5, 6), (4, 5), (3, 4), (7, 8), (6, 7), (5, 6), (4, 5), (3, 4), (2, 3), (1, 2), (0, 1), (3, 4), (2, 3), (4, 5), (5, 6), (4, 5), (3, 4), (2, 3), (1, 2), (4, 5), (6, 7), (7, 8), (6, 7), (5, 6), (4, 5), (3, 4), (2, 3), (1, 2), (4, 5), (3, 4), (5, 6), (4, 5), (3, 4), (2, 3), (1, 2), (0, 1), (4, 5), (6, 7), (7, 8), (6, 7), (5, 6), (4, 5), (3, 4), (2, 3), (1, 2), (0, 1), (2, 3), (6, 7), (5, 6), (4, 5), (3, 4), (2, 3), (4, 5), (6, 7), (7, 8), (6, 7), (5, 6), (4, 5), (3, 4), (2, 3), (1, 2), (4, 5), (3, 4), (2, 3), (4, 5), (6, 7), (5, 6), (4, 5), (3, 4), (2, 3), (1, 2), (4, 5), (5, 6), (4, 5), (3, 4), (6, 7), (5, 6), (6, 7), (7, 8), (6, 7), (5, 6), (4, 5), (3, 4), (2, 3), (1, 2), (4, 5), (5, 6), (4, 5), (3, 4), (4, 5), (6, 7), (5, 6), (4, 5), (5, 6), (6, 7), (5, 6), (6, 7), (7, 8), (6, 7), (5, 6), (4, 5), (3, 4), (2, 3), (1, 2), (0, 1), (3, 4), (2, 3), (1, 2), (5, 6), (4, 5), (3, 4), (2, 3), (1, 2), (0, 1), (3, 4), (7, 8), (6, 7), (5, 6), (4, 5), (3, 4), (2, 3), (1, 2), (0, 1), (1, 2), (4, 5), (5, 6), (4, 5), (3, 4), (2, 3), (1, 2), (0, 1), (4, 5), (5, 6), (4, 5), (3, 4), (2, 3), (1, 2), (0, 1), (1, 2), (4, 5), (3, 4), (6, 7), (5, 6), (4, 5), (3, 4), (4, 5), (3, 4), (5, 6), (4, 5), (3, 4), (6, 7), (5, 6), (4, 5), (3, 4), (2, 3), (1, 2), (0, 1), (1, 2), (4, 5), (3, 4), (4, 5), (5, 6), (4, 5), (3, 4), (2, 3), (4, 5), (3, 4), (7, 8), (6, 7), (5, 6), (4, 5), (3, 4), (2, 3), (1, 2), (0, 1), (2, 3), (3, 4), (2, 3), (4, 5), (6, 7), (7, 8), (6, 7), (5, 6), (4, 5), (3, 4), (2, 3), (1, 2), (0, 1), (4, 5), (3, 4), (2, 3), (5, 6), (4, 5), (3, 4), (2, 3), (1, 2), (3, 4), (4, 5), (3, 4), (4, 5), (7, 8), (6, 7), (5, 6), (4, 5), (3, 4), (2, 3), (1, 2), (0, 1), (2, 3), (5, 6), (4, 5), (3, 4), (2, 3), (1, 2), (2, 3), (5, 6), (6, 7), (5, 6), (4, 5), (3, 4), (6, 7), (7, 8), (6, 7), (5, 6), (4, 5), (3, 4), (2, 3), (1, 2), (0, 1), (2, 3), (1, 2), (3, 4), (6, 7), (5, 6), (4, 5), (3, 4), (5, 6), (7, 8), (6, 7), (5, 6), (4, 5), (5, 6), (6, 7), (7, 8), (6, 7), (5, 6), (4, 5), (3, 4), (2, 3), (1, 2), (3, 4), (4, 5), (3, 4), (5, 6), (4, 5), (6, 7), (5, 6), (4, 5), (3, 4), (2, 3), (1, 2), (0, 1), (2, 3), (1, 2), (4, 5), (6, 7), (5, 6), (7, 8), (6, 7), (5, 6), (4, 5), (3, 4), (2, 3), (1, 2), (0, 1), (4, 5), (3, 4), (5, 6), (4, 5), (6, 7), (7, 8), (6, 7), (5, 6), (4, 5), (3, 4), (2, 3), (1, 2), (0, 1), (4, 5), (3, 4), (5, 6), (4, 5), (3, 4), (2, 3), (1, 2), (0, 1), (3, 4), (4, 5), (3, 4), (4, 5), (6, 7), (5, 6), (4, 5), (3, 4), (2, 3), (1, 2), (7, 8), (6, 7), (5, 6), (4, 5), (3, 4), (5, 6), (7, 8), (8, 9), (7, 8), (6, 7), (5, 6), (4, 5), (3, 4), (2, 3), (1, 2), (0, 1), (1, 2), (4, 5), (3, 4), (2, 3), (1, 2), (6, 7), (5, 6), (4, 5), (5, 6), (4, 5), (7, 8), (6, 7), (5, 6), (4, 5), (3, 4), (2, 3), (1, 2), (0, 1), (1, 2), (4, 5), (3, 4), (7, 8), (6, 7), (5, 6), (4, 5), (3, 4), (2, 3), (1, 2), (3, 4), (6, 7), (8, 9), (7, 8), (6, 7), (5, 6), (4, 5), (3, 4), (4, 5), (5, 6), (6, 7), (8, 9), (7, 8), (6, 7), (5, 6), (4, 5), (3, 4), (2, 3), (1, 2), (2, 3), (3, 4), (4, 5), (6, 7), (5, 6), (4, 5), (3, 4), (8, 9), (7, 8), (6, 7), (5, 6), (4, 5), (3, 4), (2, 3), (1, 2), (0, 1), (1, 2), (4, 5), (6, 7), (5, 6), (4, 5), (3, 4), (2, 3), (1, 2), (3, 4), (5, 6), (7, 8), (6, 7), (5, 6), (4, 5), (3, 4), (4, 5), (7, 8), (8, 9), (7, 8), (6, 7), (5, 6), (4, 5), (3, 4), (2, 3), (1, 2), (3, 4), (5, 6), (4, 5), (6, 7), (5, 6), (7, 8), (6, 7), (5, 6), (4, 5), (3, 4), (2, 3), (1, 2), (4, 5), (3, 4), (4, 5), (3, 4), (6, 7), (5, 6), (8, 9), (7, 8), (6, 7), (5, 6), (4, 5), (3, 4), (2, 3), (1, 2), (0, 1), (2, 3), (8, 9), (7, 8), (6, 7), (5, 6), (4, 5), (3, 4), (2, 3), (1, 2), (0, 1), (4, 5), (3, 4), (4, 5), (5, 6), (4, 5), (3, 4), (2, 3), (1, 2), (7, 8), (6, 7), (5, 6), (4, 5), (3, 4), (2, 3), (1, 2), (5, 6), (8, 9), (7, 8), (6, 7), (5, 6), (4, 5), (3, 4), (2, 3), (4, 5), (5, 6), (4, 5), (3, 4), (4, 5), (6, 7), (7, 8), (8, 9), (7, 8), (6, 7), (5, 6), (4, 5), (3, 4), (2, 3), (1, 2), (4, 5), (5, 6), (4, 5), (3, 4), (2, 3), (7, 8), (6, 7), (5, 6), (4, 5), (3, 4), (2, 3), (1, 2), (5, 6), (8, 9), (7, 8), (6, 7), (5, 6), (4, 5), (3, 4), (2, 3), (1, 2), (0, 1), (1, 2), (7, 8), (6, 7), (5, 6), (4, 5), (3, 4), (2, 3), (1, 2), (4, 5), (3, 4), (4, 5), (6, 7), (7, 8), (8, 9), (7, 8), (6, 7), (5, 6), (4, 5), (3, 4), (2, 3), (1, 2), (2, 3), (3, 4), (2, 3), (7, 8), (6, 7), (5, 6), (7, 8), (8, 9), (7, 8), (6, 7), (5, 6), (4, 5), (3, 4), (2, 3), (1, 2), (3, 4), (4, 5), (3, 4), (2, 3), (1, 2), (8, 9), (7, 8), (6, 7), (5, 6), (4, 5), (3, 4), (2, 3), (1, 2), (0, 1), (2, 3), (3, 4), (2, 3), (3, 4), (6, 7), (8, 9), (7, 8), (6, 7), (5, 6), (4, 5), (3, 4), (2, 3), (1, 2), (0, 1), (1, 2), (3, 4), (2, 3), (1, 2), (2, 3), (3, 4), (2, 3), (3, 4), (6, 7), (5, 6), (4, 5), (3, 4), (2, 3), (1, 2), (0, 1), (1, 2), (0, 1), (4, 5), (3, 4), (4, 5), (5, 6), (4, 5), (3, 4), (4, 5), (6, 7), (5, 6), (4, 5), (3, 4), (8, 9), (7, 8), (6, 7), (5, 6), (4, 5), (3, 4), (2, 3), (3, 4), (2, 3), (1, 2), (6, 7), (5, 6), (6, 7), (7, 8), (6, 7), (5, 6), (4, 5), (8, 9), (7, 8), (6, 7), (5, 6), (4, 5), (3, 4), (2, 3), (1, 2), (0, 1), (1, 2), (2, 3), (5, 6), (4, 5), (3, 4), (2, 3), (1, 2), (5, 6), (7, 8), (8, 9), (7, 8), (6, 7), (5, 6), (4, 5), (3, 4), (2, 3), (4, 5), (6, 7), (5, 6), (7, 8), (8, 9), (7, 8), (6, 7), (5, 6), (4, 5), (5, 6), (4, 5), (3, 4), (6, 7), (5, 6), (6, 7), (7, 8), (6, 7), (5, 6), (4, 5), (3, 4), (2, 3), (1, 2), (0, 1), (2, 3), (4, 5), (5, 6), (4, 5), (3, 4), (4, 5), (6, 7), (5, 6), (4, 5), (3, 4), (2, 3), (4, 5), (7, 8), (9, 10), (8, 9), (7, 8), (6, 7), (5, 6), (4, 5), (3, 4), (8, 9), (9, 10), (8, 9), (7, 8), (6, 7), (5, 6), (4, 5), (3, 4), (2, 3), (1, 2), (4, 5), (5, 6), (4, 5), (3, 4), (2, 3), (1, 2), (5, 6), (7, 8), (6, 7), (8, 9), (7, 8), (6, 7), (5, 6), (4, 5), (3, 4), (2, 3), (1, 2), (0, 1), (3, 4), (2, 3), (1, 2), (3, 4), (7, 8), (6, 7), (5, 6), (4, 5), (3, 4), (2, 3), (1, 2), (4, 5), (3, 4), (4, 5), (5, 6), (4, 5), (7, 8), (6, 7), (5, 6), (4, 5), (3, 4), (2, 3), (1, 2), (7, 8), (6, 7), (5, 6), (4, 5), (8, 9), (7, 8), (6, 7), (5, 6), (4, 5), (3, 4), (4, 5), (8, 9), (7, 8), (6, 7), (5, 6), (4, 5), (7, 8), (9, 10), (8, 9), (7, 8), (6, 7), (5, 6), (4, 5), (3, 4), (2, 3), (1, 2), (0, 1), (5, 6), (7, 8), (8, 9), (7, 8), (6, 7), (9, 10), (8, 9), (7, 8), (6, 7), (5, 6), (4, 5), (3, 4), (2, 3), (4, 5), (8, 9), (7, 8), (6, 7), (5, 6), (4, 5), (3, 4), (9, 10), (8, 9), (7, 8), (6, 7), (5, 6), (4, 5), (3, 4), (2, 3), (3, 4), (5, 6), (7, 8), (9, 10), (8, 9), (7, 8), (6, 7), (5, 6), (4, 5), (3, 4), (4, 5), (5, 6), (6, 7), (7, 8), (8, 9), (7, 8), (6, 7), (5, 6), (4, 5), (3, 4), (6, 7), (8, 9), (7, 8), (9, 10), (8, 9), (7, 8), (6, 7), (5, 6), (4, 5), (3, 4), (2, 3), (1, 2), (4, 5), (3, 4), (2, 3), (1, 2), (0, 1), (5, 6), (6, 7), (5, 6), (4, 5), (3, 4), (2, 3), (1, 2), (4, 5), (7, 8), (6, 7), (5, 6), (4, 5), (3, 4), (2, 3), (1, 2), (8, 9), (7, 8), (6, 7), (5, 6), (4, 5), (3, 4), (2, 3), (1, 2), (2, 3), (5, 6), (4, 5), (5, 6), (6, 7), (5, 6), (4, 5), (7, 8), (6, 7), (5, 6), (4, 5), (8, 9), (7, 8), (9, 10), (8, 9), (7, 8), (6, 7), (5, 6), (4, 5), (3, 4), (2, 3), (1, 2), (3, 4), (4, 5), (3, 4), (2, 3), (1, 2), (0, 1), (5, 6), (6, 7), (7, 8), (6, 7), (5, 6), (4, 5), (6, 7), (7, 8), (6, 7), (5, 6), (9, 10), (8, 9), (7, 8), (6, 7), (5, 6), (4, 5), (3, 4), (2, 3), (1, 2), (6, 7), (5, 6), (4, 5), (3, 4), (4, 5), (7, 8), (6, 7), (8, 9), (7, 8), (6, 7), (5, 6), (4, 5), (3, 4), (2, 3), (1, 2), (0, 1), (6, 7), (5, 6), (4, 5), (6, 7), (8, 9), (7, 8), (6, 7), (5, 6), (9, 10), (8, 9), (7, 8), (6, 7), (5, 6), (4, 5), (3, 4), (2, 3), (5, 6), (6, 7), (5, 6), (4, 5), (3, 4), (5, 6), (6, 7), (5, 6), (4, 5), (3, 4), (9, 10), (8, 9), (7, 8), (6, 7), (5, 6), (4, 5), (3, 4), (5, 6), (8, 9), (9, 10), (8, 9), (7, 8), (6, 7), (5, 6), (4, 5), (3, 4), (2, 3), (1, 2), (0, 1), (3, 4), (2, 3), (4, 5), (3, 4), (2, 3), (8, 9), (7, 8), (6, 7), (5, 6), (4, 5), (3, 4), (5, 6), (6, 7), (5, 6), (4, 5), (3, 4), (2, 3), (3, 4), (5, 6), (6, 7), (9, 10), (8, 9), (7, 8), (6, 7), (5, 6), (4, 5), (3, 4), (2, 3), (1, 2), (0, 1), (1, 2), (0, 1), (3, 4), (2, 3), (1, 2), (0, 1), (4, 5), (7, 8), (8, 9), (7, 8), (9, 10), (8, 9), (7, 8), (6, 7), (5, 6), (4, 5), (3, 4), (4, 5), (5, 6), (4, 5), (5, 6), (6, 7), (5, 6), (7, 8), (6, 7), (5, 6), (7, 8), (8, 9), (7, 8), (6, 7), (8, 9), (9, 10), (8, 9), (7, 8), (6, 7), (5, 6), (4, 5), (3, 4), (2, 3), (1, 2), (0, 1), (1, 2), (2, 3), (1, 2), (3, 4), (2, 3), (1, 2), (4, 5), (3, 4), (5, 6), (4, 5), (3, 4), (2, 3), (1, 2), (0, 1), (5, 6), (6, 7), (5, 6), (4, 5), (6, 7), (7, 8), (6, 7), (5, 6), (4, 5), (3, 4), (2, 3), (1, 2), (0, 1), (2, 3), (5, 6), (4, 5), (7, 8), (6, 7), (8, 9), (7, 8), (6, 7), (5, 6), (4, 5), (3, 4), (2, 3), (1, 2), (0, 1), (5, 6), (6, 7), (5, 6), (4, 5), (7, 8), (6, 7), (5, 6), (4, 5), (3, 4), (4, 5), (3, 4), (6, 7), (7, 8), (8, 9), (9, 10), (8, 9), (7, 8), (6, 7), (5, 6), (4, 5), (3, 4), (2, 3), (1, 2), (3, 4), (2, 3), (3, 4), (4, 5), (5, 6), (4, 5), (3, 4), (2, 3), (1, 2), (6, 7), (5, 6), (4, 5), (3, 4), (2, 3), (4, 5), (6, 7), (5, 6), (4, 5), (9, 10), (8, 9), (7, 8), (6, 7), (5, 6), (9, 10), (8, 9), (7, 8), (6, 7), (10, 11), (9, 10), (8, 9), (7, 8), (6, 7), (5, 6), (4, 5), (3, 4), (2, 3), (1, 2), (3, 4), (6, 7), (5, 6), (4, 5), (3, 4), (7, 8), (6, 7), (5, 6), (4, 5), (5, 6), (9, 10), (8, 9), (7, 8), (6, 7), (5, 6), (4, 5), (3, 4), (2, 3), (10, 11), (9, 10), (8, 9), (7, 8), (6, 7), (5, 6), (4, 5), (3, 4), (2, 3), (5, 6), (4, 5), (5, 6), (7, 8), (6, 7), (9, 10), (8, 9), (7, 8), (10, 11), (9, 10), (8, 9), (7, 8), (6, 7), (5, 6), (4, 5), (3, 4), (2, 3), (1, 2), (0, 1), (2, 3), (1, 2), (7, 8), (9, 10), (8, 9), (7, 8), (6, 7), (5, 6), (4, 5), (3, 4), (7, 8), (6, 7), (7, 8), (8, 9), (7, 8), (6, 7), (5, 6), (4, 5), (3, 4), (2, 3), (1, 2), (0, 1), (3, 4), (2, 3), (4, 5), (3, 4), (2, 3), (8, 9), (9, 10), (8, 9), (7, 8), (6, 7), (5, 6), (4, 5), (3, 4), (2, 3), (1, 2), (0, 1), (8, 9), (7, 8), (6, 7), (5, 6), (4, 5), (3, 4), (2, 3), (8, 9), (7, 8), (6, 7), (5, 6), (4, 5), (5, 6), (6, 7), (7, 8), (8, 9), (9, 10), (8, 9), (7, 8), (6, 7), (5, 6), (4, 5), (3, 4), (2, 3), (6, 7), (5, 6), (6, 7), (5, 6), (4, 5), (8, 9), (7, 8), (6, 7), (9, 10), (8, 9), (7, 8), (6, 7), (5, 6), (7, 8), (8, 9), (7, 8), (6, 7), (5, 6), (4, 5), (3, 4), (2, 3), (3, 4), (9, 10), (8, 9), (7, 8), (6, 7), (5, 6), (4, 5), (3, 4), (2, 3), (10, 11), (9, 10), (8, 9), (7, 8), (6, 7), (5, 6), (4, 5), (3, 4), (2, 3), (1, 2), (0, 1), (1, 2), (2, 3), (1, 2), (4, 5), (3, 4), (2, 3), (1, 2), (0, 1), (4, 5), (3, 4), (2, 3), (7, 8), (6, 7), (5, 6), (4, 5), (3, 4), (2, 3), (1, 2), (7, 8), (6, 7), (8, 9), (7, 8), (6, 7), (5, 6), (4, 5), (3, 4), (2, 3), (1, 2), (0, 1), (1, 2), (4, 5), (7, 8), (9, 10), (8, 9), (7, 8), (6, 7), (5, 6), (4, 5), (3, 4), (2, 3), (3, 4), (4, 5), (8, 9), (7, 8), (9, 10), (8, 9), (10, 11), (9, 10), (8, 9), (7, 8), (6, 7), (5, 6), (4, 5), (6, 7), (5, 6), (7, 8), (6, 7), (5, 6), (4, 5), (3, 4), (2, 3), (1, 2), (5, 6), (9, 10), (8, 9), (7, 8), (6, 7), (5, 6), (4, 5), (3, 4), (2, 3), (4, 5), (3, 4), (5, 6), (6, 7), (10, 11), (9, 10), (8, 9), (7, 8), (6, 7), (5, 6), (4, 5), (3, 4), (2, 3), (1, 2), (0, 1), (3, 4), (6, 7), (8, 9), (7, 8), (6, 7), (9, 10), (8, 9), (7, 8), (6, 7), (5, 6), (4, 5), (3, 4), (2, 3), (1, 2), (0, 1), (9, 10), (8, 9), (7, 8), (6, 7), (10, 11), (9, 10), (8, 9), (7, 8), (6, 7), (5, 6), (4, 5), (3, 4), (2, 3), (1, 2), (2, 3), (9, 10), (8, 9), (7, 8), (6, 7), (5, 6), (4, 5), (3, 4), (2, 3), (1, 2), (0, 1), (4, 5), (5, 6), (4, 5), (3, 4), (2, 3), (1, 2), (3, 4), (5, 6), (10, 11), (9, 10), (8, 9), (7, 8), (6, 7), (5, 6), (4, 5), (3, 4), (2, 3), (1, 2), (0, 1), (1, 2), (3, 4), (2, 3), (1, 2), (7, 8), (6, 7), (5, 6), (7, 8), (8, 9), (7, 8), (6, 7), (10, 11), (9, 10), (8, 9), (7, 8), (6, 7), (5, 6), (4, 5), (3, 4), (2, 3), (1, 2), (2, 3), (3, 4), (4, 5), (5, 6), (4, 5), (3, 4), (6, 7), (5, 6), (4, 5), (5, 6), (8, 9), (7, 8), (6, 7), (5, 6), (4, 5), (3, 4), (7, 8), (8, 9), (7, 8), (6, 7), (5, 6), (9, 10), (8, 9), (7, 8), (6, 7), (5, 6), (4, 5), (3, 4), (2, 3), (1, 2), (0, 1), (3, 4), (2, 3), (3, 4), (4, 5), (3, 4), (2, 3), (5, 6), (4, 5), (3, 4), (2, 3), (6, 7), (5, 6), (4, 5), (3, 4), (8, 9), (7, 8), (6, 7), (5, 6), (4, 5), (3, 4), (2, 3), (1, 2), (0, 1), (1, 2), (3, 4), (5, 6), (6, 7), (7, 8), (8, 9), (7, 8), (6, 7), (5, 6), (7, 8), (10, 11), (9, 10), (8, 9), (7, 8), (6, 7), (5, 6), (4, 5), (3, 4), (2, 3), (1, 2), (0, 1), (7, 8), (8, 9), (7, 8), (6, 7), (5, 6), (4, 5), (8, 9), (7, 8), (9, 10), (8, 9), (7, 8), (6, 7), (5, 6), (4, 5), (3, 4), (2, 3), (1, 2), (0, 1), (7, 8), (6, 7), (5, 6), (4, 5), (3, 4), (2, 3), (4, 5), (6, 7), (5, 6), (8, 9), (7, 8), (6, 7), (5, 6), (4, 5), (3, 4), (5, 6), (6, 7), (5, 6), (4, 5), (6, 7), (10, 11), (9, 10), (8, 9), (7, 8), (6, 7), (5, 6), (4, 5), (3, 4), (2, 3), (1, 2), (0, 1), (2, 3), (6, 7), (5, 6), (4, 5), (3, 4), (2, 3), (1, 2), (6, 7), (7, 8), (6, 7), (5, 6), (4, 5), (3, 4), (4, 5), (5, 6), (4, 5), (7, 8), (6, 7), (7, 8), (8, 9), (9, 10), (8, 9), (7, 8), (6, 7), (5, 6), (4, 5), (9, 10), (8, 9), (9, 10), (10, 11), (9, 10), (8, 9), (7, 8), (6, 7), (5, 6), (4, 5), (3, 4), (2, 3), (1, 2), (2, 3), (3, 4), (11, 12), (10, 11), (9, 10), (8, 9), (7, 8), (6, 7), (5, 6), (4, 5), (3, 4), (2, 3), (1, 2), (0, 1), (4, 5), (3, 4), (2, 3), (5, 6), (4, 5), (5, 6), (4, 5), (3, 4), (4, 5), (7, 8), (9, 10), (8, 9), (7, 8), (6, 7), (5, 6), (4, 5), (3, 4), (2, 3), (1, 2), (0, 1), (7, 8), (6, 7), (5, 6), (4, 5), (3, 4), (10, 11), (9, 10), (8, 9), (7, 8), (6, 7), (5, 6), (4, 5), (3, 4), (2, 3), (1, 2), (0, 1), (4, 5), (7, 8), (6, 7), (5, 6), (4, 5), (3, 4), (2, 3), (1, 2), (0, 1), (1, 2), (0, 1), (2, 3), (7, 8), (11, 12), (10, 11), (9, 10), (8, 9), (7, 8), (6, 7), (5, 6), (4, 5), (3, 4), (2, 3), (1, 2), (0, 1), (2, 3), (5, 6), (7, 8), (6, 7), (5, 6), (4, 5), (3, 4), (2, 3), (1, 2), (5, 6), (10, 11), (9, 10), (8, 9), (7, 8), (6, 7), (5, 6), (4, 5), (10, 11), (11, 12), (10, 11), (9, 10), (8, 9), (7, 8), (6, 7), (5, 6), (4, 5), (3, 4), (2, 3), (1, 2), (0, 1), (4, 5), (7, 8), (6, 7), (5, 6), (7, 8), (6, 7), (8, 9), (7, 8), (8, 9), (9, 10), (8, 9), (7, 8), (6, 7), (5, 6), (4, 5), (3, 4), (2, 3), (1, 2), (0, 1), (3, 4), (2, 3), (4, 5), (3, 4), (5, 6), (4, 5), (3, 4), (2, 3), (3, 4), (6, 7), (7, 8), (6, 7), (8, 9), (7, 8), (6, 7), (5, 6), (7, 8), (11, 12), (10, 11), (9, 10), (8, 9), (7, 8), (6, 7), (5, 6), (4, 5), (6, 7), (5, 6), (4, 5), (3, 4), (4, 5), (5, 6), (8, 9), (9, 10), (8, 9), (11, 12), (10, 11), (9, 10), (8, 9), (7, 8), (6, 7), (5, 6), (4, 5), (3, 4), (2, 3), (1, 2), (0, 1), (6, 7), (8, 9), (7, 8), (6, 7), (5, 6), (7, 8), (6, 7), (8, 9), (9, 10), (8, 9), (7, 8), (6, 7), (5, 6), (4, 5), (3, 4), (2, 3), (1, 2), (4, 5), (9, 10), (8, 9), (7, 8), (6, 7), (5, 6), (4, 5), (10, 11), (9, 10), (8, 9), (7, 8), (6, 7), (5, 6), (4, 5), (3, 4), (6, 7), (7, 8), (6, 7), (5, 6), (4, 5), (3, 4), (2, 3), (1, 2), (3, 4), (10, 11), (9, 10), (8, 9), (7, 8), (6, 7), (5, 6), (4, 5), (3, 4), (2, 3), (1, 2), (0, 1), (2, 3), (3, 4), (2, 3), (1, 2), (3, 4), (2, 3), (6, 7), (5, 6), (4, 5), (3, 4), (2, 3), (5, 6), (4, 5), (6, 7), (5, 6), (4, 5), (6, 7), (7, 8), (6, 7), (5, 6), (4, 5), (3, 4), (2, 3), (3, 4), (5, 6), (4, 5), (3, 4), (2, 3), (1, 2), (0, 1), (5, 6), (4, 5), (3, 4), (2, 3), (1, 2), (5, 6), (7, 8), (10, 11), (9, 10), (8, 9), (7, 8), (6, 7), (5, 6), (4, 5), (3, 4), (2, 3), (1, 2), (9, 10), (8, 9), (9, 10), (11, 12), (10, 11), (9, 10), (8, 9), (7, 8), (6, 7), (5, 6), (4, 5), (3, 4), (2, 3), (1, 2), (2, 3), (5, 6), (9, 10), (8, 9), (7, 8), (6, 7), (5, 6), (8, 9), (10, 11), (9, 10), (8, 9), (7, 8), (6, 7), (5, 6), (4, 5), (5, 6), (8, 9), (7, 8), (6, 7), (11, 12), (10, 11), (9, 10), (8, 9), (7, 8), (6, 7), (5, 6), (4, 5), (3, 4), (2, 3), (1, 2), (0, 1), (1, 2), (2, 3), (1, 2), (4, 5), (3, 4), (2, 3), (6, 7), (7, 8), (6, 7), (8, 9), (7, 8), (6, 7), (5, 6), (4, 5), (3, 4), (2, 3), (1, 2), (0, 1), (2, 3), (5, 6), (7, 8), (9, 10), (10, 11), (9, 10), (8, 9), (7, 8), (11, 12), (10, 11), (9, 10), (8, 9), (7, 8), (6, 7), (5, 6), (4, 5), (3, 4), (2, 3), (1, 2), (2, 3), (4, 5), (3, 4), (2, 3), (5, 6), (6, 7), (5, 6), (4, 5), (3, 4), (2, 3), (1, 2), (0, 1), (2, 3), (7, 8), (9, 10), (8, 9), (7, 8), (6, 7), (5, 6), (4, 5), (3, 4), (2, 3), (1, 2), (0, 1), (1, 2), (0, 1), (4, 5), (3, 4), (7, 8), (6, 7), (5, 6), (4, 5), (8, 9), (9, 10), (8, 9), (7, 8), (6, 7), (5, 6), (4, 5), (3, 4), (6, 7), (5, 6), (4, 5), (8, 9), (11, 12), (10, 11), (9, 10), (8, 9), (7, 8), (6, 7), (9, 10), (8, 9), (7, 8), (6, 7), (5, 6), (11, 12), (10, 11), (9, 10), (8, 9), (7, 8), (6, 7), (5, 6), (4, 5), (3, 4), (2, 3), (1, 2), (0, 1), (2, 3), (4, 5), (3, 4), (2, 3), (1, 2), (4, 5), (3, 4), (2, 3), (3, 4), (5, 6), (4, 5), (3, 4), (6, 7), (5, 6), (4, 5), (7, 8), (8, 9), (7, 8), (6, 7), (5, 6), (4, 5), (3, 4), (2, 3), (5, 6), (6, 7), (11, 12), (10, 11), (9, 10), (8, 9), (7, 8), (6, 7), (5, 6), (4, 5), (3, 4), (2, 3), (1, 2), (0, 1), (1, 2), (3, 4), (11, 12), (10, 11), (9, 10), (8, 9), (7, 8), (6, 7), (5, 6), (4, 5), (3, 4), (2, 3), (3, 4), (4, 5), (3, 4), (6, 7), (7, 8), (6, 7), (5, 6), (4, 5), (3, 4), (2, 3), (1, 2), (10, 11), (11, 12), (10, 11), (9, 10), (8, 9), (7, 8), (6, 7), (5, 6), (4, 5), (3, 4), (2, 3), (1, 2), (0, 1), (1, 2), (4, 5), (6, 7), (5, 6), (4, 5), (8, 9), (7, 8), (6, 7), (7, 8), (9, 10), (8, 9), (7, 8), (6, 7), (5, 6), (4, 5), (3, 4), (2, 3), (1, 2), (0, 1), (5, 6), (4, 5), (5, 6), (6, 7), (5, 6), (4, 5), (7, 8), (6, 7), (10, 11), (12, 13), (11, 12), (10, 11), (9, 10), (8, 9), (7, 8), (6, 7), (5, 6), (4, 5), (3, 4), (2, 3), (1, 2), (3, 4), (2, 3), (6, 7), (5, 6), (9, 10), (12, 13), (11, 12), (10, 11), (9, 10), (8, 9), (7, 8), (6, 7), (5, 6), (4, 5), (3, 4), (2, 3), (4, 5), (5, 6), (6, 7), (8, 9), (12, 13), (11, 12), (10, 11), (9, 10), (8, 9), (7, 8), (6, 7), (5, 6), (4, 5), (3, 4), (2, 3), (3, 4), (6, 7), (5, 6), (6, 7), (8, 9), (7, 8), (6, 7), (5, 6), (4, 5), (3, 4), (2, 3), (5, 6), (4, 5), (5, 6), (6, 7), (7, 8), (6, 7), (8, 9), (10, 11), (9, 10), (8, 9), (7, 8), (11, 12), (12, 13), (11, 12), (10, 11), (9, 10), (8, 9), (7, 8), (6, 7), (5, 6), (4, 5), (3, 4), (2, 3), (1, 2), (0, 1), (1, 2), (3, 4), (5, 6), (9, 10), (8, 9), (7, 8), (8, 9), (10, 11), (12, 13), (11, 12), (10, 11), (9, 10), (8, 9), (7, 8), (6, 7), (5, 6), (4, 5), (3, 4), (2, 3), (1, 2), (4, 5), (3, 4), (2, 3), (1, 2), (0, 1), (4, 5), (6, 7), (5, 6), (4, 5), (6, 7), (5, 6), (11, 12), (10, 11), (9, 10), (8, 9), (7, 8), (6, 7), (5, 6), (4, 5), (6, 7), (11, 12), (10, 11), (9, 10), (11, 12), (10, 11), (9, 10), (11, 12), (12, 13), (11, 12), (10, 11), (9, 10), (8, 9), (7, 8), (6, 7), (5, 6), (4, 5), (3, 4), (7, 8), (8, 9), (7, 8), (10, 11), (11, 12), (10, 11), (12, 13), (11, 12), (10, 11), (9, 10), (8, 9), (7, 8), (6, 7), (5, 6), (4, 5), (3, 4), (2, 3), (1, 2), (0, 1), (1, 2), (4, 5), (3, 4), (6, 7), (5, 6), (4, 5), (3, 4), (7, 8), (6, 7), (5, 6), (4, 5), (8, 9), (7, 8), (6, 7), (11, 12), (10, 11), (9, 10), (8, 9), (7, 8), (6, 7), (5, 6), (4, 5), (3, 4), (2, 3), (1, 2), (0, 1), (2, 3), (4, 5), (5, 6), (4, 5), (3, 4), (5, 6), (6, 7), (5, 6), (4, 5), (3, 4), (7, 8), (6, 7), (5, 6), (4, 5), (3, 4), (2, 3), (4, 5), (6, 7), (7, 8), (10, 11), (9, 10), (8, 9), (7, 8), (6, 7), (5, 6), (7, 8), (9, 10), (11, 12), (12, 13), (11, 12), (10, 11), (9, 10), (8, 9), (7, 8), (6, 7), (5, 6), (4, 5), (3, 4), (2, 3), (1, 2), (0, 1), (2, 3), (1, 2), (2, 3), (3, 4), (2, 3), (1, 2), (3, 4), (4, 5), (3, 4), (2, 3), (1, 2), (4, 5), (3, 4), (2, 3), (3, 4), (7, 8), (6, 7), (5, 6), (7, 8), (9, 10), (8, 9), (7, 8), (11, 12), (10, 11), (9, 10), (8, 9), (7, 8), (6, 7), (12, 13), (11, 12), (10, 11), (9, 10), (8, 9), (7, 8), (6, 7), (5, 6), (4, 5), (3, 4), (2, 3), (1, 2), (0, 1), (2, 3), (1, 2), (3, 4), (8, 9), (9, 10), (8, 9), (7, 8), (6, 7), (5, 6), (4, 5), (5, 6), (6, 7), (7, 8), (6, 7), (5, 6), (6, 7), (8, 9), (9, 10), (10, 11), (9, 10), (8, 9), (7, 8), (6, 7), (5, 6), (4, 5), (3, 4), (2, 3), (1, 2), (2, 3), (4, 5), (3, 4), (2, 3), (7, 8), (6, 7), (5, 6), (4, 5), (3, 4), (2, 3), (1, 2), (0, 1), (8, 9), (7, 8), (8, 9), (11, 12), (10, 11), (9, 10), (8, 9), (7, 8), (6, 7), (5, 6), (4, 5), (3, 4), (2, 3), (1, 2), (0, 1), (1, 2), (2, 3), (1, 2), (9, 10), (8, 9), (7, 8), (6, 7), (12, 13), (11, 12), (10, 11), (9, 10), (8, 9), (7, 8), (6, 7), (5, 6), (4, 5), (3, 4), (4, 5), (5, 6), (4, 5), (5, 6), (7, 8), (6, 7), (8, 9), (10, 11), (9, 10), (10, 11), (12, 13), (11, 12), (10, 11), (9, 10), (8, 9), (7, 8), (6, 7), (5, 6), (4, 5), (3, 4), (2, 3), (3, 4), (5, 6), (6, 7), (7, 8), (6, 7), (5, 6), (6, 7), (8, 9), (7, 8), (6, 7), (5, 6), (6, 7), (9, 10), (10, 11), (9, 10), (8, 9), (7, 8), (6, 7), (5, 6), (4, 5), (3, 4), (4, 5), (5, 6), (4, 5), (6, 7), (5, 6), (4, 5), (7, 8), (8, 9), (9, 10), (11, 12), (10, 11), (9, 10), (8, 9), (7, 8), (6, 7), (5, 6), (4, 5), (5, 6), (6, 7), (5, 6), (7, 8), (6, 7), (5, 6), (8, 9), (9, 10), (8, 9), (10, 11), (9, 10), (8, 9), (10, 11), (12, 13), (11, 12), (10, 11), (9, 10), (8, 9), (7, 8), (6, 7), (5, 6), (4, 5), (3, 4), (2, 3), (1, 2), (0, 1), (4, 5), (5, 6), (4, 5), (3, 4), (2, 3), (3, 4), (4, 5), (5, 6), (6, 7), (5, 6), (7, 8), (6, 7), (5, 6), (4, 5), (3, 4), (2, 3), (1, 2), (0, 1), (3, 4), (2, 3), (3, 4), (4, 5), (3, 4), (8, 9), (7, 8), (6, 7), (5, 6), (4, 5), (3, 4), (2, 3), (1, 2), (5, 6), (8, 9), (7, 8), (6, 7), (5, 6), (7, 8), (10, 11), (9, 10), (8, 9), (7, 8), (6, 7), (5, 6), (4, 5), (3, 4), (2, 3), (8, 9), (9, 10), (10, 11), (9, 10), (8, 9), (7, 8), (9, 10), (8, 9), (9, 10), (11, 12), (10, 11), (9, 10), (8, 9), (7, 8), (6, 7), (5, 6), (4, 5), (3, 4), (4, 5), (6, 7), (7, 8), (6, 7), (5, 6), (6, 7), (7, 8), (8, 9), (7, 8), (9, 10), (8, 9), (7, 8), (6, 7), (5, 6), (4, 5), (3, 4), (6, 7), (5, 6), (6, 7), (10, 11), (9, 10), (8, 9), (7, 8), (6, 7), (5, 6), (4, 5), (3, 4), (2, 3), (1, 2), (0, 1), (7, 8), (6, 7), (10, 11), (9, 10), (8, 9), (7, 8), (11, 12), (10, 11), (9, 10), (8, 9), (7, 8), (6, 7), (5, 6), (4, 5), (3, 4), (2, 3), (4, 5), (3, 4), (4, 5), (6, 7), (7, 8), (8, 9), (7, 8), (9, 10), (10, 11), (9, 10), (11, 12), (10, 11), (9, 10), (8, 9), (7, 8), (6, 7), (5, 6), (4, 5), (3, 4), (2, 3), (1, 2), (0, 1), (5, 6), (4, 5), (6, 7), (5, 6), (4, 5), (3, 4), (2, 3), (3, 4), (4, 5), (3, 4), (7, 8), (6, 7), (5, 6), (8, 9), (7, 8), (9, 10), (8, 9), (7, 8), (6, 7), (5, 6), (4, 5), (3, 4), (7, 8), (8, 9), (10, 11), (11, 12), (10, 11), (9, 10), (8, 9), (7, 8), (6, 7), (5, 6), (4, 5), (5, 6), (6, 7), (7, 8), (6, 7), (5, 6), (9, 10), (10, 11), (9, 10), (11, 12), (10, 11), (9, 10), (8, 9), (7, 8), (6, 7), (5, 6), (12, 13), (11, 12), (10, 11), (9, 10), (8, 9), (7, 8), (10, 11), (9, 10), (8, 9), (10, 11), (13, 14), (12, 13), (11, 12), (10, 11), (9, 10), (8, 9), (7, 8), (6, 7), (5, 6), (6, 7), (7, 8), (6, 7), (5, 6), (7, 8), (11, 12), (12, 13), (11, 12), (10, 11), (9, 10), (8, 9), (7, 8), (6, 7), (5, 6), (4, 5), (3, 4), (2, 3), (1, 2), (2, 3), (3, 4), (2, 3), (3, 4), (4, 5), (3, 4), (2, 3), (5, 6), (4, 5), (3, 4), (6, 7), (5, 6), (4, 5), (7, 8), (6, 7), (5, 6), (8, 9), (7, 8), (6, 7), (5, 6), (9, 10), (8, 9), (7, 8), (10, 11), (9, 10), (8, 9), (11, 12), (12, 13), (13, 14), (12, 13), (11, 12), (10, 11), (9, 10), (8, 9), (7, 8), (6, 7), (5, 6), (4, 5), (3, 4), (2, 3), (1, 2), (0, 1), (3, 4), (2, 3), (3, 4), (5, 6), (4, 5), (7, 8), (6, 7), (10, 11), (9, 10), (8, 9), (11, 12), (10, 11), (9, 10), (8, 9), (7, 8), (8, 9), (10, 11), (9, 10), (8, 9), (11, 12), (10, 11), (9, 10), (11, 12), (12, 13), (11, 12), (10, 11), (9, 10), (8, 9), (7, 8), (6, 7), (5, 6), (4, 5), (3, 4), (2, 3), (1, 2), (2, 3), (3, 4), (2, 3), (5, 6), (4, 5), (3, 4), (2, 3), (1, 2), (0, 1), (6, 7), (8, 9), (7, 8), (6, 7), (5, 6), (4, 5), (5, 6), (6, 7), (7, 8), (8, 9), (7, 8), (9, 10), (11, 12), (12, 13), (11, 12), (10, 11), (9, 10), (8, 9), (11, 12), (12, 13), (13, 14), (12, 13), (11, 12), (10, 11), (9, 10), (8, 9), (7, 8), (6, 7), (5, 6), (4, 5), (3, 4), (2, 3), (1, 2), (4, 5), (5, 6), (4, 5), (5, 6), (6, 7), (5, 6), (9, 10), (10, 11), (9, 10), (8, 9), (7, 8), (6, 7), (5, 6), (4, 5), (3, 4), (2, 3), (1, 2), (3, 4), (4, 5), (5, 6), (4, 5), (6, 7), (10, 11), (12, 13), (11, 12), (10, 11), (9, 10), (8, 9), (7, 8), (6, 7), (5, 6), (4, 5), (3, 4), (2, 3), (1, 2), (0, 1), (5, 6), (4, 5), (3, 4), (8, 9), (11, 12), (10, 11), (12, 13), (13, 14), (12, 13), (11, 12), (10, 11), (9, 10), (8, 9), (7, 8), (6, 7), (5, 6), (4, 5), (3, 4), (6, 7), (7, 8), (6, 7), (8, 9), (7, 8), (6, 7), (5, 6), (4, 5), (3, 4), (2, 3), (1, 2), (0, 1), (3, 4), (4, 5), (5, 6), (4, 5), (3, 4), (6, 7), (7, 8), (11, 12), (10, 11), (12, 13), (11, 12), (10, 11), (9, 10), (8, 9), (7, 8), (6, 7), (9, 10), (8, 9), (7, 8), (11, 12), (10, 11), (12, 13), (11, 12), (13, 14), (12, 13), (11, 12), (10, 11), (9, 10), (8, 9), (7, 8), (6, 7), (5, 6), (4, 5), (3, 4), (2, 3), (1, 2), (0, 1), (1, 2), (2, 3), (4, 5), (7, 8), (6, 7), (5, 6), (4, 5), (5, 6), (7, 8), (8, 9), (9, 10), (10, 11), (9, 10), (8, 9), (7, 8), (6, 7), (5, 6), (4, 5), (3, 4), (2, 3), (10, 11), (9, 10), (8, 9), (11, 12), (13, 14), (12, 13), (11, 12), (10, 11), (9, 10), (8, 9), (7, 8), (6, 7), (5, 6), (4, 5), (3, 4), (5, 6), (4, 5), (6, 7), (5, 6), (9, 10), (10, 11), (9, 10), (8, 9), (11, 12), (10, 11), (9, 10), (11, 12), (12, 13), (11, 12), (10, 11), (9, 10), (8, 9), (7, 8), (6, 7), (5, 6), (4, 5), (3, 4), (2, 3), (6, 7), (7, 8), (8, 9), (7, 8), (6, 7), (5, 6), (4, 5), (3, 4), (6, 7), (9, 10), (8, 9), (7, 8), (6, 7), (5, 6), (4, 5), (3, 4), (2, 3), (1, 2), (6, 7), (12, 13), (11, 12), (10, 11), (9, 10), (8, 9), (7, 8), (6, 7), (5, 6), (4, 5), (3, 4), (2, 3), (3, 4), (4, 5), (5, 6), (4, 5), (3, 4), (2, 3), (6, 7), (5, 6), (4, 5), (5, 6), (7, 8), (6, 7), (5, 6), (4, 5), (6, 7), (7, 8), (6, 7), (5, 6), (8, 9), (7, 8), (8, 9), (9, 10), (8, 9), (7, 8), (6, 7), (5, 6), (4, 5), (3, 4), (2, 3), (1, 2), (0, 1), (4, 5), (6, 7), (9, 10), (8, 9), (10, 11), (9, 10), (13, 14), (12, 13), (11, 12), (10, 11), (9, 10), (8, 9), (7, 8), (6, 7), (5, 6), (4, 5), (3, 4), (2, 3), (1, 2), (0, 1), (6, 7), (5, 6), (6, 7), (7, 8), (6, 7), (5, 6), (4, 5), (6, 7), (11, 12), (13, 14), (12, 13), (11, 12), (10, 11), (9, 10), (8, 9), (7, 8), (6, 7), (5, 6), (4, 5), (3, 4), (2, 3), (1, 2), (3, 4), (4, 5), (10, 11), (9, 10), (8, 9), (7, 8), (6, 7), (5, 6), (6, 7), (7, 8), (8, 9), (7, 8), (6, 7), (7, 8), (6, 7), (9, 10), (10, 11), (13, 14), (12, 13), (11, 12), (10, 11), (9, 10), (8, 9), (7, 8), (6, 7), (5, 6), (4, 5), (3, 4), (2, 3), (1, 2), (2, 3), (1, 2), (4, 5), (3, 4), (2, 3), (1, 2), (0, 1), (5, 6), (4, 5), (7, 8), (6, 7), (7, 8), (8, 9), (10, 11), (9, 10), (8, 9), (10, 11), (11, 12), (10, 11), (9, 10), (8, 9), (7, 8), (6, 7), (5, 6), (6, 7), (5, 6), (4, 5), (5, 6), (6, 7), (7, 8), (6, 7), (5, 6), (4, 5), (7, 8), (10, 11), (12, 13), (11, 12), (10, 11), (9, 10), (8, 9), (7, 8), (6, 7), (5, 6), (4, 5), (3, 4), (2, 3), (5, 6), (4, 5), (5, 6), (6, 7), (5, 6), (7, 8), (8, 9), (11, 12), (10, 11), (9, 10), (8, 9), (11, 12), (13, 14), (12, 13), (11, 12), (10, 11), (9, 10), (8, 9), (7, 8), (6, 7), (5, 6), (4, 5), (3, 4), (2, 3), (1, 2), (3, 4), (2, 3), (1, 2), (0, 1), (6, 7), (5, 6), (11, 12), (10, 11), (9, 10), (8, 9), (7, 8), (6, 7), (5, 6), (4, 5), (3, 4), (2, 3), (1, 2), (0, 1), (4, 5), (3, 4), (2, 3), (4, 5), (3, 4), (4, 5), (5, 6), (6, 7), (7, 8), (6, 7), (5, 6), (4, 5), (6, 7), (5, 6), (7, 8), (6, 7), (5, 6), (4, 5), (3, 4), (4, 5), (11, 12), (10, 11), (9, 10), (8, 9), (12, 13), (11, 12), (10, 11), (11, 12), (12, 13), (13, 14), (12, 13), (11, 12), (10, 11), (9, 10), (8, 9), (7, 8), (8, 9), (9, 10), (8, 9), (9, 10), (10, 11), (11, 12), (10, 11), (11, 12), (12, 13), (11, 12), (10, 11), (9, 10), (8, 9), (7, 8), (6, 7), (5, 6), (4, 5), (3, 4), (2, 3), (3, 4), (7, 8), (11, 12), (10, 11), (9, 10), (8, 9), (7, 8), (6, 7), (5, 6), (4, 5), (3, 4), (2, 3), (1, 2), (0, 1), (2, 3), (6, 7), (10, 11), (11, 12), (10, 11), (11, 12), (12, 13), (11, 12), (10, 11), (9, 10), (8, 9), (7, 8), (6, 7), (5, 6), (4, 5), (3, 4), (2, 3), (1, 2), (2, 3), (3, 4), (6, 7), (5, 6), (4, 5), (6, 7), (8, 9), (7, 8), (6, 7), (5, 6), (7, 8), (8, 9), (7, 8), (6, 7), (9, 10), (8, 9), (7, 8), (10, 11), (9, 10), (11, 12), (10, 11), (9, 10), (8, 9), (7, 8), (6, 7), (5, 6), (4, 5), (3, 4), (5, 6), (4, 5), (9, 10), (8, 9), (7, 8), (6, 7), (5, 6), (4, 5), (3, 4), (2, 3), (1, 2), (0, 1), (6, 7), (8, 9), (9, 10), (8, 9), (10, 11), (12, 13)]
