results/deeplll05/ndim15seed1cnt1000dim15delta0.98999995.txt: 21.639 sec
b: [[2, 9, -13, 2, 3, -17, -9, 17, -2, 5, 7, -2, -6, -2, -4],
 [-20, -1, 8, 3, -2, -3, -18, 3, -2, -7, 3, -10, -2, 10, 8],
 [9, 2, 21, 6, 7, 11, 4, -5, 2, 17, -3, 6, 13, -7, -13],
 [-21, -2, -2, 10, 12, -3, -9, -2, 17, 3, -7, -4, 8, 2, -12],
 [14, 5, -6, -24, -6, -10, 5, 3, 3, 8, -6, -10, -13, 3, -16],
 [9, 10, -15, -9, -26, -13, 19, 9, 5, 4, 10, -10, -1, 3, -5],
 [-9, -6, 3, 17, 8, 2, -6, 0, -14, -15, -17, -12, 12, -7, -6],
 [-7, -4, -6, -14, -11, 12, -6, -1, 24, 8, -13, -8, 7, 12, 13],
 [-8, 5, 0, 8, -5, 6, -6, -20, -13, -1, 6, 1, 17, 13, -16],
 [-12, -10, -17, -4, 2, 15, 0, 3, -18, 10, 9, 10, 8, -1, 7],
 [10, 5, 1, 1, -7, 4, 15, -11, 2, -4, -3, 17, -9, 14, 11],
 [-12, 11, -2, 12, 4, -15, 3, 11, 15, -9, 2, -11, 1, 2, 5],
 [-28, -4, -11, 15, 1, -20, -8, 16, -5, -12, 6, -19, -9, 1, -5],
 [11, 8, -13, -4, -1, -6, 3, 14, -1, 9, 6, -6, 5, -8, -3],
 [-13, -4, 10, 1, 1, 13, 8, -9, 1, 10, -11, -3, 18, 2, -16]], shape=[15, 15], strides=[15, 1], layout=Cc (0x5), const ndim=2
v_norms: [1064, 1217039/1064, 1312891510/1217039, 685161208272/656445755, 102287006766089/85645151034, 1672067858102037911/1636592108257424, 1842033920156043332598/1672067858102037911, 183904066142236624689793/204670435572893703622, 186116310179884565025281837/183904066142236624689793, 1529813498297860451714707486991/1675046791618961085227536533, 471525621921659086302857182060583/1529813498297860451714707486991, 57815394485210680155316041820932037/471525621921659086302857182060583, 1973274375456775991755249861237106120/57815394485210680155316041820932037, 4447058119741793409443/1973274375456775991755249861237106120, 1/4447058119741793409443], shape=[15], strides=[1], layout=CFcf (0xf), const ndim=1
Mu { arr: [81/1064, -17/38, -516852/1217039, 1/19, 473200/1217039, 238493049/656445755, 409/1064, -560873/1217039, -248142687/1312891510, -19117957727/171290302068, 265/532, -10386/22963, -639678041/1312891510, -158720199649/685161208272, 87447361372565/204574013532178, -11/56, 449977/1217039, 232578197/1312891510, 212778977113/685161208272, -60545210377181/204574013532178, -417859279940704847/1672067858102037911, -401/1064, 343169/1217039, -166992291/656445755, 255622251827/685161208272, 84339080970803/204574013532178, 454402491691484591/1672067858102037911, -261524643906447216187/614011306718681110866, -19/56, 271833/1217039, 196550661/656445755, 30703504161/228387069424, -14522663467869/204574013532178, 439416474641096495/1672067858102037911, 70739809831969873063/307005653359340555433, -69622698273876407716972/183904066142236624689793, -11/266, -12396/1217039, -111135067/656445755, -7286751217/85645151034, -2058779878856/4447261163743, -162955867634647512/1672067858102037911, -247328904141846839425/1842033920156043332598, 115659296828158734167707/551712198426709874069379, 264605469810582091102177559/558348930539653695075845511, -227/532, -393082/1217039, -264096333/656445755, -97412434337/342580604136, -10867626152387/102287006766089, 90152274501198606/1672067858102037911, -732906345936653136473/1842033920156043332598, -69359739439509838033171/551712198426709874069379, 57970595122109267467418329/558348930539653695075845511, -635855535110989847775253774256/1529813498297860451714707486991, 69/152, 463085/1217039, -3341207/37511186, 49043662675/114193534712, -15777364313520/102287006766089, 674326932583678918/1672067858102037911, 125767561832740956013/1842033920156043332598, -36449675850318184726333/551712198426709874069379, -247714948861299715813035080/558348930539653695075845511, -567039797338895103880201166168/1529813498297860451714707486991, 76581581378735791597449432193396/471525621921659086302857182060583, 435/532, 1058434/1217039, -388638477/1312891510, 153098918711/342580604136, -12442628313196/102287006766089, 342262753078671114/1672067858102037911, 40211299606481077879/83728814552547424209, -238518605718731031186394/551712198426709874069379, -147499533832091672931231056/558348930539653695075845511, 407089513569807084612901474078/1529813498297860451714707486991, 28163282615794629179242611333248/471525621921659086302857182060583, -14274894454021052970218588070609558/57815394485210680155316041820932037, 83/133, -514496/1217039, 21723626/656445755, -38699891501/342580604136, 5010512686483/102287006766089, 408517251715669182/1672067858102037911, 8375428118624600612/83728814552547424209, 7906125923285971437298/29037484127721572319441, -974580730467099991148929/558348930539653695075845511, 231661946306061458176128574208/1529813498297860451714707486991, -165207703101198272921280535008457/471525621921659086302857182060583, 28481502168635932892962701851303765/57815394485210680155316041820932037, 278702092284031860211918135719053557/1973274375456775991755249861237106120, -88/133, -32352/1217039, 736478747/1312891510, 324954936433/685161208272, 38408130818623/204574013532178, 398658221747533489/1672067858102037911, 451896686966337874243/1842033920156043332598, 12881075850414278081351/551712198426709874069379, 116283263712891192204484891/558348930539653695075845511, 585749250894624896342699393599/1529813498297860451714707486991, 118292916577734573660143162749331/471525621921659086302857182060583, 8627584761702503017092630570523404/57815394485210680155316041820932037, -485583386820719185760756503272397851/986637187728387995877624930618553060, -1116695114405192107258/4447058119741793409443] }
(hist.len, cnt): (674, 7780)
[(0, 1), (0, 2), (0, 2), (0, 2), (0, 3), (0, 3), (0, 2), (0, 3), (1, 2), (0, 3), (0, 4), (1, 3), (0, 4), (1, 2), (1, 3), (0, 4), (0, 4), (1, 2), (1, 3), (0, 4), (0, 2), (0, 4), (0, 4), (1, 5), (0, 4), (0, 5), (1, 3), (0, 5), (1, 2), (1, 5), (0, 5), (1, 2), (0, 5), (2, 3), (0, 5), (1, 3), (1, 5), (0, 5), (1, 6), (0, 1), (0, 5), (0, 5), (1, 2), (1, 6), (2, 3), (2, 5), (3, 4), (1, 6), (0, 1), (1, 2), (2, 3), (1, 6), (0, 1), (1, 6), (0, 1), (2, 3), (1, 6), (0, 1), (1, 2), (4, 5), (1, 6), (0, 1), (1, 4), (2, 4), (2, 5), (4, 5), (1, 6), (0, 1), (1, 2), (1, 3), (3, 4), (0, 5), (1, 3), (3, 4), (2, 7), (1, 2), (3, 5), (2, 6), (5, 6), (2, 7), (0, 2), (2, 3), (2, 5), (5, 6), (2, 7), (0, 2), (2, 3), (2, 7), (0, 2), (0, 2), (3, 4), (1, 6), (0, 1), (4, 6), (3, 4), (2, 7), (0, 2), (2, 6), (3, 5), (4, 5), (2, 7), (1, 2), (5, 6), (3, 7), (4, 5), (2, 7), (3, 4), (0, 5), (1, 3), (3, 7), (5, 6), (3, 8), (1, 3), (2, 4), (5, 8), (3, 5), (6, 7), (3, 8), (0, 3), (1, 2), (1, 4), (2, 3), (2, 7), (1, 2), (0, 3), (2, 3), (5, 7), (4, 5), (5, 6), (6, 7), (4, 6), (3, 8), (0, 3), (3, 4), (1, 5), (3, 8), (0, 3), (2, 5), (4, 5), (3, 6), (4, 5), (3, 8), (0, 3), (2, 3), (3, 4), (3, 5), (4, 5), (2, 7), (1, 2), (3, 8), (0, 3), (1, 2), (2, 4), (1, 5), (3, 4), (4, 5), (1, 6), (0, 1), (4, 5), (2, 6), (3, 8), (2, 3), (5, 6), (6, 7), (4, 8), (2, 4), (2, 6), (3, 8), (1, 3), (3, 4), (5, 6), (5, 7), (3, 8), (1, 3), (2, 3), (5, 6), (4, 9), (1, 4), (3, 4), (2, 6), (3, 4), (2, 5), (4, 9), (0, 4), (3, 5), (3, 5), (5, 6), (3, 5), (3, 8), (1, 3), (4, 6), (3, 7), (4, 9), (1, 4), (2, 4), (5, 6), (4, 7), (4, 9), (1, 4), (4, 9), (0, 4), (1, 3), (2, 3), (5, 9), (4, 5), (6, 7), (3, 8), (0, 3), (1, 3), (1, 4), (3, 4), (6, 7), (5, 6), (4, 9), (0, 4), (1, 2), (1, 4), (2, 3), (2, 4), (2, 7), (0, 2), (0, 3), (3, 5), (6, 7), (4, 9), (0, 4), (2, 5), (3, 8), (1, 3), (3, 5), (4, 6), (4, 9), (0, 4), (2, 3), (6, 7), (3, 8), (5, 6), (4, 5), (7, 8), (6, 7), (4, 9), (0, 4), (3, 4), (3, 5), (5, 8), (4, 9), (0, 4), (1, 2), (5, 6), (7, 8), (4, 9), (2, 4), (3, 4), (4, 5), (3, 8), (0, 3), (1, 2), (3, 5), (4, 5), (6, 7), (7, 10), (3, 7), (1, 3), (1, 4), (0, 5), (1, 2), (1, 6), (0, 1), (3, 4), (2, 5), (3, 4), (4, 5), (5, 10), (0, 5), (1, 2), (2, 5), (4, 6), (3, 8), (0, 3), (2, 5), (6, 7), (3, 8), (1, 3), (2, 5), (6, 8), (6, 10), (4, 6), (5, 6), (8, 9), (7, 10), (5, 7), (4, 5), (4, 6), (5, 10), (0, 5), (1, 2), (3, 4), (5, 10), (1, 5), (0, 2), (1, 2), (1, 3), (4, 9), (0, 4), (1, 2), (1, 4), (2, 4), (3, 4), (2, 5), (3, 4), (1, 5), (2, 3), (2, 7), (0, 2), (2, 3), (1, 3), (2, 3), (7, 8), (4, 9), (0, 4), (3, 4), (5, 6), (6, 9), (3, 6), (2, 3), (3, 4), (4, 8), (2, 4), (4, 9), (0, 4), (4, 5), (5, 6), (4, 7), (3, 4), (5, 10), (1, 5), (2, 3), (5, 8), (5, 10), (0, 5), (3, 4), (1, 5), (3, 4), (7, 8), (8, 9), (9, 11), (5, 9), (3, 5), (4, 6), (6, 11), (1, 6), (0, 1), (1, 3), (2, 5), (3, 5), (6, 9), (2, 6), (3, 5), (7, 10), (4, 7), (0, 4), (2, 3), (1, 4), (2, 4), (3, 4), (4, 7), (0, 4), (2, 3), (1, 4), (2, 3), (3, 4), (3, 8), (0, 3), (1, 5), (1, 6), (2, 4), (3, 4), (4, 5), (6, 7), (5, 6), (4, 9), (0, 4), (2, 3), (4, 5), (7, 8), (4, 7), (5, 10), (2, 5), (3, 5), (4, 5), (10, 11), (7, 10), (3, 7), (3, 6), (4, 7), (3, 4), (7, 8), (5, 10), (1, 5), (3, 4), (4, 5), (5, 8), (1, 5), (2, 3), (6, 11), (1, 6), (0, 1), (1, 4), (2, 4), (3, 8), (2, 3), (4, 6), (8, 10), (7, 8), (3, 7), (4, 7), (1, 4), (3, 4), (5, 6), (8, 11), (3, 8), (1, 3), (2, 3), (3, 5), (4, 5), (9, 11), (6, 9), (2, 6), (1, 2), (0, 5), (4, 6), (5, 9), (0, 5), (0, 4), (2, 3), (3, 4), (2, 5), (8, 10), (7, 11), (3, 7), (0, 3), (2, 7), (0, 2), (4, 5), (8, 9), (6, 8), (1, 6), (2, 3), (5, 8), (5, 10), (0, 5), (1, 2), (1, 3), (1, 4), (9, 10), (7, 9), (4, 7), (2, 4), (6, 11), (1, 6), (0, 1), (2, 3), (4, 7), (6, 7), (7, 8), (8, 10), (9, 11), (5, 9), (2, 5), (2, 5), (4, 5), (6, 8), (3, 6), (7, 9), (4, 7), (3, 4), (6, 11), (1, 6), (0, 1), (5, 7), (6, 10), (2, 6), (3, 4), (5, 7), (2, 5), (6, 11), (3, 6), (1, 3), (6, 9), (1, 6), (0, 1), (3, 4), (7, 11), (2, 7), (0, 2), (2, 3), (3, 4), (9, 12), (6, 9), (5, 7), (4, 5), (6, 10), (2, 6), (0, 2), (1, 2), (3, 4), (2, 5), (3, 4), (5, 8), (0, 5), (1, 3), (2, 3), (3, 4), (7, 12), (2, 7), (0, 2), (0, 4), (3, 4), (3, 5), (5, 10), (0, 5), (1, 2), (5, 10), (2, 5), (4, 6), (9, 11), (7, 12), (2, 7), (0, 2), (6, 8), (7, 9), (8, 10), (5, 8), (6, 8), (6, 11), (1, 6), (0, 1), (4, 5), (5, 6), (8, 9), (4, 9), (2, 4), (5, 6), (7, 12), (2, 7), (1, 2), (2, 3), (1, 6), (0, 1), (1, 3), (2, 3), (5, 9), (4, 5), (9, 12), (5, 9), (1, 5), (3, 4), (3, 5), (4, 9), (0, 4), (1, 2), (8, 13), (3, 8), (0, 3), (2, 3), (5, 7), (4, 5), (4, 7), (1, 4), (2, 3), (7, 12), (2, 7), (1, 2), (4, 5), (6, 10), (3, 6), (2, 3), (3, 6), (4, 5), (5, 6), (7, 12), (2, 7), (5, 8), (4, 9), (8, 10), (6, 11), (2, 6), (1, 2), (1, 4), (2, 3), (2, 6), (1, 2), (7, 11), (3, 7), (1, 3), (2, 3), (2, 4), (9, 12), (8, 9), (6, 8), (5, 6), (7, 12), (2, 7), (1, 2), (1, 3), (5, 10), (0, 5), (1, 2), (2, 3), (3, 4), (5, 8), (2, 5), (3, 5), (6, 11), (1, 6), (0, 1), (3, 5), (4, 6), (7, 12), (2, 7), (0, 2), (6, 7), (3, 8), (0, 3), (6, 11), (1, 6), (0, 1), (5, 8), (6, 9), (7, 10), (2, 7), (1, 2), (4, 5), (7, 12), (2, 7), (0, 2), (2, 3), (1, 4), (2, 5), (1, 3), (2, 3), (4, 5), (6, 8), (5, 6), (7, 8), (9, 11), (8, 9), (9, 10), (10, 12), (7, 10), (5, 7), (2, 5), (5, 6), (7, 12), (2, 7), (1, 2), (3, 4), (1, 6), (0, 1), (7, 8), (7, 9), (2, 7), (0, 2), (1, 3), (2, 3), (8, 13), (3, 8), (0, 3), (3, 8), (1, 3), (4, 5), (9, 11), (11, 12), (10, 14)]
