results/deeplll05/ndim20seed1cnt1000dim20delta0.98999995.txt: 47.320 sec
b: [[-1485, -107, 1423, -36, -34, 772, -798, -2108, -32, -267, 1521, 676, -65, -835, -484, -514, -39, -1043, -646, 223],
 [381, 316, 109, 838, -778, 2005, 238, -1889, -137, -741, 1074, -791, -23, 1268, -623, -126, -249, -540, -1156, -1153],
 [1063, 488, -1605, 273, -1321, -922, 780, -1099, -523, 78, -1430, -883, 1665, 928, 992, -1148, 697, 206, 113, -689],
 [-155, 507, -1164, -957, -64, -900, 776, -916, -2114, -206, 122, -476, 427, 1929, -408, 1399, -226, 628, 238, -1097],
 [-152, -911, 1492, 243, -153, 376, -614, -1228, -2419, 1220, 1123, -694, 663, 525, 124, 497, -1148, -1052, -243, -1135],
 [310, -1223, -87, 178, -210, -560, -1455, 1476, 895, 1136, 1138, 1168, 810, -99, 1266, -1422, -1162, -166, 1959, -464],
 [-1516, 412, -726, 1286, 389, -512, -999, 1739, 103, 948, 3, 484, 243, -74, 1851, 438, 1124, 466, -829, -244],
 [1810, 476, 56, 61, -698, -3060, 419, 692, -163, -1201, -395, -432, -1346, -1336, -515, 475, 254, 459, 147, 1449],
 [-1413, -51, 1618, -591, -964, 350, -851, 1273, -956, -168, 243, 457, -2009, -31, 1385, 559, -596, -252, 52, 449],
 [173, 23, -591, -499, -279, 926, 28, 992, 920, 1244, -1232, -2243, 1000, -728, 996, 505, 279, 307, 918, 229],
 [-1095, -565, -6, 286, -388, 104, 1192, 732, -1133, 2273, -441, 67, 1822, 1174, -1799, 945, 586, -604, -1792, -112],
 [113, 479, -197, -589, -824, -769, 1750, -388, -239, -941, -399, -37, -933, 1756, -2007, 340, 643, -402, -730, -131],
 [-1628, 314, 57, 38, -484, 580, -265, -616, -184, -185, 1112, 724, -209, 1029, -90, 81, 274, -359, -708, -548],
 [220, -628, -1343, 611, 702, -1286, -449, 904, -658, 1756, -276, 632, 2246, 404, 1059, -414, -54, 494, 653, -831],
 [-2134, 151, 225, -447, 336, 272, 81, -1174, -1435, 1081, -34, 89, 1249, -21, -297, 868, 621, -265, -1085, 25],
 [-67, 845, -470, 1069, -594, -39, -660, -1807, 1031, -1720, 574, 694, -526, 202, 1323, -1968, 818, -285, -313, -630],
 [896, 297, 420, -697, -627, 1184, 910, -822, 570, -670, -1490, -1728, -526, -283, -94, -347, 179, -318, 244, 347],
 [279, -243, 9, 1276, 932, -902, -131, 1057, -701, 1112, -562, -211, 507, -368, 399, 513, 545, 40, -872, -157],
 [469, -647, 1265, 612, -1182, -1222, -213, 419, 90, 525, 247, 377, -24, -1086, -405, -856, -42, -947, -430, 965],
 [58, 145, -459, -171, 89, 890, -186, 701, -586, 43, 945, -785, -366, 958, -34, 1672, -822, 673, 214, -715]], shape=[20, 20], strides=[20, 1], layout=Cc (0x5), const ndim=2
v_norms: [15519554, 107174427043629/7759777, 2882349486619798896847/214348854087258, 39160937082032115318158916407/2882349486619798896847, 461321405297287999275288064616677844/39160937082032115318158916407, 90247947447946440383049057332055964075743/6784138313195411754048353891421733, 6956531627580414266532632323569808696214809703914/511405035538363162170611324881650463095877, 252175438804059484936796771339204772123072147202658728621/20869594882741242799597896970709426088644429111742, 9907183808839707453860008363926174172627199162496309707812362205/1008701755216237939747187085356819088492288588810634914484, 70927743515401753047059530449319465272680131916014455308615799287868009/9907183808839707453860008363926174172627199162496309707812362205, 799272289919146014778229721615813657437597275399779861526827928626688858888580/70927743515401753047059530449319465272680131916014455308615799287868009, 303072705529017994050563097261113722497370545360032048067399570116878639177741373096/199818072479786503694557430403953414359399318849944965381706982156672214722145, 17489668036675079248579270602804684398287934931574993904840950055780135339911786565697/151536352764508997025281548630556861248685272680016024033699785058439319588870686548, 212788944656321007828971336649981133707388897699560636566755492947127608039976771/34979336073350158497158541205609368796575869863149987809681900111560270679823573131394, 2389781765445624881443810757575636131423666576784803547266722159163331621/212788944656321007828971336649981133707388897699560636566755492947127608039976771, 253400897195553369694323371577357003903214734422290605511780678/2389781765445624881443810757575636131423666576784803547266722159163331621, 834203700944001347257871849465500398392608325131/1013603588782213478777293486309428015612858937689162422047122712, 25311525590762367632094496072398075/834203700944001347257871849465500398392608325131, 315079113563416004/25311525590762367632094496072398075, 1/315079113563416004], shape=[20], strides=[1], layout=CFcf (0xf), const ndim=1
Mu { arr: [3282205/7759777, -6915007/15519554, 40344857292169/107174427043629, -4045155/15519554, 13487427172870/35724809014543, 649666308143012050491/2882349486619798896847, 7051179/15519554, 10917940166316/35724809014543, 127087254380960865945/2882349486619798896847, 17522606765188944756843868282/39160937082032115318158916407, -1649033/15519554, -16283781937385/35724809014543, 85022008344929115945/2882349486619798896847, -13269967232875272071565216112/39160937082032115318158916407, 3329497469094581531412547452712883/6784138313195411754048353891421733, -1598878/7759777, -12012320165172/35724809014543, -19582781976464286234/2882349486619798896847, -4753280082152304368702733936/39160937082032115318158916407, 7504189037603656523135729020018187/115330351324321999818822016154169461, 2087175757454172652851497734530335180420/30082649149315480127683019110685321358581, -3206119/7759777, -15297941551520/35724809014543, 97042570050277056834/2882349486619798896847, -186999157480965160102983493/39160937082032115318158916407, -30568676458009002024507683795391648/115330351324321999818822016154169461, -34793729495842904074314869069170343209021/90247947447946440383049057332055964075743, -2813142039182898123369401867577647947054755737999/6956531627580414266532632323569808696214809703914, 1515722/7759777, -33955606457206/107174427043629, -1302330564426724793932/2882349486619798896847, 3662202000516939310559652715/39160937082032115318158916407, 118310515961387920309844074555022347/461321405297287999275288064616677844, -2153148552297509319785306916753685123396/90247947447946440383049057332055964075743, 801502968099008015508614463607698154190153566080/3478265813790207133266316161784904348107404851957, 39389571302000124258237898987791100794603941336864915830/252175438804059484936796771339204772123072147202658728621, -3647521/7759777, -7021326237803/107174427043629, 322299594962046220690/2882349486619798896847, -12436967225577263948582273659/39160937082032115318158916407, 7696432278975195003908621913866011/35486261945945230713483697278205988, -13838187604756824720447973582677335005442/90247947447946440383049057332055964075743, 125195289074527533790325695921814300420794729747/3478265813790207133266316161784904348107404851957, -108947552317719888165434534428548462496267217447641245748/252175438804059484936796771339204772123072147202658728621, 316978041985843045304908461480379643089676823070326397677760073/9907183808839707453860008363926174172627199162496309707812362205, -451580/7759777, 17151362562475/107174427043629, 152002952240569334668/2882349486619798896847, 13538659144015811751510743111/39160937082032115318158916407, 42876107568287698728803163784616917/115330351324321999818822016154169461, -34268645264895316281664157341145211091933/90247947447946440383049057332055964075743, 2185768221389685795857458245981157950185826623269/6956531627580414266532632323569808696214809703914, -111885430833004797788369700997750008283931375358759736925/252175438804059484936796771339204772123072147202658728621, -4321315573822856890868688941920711039290412645864784391061318652/9907183808839707453860008363926174172627199162496309707812362205, -21436848479227392911539378290962636623115451001344470021088991233195611/70927743515401753047059530449319465272680131916014455308615799287868009, -883920/7759777, 3889782328090/9743129731239, -9083554254338410660/2882349486619798896847, 15758525505459831897789385027/39160937082032115318158916407, -112316376103071752618087273687997325/230660702648643999637644032308338922, -8916608563408950938640202188218409500787/30082649149315480127683019110685321358581, -977859509057311575131994997289458296279116104400/3478265813790207133266316161784904348107404851957, 41304772546784846966726975268684981404950835497970510136/252175438804059484936796771339204772123072147202658728621, 1031456601713241833762338453820418665640479654750296275077877758/9907183808839707453860008363926174172627199162496309707812362205, -29772173477675169506365733112975865073872640192561451003447458577207841/70927743515401753047059530449319465272680131916014455308615799287868009, 95769734271000955133284796989260464558218435024388921699134341427456386620968/199818072479786503694557430403953414359399318849944965381706982156672214722145, 6529209/15519554, 24137419654600/107174427043629, -140120310372513500681/2882349486619798896847, 9397521499972558602418313007/39160937082032115318158916407, -71530393485886453322540911760766723/461321405297287999275288064616677844, 15894537997487989136458153008019718615318/90247947447946440383049057332055964075743, 1231134432105051353743784019039720457235258389256/3478265813790207133266316161784904348107404851957, -17411993429960877915833484603375533767769839484894547626/252175438804059484936796771339204772123072147202658728621, 1897479977001978451189877240169557751206762758364409166662085091/9907183808839707453860008363926174172627199162496309707812362205, -846570839205468460273083356383045066466977965168427596324272515780667/6447976683218341186096320949938133206607284719637677755328709026169819, 158027899975737213320607527222920694824742372450914644132525872421320469970513/799272289919146014778229721615813657437597275399779861526827928626688858888580, 35223390087006993740949138221255926736851353571366682747393700381433269665445225657/151536352764508997025281548630556861248685272680016024033699785058439319588870686548, -3550158/7759777, -30179609094605/107174427043629, 1314654951152777437546/2882349486619798896847, 4636489856169226839744662567/39160937082032115318158916407, 110070251404303069919571140169914599/230660702648643999637644032308338922, 39921183888637031518115538971278238258531/90247947447946440383049057332055964075743, 2475419202263485718119005321649132023489007200721/6956531627580414266532632323569808696214809703914, -52248917615352560582023332963228673452776272255289578397/252175438804059484936796771339204772123072147202658728621, -4864081235570283636699967017710213577673915034057029026518610926/9907183808839707453860008363926174172627199162496309707812362205, -399566959798707939985473238202718610826091879297454611314954570075726/2149325561072780395365440316646044402202428239879225918442903008723273, 2093663145777210659627198440778564080847508073127768098444225702287508699362/199818072479786503694557430403953414359399318849944965381706982156672214722145, -50355749458076782551329631147849023955361192168864483058837169215243858178416784303/151536352764508997025281548630556861248685272680016024033699785058439319588870686548, 837914991907126517058385538082336469888980236532957807171579443106175598067040169890/17489668036675079248579270602804684398287934931574993904840950055780135339911786565697, 3228082/7759777, -2075525797530/35724809014543, 637014103029194961660/2882349486619798896847, 19488511136113245093056914785/39160937082032115318158916407, 67166241009995392367326301863861971/461321405297287999275288064616677844, -32151748168929152382065241926502830971579/90247947447946440383049057332055964075743, 1296407086134921403047979638759989464903799844363/3478265813790207133266316161784904348107404851957, -103956322543568772443526628787583774494053982805238635914/252175438804059484936796771339204772123072147202658728621, -1477597992660459989639775998296450151713570166876602006433105731/9907183808839707453860008363926174172627199162496309707812362205, 5015300188062896453253138065784676830163847697040664571488703816761467/70927743515401753047059530449319465272680131916014455308615799287868009, 48159687534749968048688695471314772456093581866054749257061949841100485889853/199818072479786503694557430403953414359399318849944965381706982156672214722145, -43930536277405772839897961158804965745487188580961636357056523746671765960249622057/151536352764508997025281548630556861248685272680016024033699785058439319588870686548, -1235729883828697740640321356797459251662989216636519372396856606985413197732746184446/17489668036675079248579270602804684398287934931574993904840950055780135339911786565697, 14807429787126790164414624665756909889577161365004257730118278391154883995273963/212788944656321007828971336649981133707388897699560636566755492947127608039976771, 5959957/15519554, 32099450136928/107174427043629, 1385529116428714613053/2882349486619798896847, -15123442010083486046776510850/39160937082032115318158916407, -224950266282002722089026899035637085/461321405297287999275288064616677844, 9547489471166002276395036784006075264721/30082649149315480127683019110685321358581, 776205043305763073555993454687333195156193061849/3478265813790207133266316161784904348107404851957, 82683539443600472871589543678721161578604968227834410038/252175438804059484936796771339204772123072147202658728621, 2139177053021982342345368195323449500598314282387495220760814021/9907183808839707453860008363926174172627199162496309707812362205, -18953514515867673952825174848324709011799227909296878929448898578121777/70927743515401753047059530449319465272680131916014455308615799287868009, -173543320114947715335728390860391337638315148447820718481965857424937179080427/399636144959573007389114860807906828718798637699889930763413964313344429444290, 130940015703440827242746002886595943402897885650406141064687990331935945525005749513/303072705529017994050563097261113722497370545360032048067399570116878639177741373096, -2757723449431563032695444598254102998853302233065021535089297505833866803178523930739/17489668036675079248579270602804684398287934931574993904840950055780135339911786565697, -50451363457702818788527510926438291240008904384509306595757902428859128078389483/425577889312642015657942673299962267414777795399121273133510985894255216079953542, 491624167419149498997361117384696649893274815607190257263914795110591003/4779563530891249762887621515151272262847333153569607094533444318326663242, -666297/7759777, 34741625342392/107174427043629, 348156408384094484122/2882349486619798896847, -11491355027915066585463467897/39160937082032115318158916407, -32973931316888035907861773110266235/230660702648643999637644032308338922, -13149353563235235279448882370043366754732/30082649149315480127683019110685321358581, -3292926267172275385446833264066286466895842777833/6956531627580414266532632323569808696214809703914, -45355140636671589015617307691097295984775046692703660217/252175438804059484936796771339204772123072147202658728621, 3237241120264784972997423233609931239002999635658873075695872882/9907183808839707453860008363926174172627199162496309707812362205, 26701606081256817004131283290958547574923490499884781144423595855640271/70927743515401753047059530449319465272680131916014455308615799287868009, -111163458258808224095301272707511872548657207956442847664969070074236882262791/799272289919146014778229721615813657437597275399779861526827928626688858888580, 27285650251520570189478531975725704338986969876290342935923375599732013325501981903/75768176382254498512640774315278430624342636340008012016849892529219659794435343274, 1099360174707959413009986998776405703642815213897391652114220821095863368526489394815/17489668036675079248579270602804684398287934931574993904840950055780135339911786565697, -20301818719530879975727510885013340100515330022110412830789506934521311947643133/212788944656321007828971336649981133707388897699560636566755492947127608039976771, 853720631979308992919734179318459928246087406761799604571095412505299067/2389781765445624881443810757575636131423666576784803547266722159163331621, -36203040045009826891157117661089811203149858448124506210386521/506801794391106739388646743154714007806429468844581211023561356, -2131075/7759777, -6681894275139/35724809014543, 15547153168944061380/2882349486619798896847, -1887624094373695664495650202/39160937082032115318158916407, 89215173346059693715168655861806365/230660702648643999637644032308338922, -25258352135752454180849529267805587494516/90247947447946440383049057332055964075743, 2774359325413866389357121901790289065970955509963/6956531627580414266532632323569808696214809703914, 22696051785337635403557907858021001234650469941616446253/252175438804059484936796771339204772123072147202658728621, -769813744784923790445733138846694754011700086818061449788501762/1981436761767941490772001672785234834525439832499261941562472441, -5077920055928181876713334652962993470974757940323232284613741363598675/23642581171800584349019843483106488424226710638671485102871933095956003, -794304181894669995361732527504179770160252751311233314342664484566746089007/399636144959573007389114860807906828718798637699889930763413964313344429444290, 4067248993576303153953804777678581625106998234922486917170678279404985062165374237/75768176382254498512640774315278430624342636340008012016849892529219659794435343274, -1443923542369670660602036232822625053218861677754635311193381633939054411873041911910/5829889345558359749526423534268228132762644977191664634946983351926711779970595521899, 88937323758222653239585623809972782929272750894281560046492339153715605615214406/212788944656321007828971336649981133707388897699560636566755492947127608039976771, 265285182982393907535528405800979228679572329640668713824202305941240651/2389781765445624881443810757575636131423666576784803547266722159163331621, 2814115889307535438940997676544987721635598163440987227827691/126700448597776684847161685788678501951607367211145302755890339, -376394552362571621100720166330274363917551905148/834203700944001347257871849465500398392608325131, 3048545/15519554, -11850525944338/35724809014543, 293049128200064141661/2882349486619798896847, -14261039085466984575561682172/39160937082032115318158916407, 68355631186022656629976085165616433/230660702648643999637644032308338922, -8760458399759407803108127031332234815992/90247947447946440383049057332055964075743, -1212126993461502692368932657525277076420715796009/6956531627580414266532632323569808696214809703914, 112287735174638358092453071569789655624584039669568816151/252175438804059484936796771339204772123072147202658728621, 70541203098586188173643963341450043446600122855539924350926298/9907183808839707453860008363926174172627199162496309707812362205, -4877799103964374580337255232572722331678615292943067784096823519394482/23642581171800584349019843483106488424226710638671485102871933095956003, 333300717227238090568495268393288900745726589441529450521863066641217697607073/799272289919146014778229721615813657437597275399779861526827928626688858888580, 12361744425861276904793683397636002851323365759509543425150657022784522147005415537/151536352764508997025281548630556861248685272680016024033699785058439319588870686548, 1803843252501538328635508072381392394460887366807144288564843873096636863562539503023/5829889345558359749526423534268228132762644977191664634946983351926711779970595521899, -8096970929261512780382389607228980907417014140092607086542859493234363069986442/212788944656321007828971336649981133707388897699560636566755492947127608039976771, 35491636815259470364454977379392442241968437634117454637357617558415653/2389781765445624881443810757575636131423666576784803547266722159163331621, 28723775367708691333970023997350658306768622175969816095233325/126700448597776684847161685788678501951607367211145302755890339, -213751775434864883855302940359300718652389720532/834203700944001347257871849465500398392608325131, -1589116899519987428053363395810326/25311525590762367632094496072398075, -1533289/7759777, 1094517979015/3247709910413, -1305205518533325985224/2882349486619798896847, 14966486382987861873354802806/39160937082032115318158916407, 17438669456909271875921841617649272/115330351324321999818822016154169461, 4442487648395968576467588213068409777614/30082649149315480127683019110685321358581, 940209431989622626762778554856418234326166034683/6956531627580414266532632323569808696214809703914, -3794752910924288569409142943012463473105768354865000691/252175438804059484936796771339204772123072147202658728621, 609795044387082305431356899021508017546739774562205087902805396/9907183808839707453860008363926174172627199162496309707812362205, 26468591996984916049617747003745089468659578533931416915303159680139518/70927743515401753047059530449319465272680131916014455308615799287868009, -38523991720032095519404356835794917634447594299946539111904315324667285676969/799272289919146014778229721615813657437597275399779861526827928626688858888580, -107678582638170685695758363200479607314009843145186028823185475162056956348036683507/303072705529017994050563097261113722497370545360032048067399570116878639177741373096, -4556154509488917087443809043756857179458746145451171410524128015670478005014165479528/17489668036675079248579270602804684398287934931574993904840950055780135339911786565697, -91167462904814715332567653260845371223602048338701802551922589512525016015755649/425577889312642015657942673299962267414777795399121273133510985894255216079953542, 34944194621047076838939905138685635558747645310976814645323511436832281/4779563530891249762887621515151272262847333153569607094533444318326663242, -16336353763414200016598559459833683932040638064585395014917908/126700448597776684847161685788678501951607367211145302755890339, -351526141477323536871783578362940662165812894396/834203700944001347257871849465500398392608325131, 4861720924995085331188071286928012/25311525590762367632094496072398075, -46769567084511323/315079113563416004] }
(hist.len, cnt): (387, 4432)
[(0, 1), (0, 1), (1, 2), (0, 2), (1, 2), (0, 3), (0, 3), (0, 3), (1, 2), (0, 3), (1, 3), (0, 4), (0, 3), (0, 4), (1, 2), (0, 3), (1, 2), (2, 3), (3, 5), (0, 5), (2, 3), (2, 4), (3, 4), (0, 5), (2, 5), (3, 4), (0, 5), (1, 3), (4, 5), (2, 6), (3, 5), (1, 6), (0, 1), (3, 5), (1, 6), (0, 1), (1, 2), (2, 3), (0, 5), (3, 6), (1, 6), (2, 6), (2, 7), (0, 2), (1, 5), (3, 6), (2, 7), (1, 2), (3, 5), (1, 6), (0, 1), (0, 2), (2, 6), (3, 4), (2, 7), (0, 2), (1, 2), (3, 4), (2, 5), (1, 6), (0, 1), (2, 7), (0, 2), (1, 2), (3, 5), (2, 7), (1, 2), (2, 3), (3, 4), (5, 6), (6, 7), (4, 6), (1, 4), (0, 1), (2, 3), (4, 6), (2, 7), (0, 2), (3, 5), (2, 5), (4, 6), (3, 4), (1, 6), (3, 5), (4, 5), (4, 7), (1, 4), (3, 8), (1, 3), (2, 3), (3, 4), (4, 5), (2, 7), (3, 4), (4, 5), (5, 7), (3, 8), (0, 3), (2, 3), (3, 5), (1, 6), (2, 3), (3, 8), (0, 3), (1, 3), (2, 7), (0, 2), (1, 2), (4, 5), (5, 6), (3, 8), (0, 3), (1, 2), (4, 5), (2, 7), (0, 2), (1, 2), (1, 3), (6, 7), (4, 9), (0, 4), (0, 3), (0, 4), (5, 8), (1, 5), (4, 9), (0, 4), (3, 5), (7, 8), (4, 9), (0, 4), (2, 3), (1, 6), (2, 7), (3, 5), (4, 7), (3, 8), (0, 3), (1, 2), (2, 3), (6, 9), (3, 6), (2, 3), (5, 7), (6, 8), (4, 6), (4, 9), (0, 4), (2, 5), (3, 6), (3, 7), (1, 3), (4, 5), (7, 8), (4, 9), (1, 4), (3, 5), (3, 6), (4, 5), (4, 8), (3, 4), (4, 6), (5, 9), (1, 5), (2, 3), (5, 6), (2, 5), (3, 4), (6, 7), (7, 8), (5, 9), (0, 5), (2, 5), (3, 4), (4, 7), (2, 4), (3, 4), (4, 5), (6, 8), (1, 6), (0, 1), (1, 2), (0, 3), (2, 3), (4, 5), (8, 9), (9, 10), (4, 9), (0, 4), (1, 3), (0, 4), (3, 4), (0, 5), (2, 3), (2, 4), (5, 6), (4, 5), (3, 7), (5, 10), (1, 5), (2, 4), (3, 4), (3, 5), (4, 5), (3, 6), (2, 7), (0, 2), (1, 6), (4, 7), (5, 9), (2, 5), (6, 10), (1, 6), (0, 1), (2, 4), (3, 5), (6, 7), (5, 10), (0, 5), (1, 3), (2, 5), (1, 6), (4, 5), (5, 10), (0, 5), (1, 2), (3, 4), (0, 5), (1, 2), (3, 4), (4, 5), (6, 8), (1, 6), (4, 5), (4, 9), (0, 4), (3, 4), (3, 5), (3, 5), (5, 10), (0, 5), (2, 3), (3, 5), (4, 5), (2, 6), (3, 8), (0, 3), (2, 4), (3, 5), (2, 6), (1, 2), (5, 10), (0, 5), (4, 5), (6, 11), (2, 6), (1, 2), (2, 4), (3, 5), (6, 7), (6, 8), (6, 11), (1, 6), (0, 1), (0, 3), (3, 7), (3, 8), (0, 3), (7, 9), (6, 7), (4, 6), (6, 11), (1, 6), (3, 5), (2, 6), (3, 4), (5, 6), (5, 7), (6, 7), (4, 9), (2, 4), (2, 4), (3, 4), (5, 6), (5, 9), (2, 5), (3, 5), (4, 5), (6, 7), (5, 10), (0, 5), (2, 3), (1, 4), (2, 5), (5, 10), (0, 5), (2, 3), (3, 4), (5, 7), (2, 5), (6, 11), (1, 6), (3, 4), (4, 5), (5, 6), (5, 7), (3, 8), (0, 3), (4, 5), (5, 10), (0, 5), (1, 3), (2, 3), (6, 11), (1, 6), (0, 1), (2, 4), (4, 6), (3, 4), (7, 8), (6, 11), (3, 6), (1, 6), (0, 1), (2, 3), (1, 4), (9, 10), (9, 12), (4, 9), (0, 4), (1, 3), (2, 3), (3, 4), (4, 5), (5, 7), (2, 5), (6, 7), (7, 12), (2, 7), (0, 2), (3, 4), (5, 7), (1, 5), (3, 5), (8, 12), (5, 8), (1, 5), (4, 5), (7, 11), (2, 7), (1, 2), (3, 5), (4, 5), (7, 12), (2, 7), (0, 2), (4, 5), (1, 5), (4, 5), (2, 6), (2, 7), (0, 2), (2, 4), (3, 4), (5, 10), (1, 5), (3, 4), (6, 10), (7, 12), (4, 7), (0, 4), (6, 7), (9, 10), (8, 9), (9, 11), (7, 12), (2, 7), (0, 2), (1, 2), (3, 5), (5, 7), (3, 5), (4, 5), (5, 6), (8, 9), (9, 11), (11, 12)]
