results/deeplll05/ndim20seed0cnt1000dim20delta0.98999995.txt: 50.605 sec
b: [[94, -463, 561, 346, 436, -377, -64, 411, -160, 186, 425, -144, -104, 44, 226, -201, 228, 141, -59, 210],
 [-383, 50, -130, -583, 69, 274, -313, 63, 177, 89, -459, 220, 154, -377, -16, -393, -615, 313, -52, -293],
 [523, -57, -464, -435, -239, -194, -35, 270, -211, 210, 740, -24, -15, 257, -193, -169, -70, -122, -164, 218],
 [-309, 405, -370, -178, -268, -28, -141, 546, -162, -100, 155, 314, 11, -534, -641, -43, -352, 128, -313, 210],
 [304, 356, -62, -317, 194, 42, -49, 265, -144, 38, -122, -20, -491, -72, -554, 354, 424, -402, -566, 53],
 [307, -4, 266, 543, 115, 97, -271, 186, -144, 23, 92, -151, -61, 273, 359, -311, -755, 39, 427, -526],
 [295, 133, -224, 348, -354, 531, 184, -91, -62, -327, -316, -154, -225, 713, 434, 649, -110, 497, 290, -295],
 [55, -210, -357, -146, -348, -506, 58, -125, 76, -353, 356, -86, 488, -331, -502, -221, 261, -18, 216, -377],
 [205, 453, -351, -65, 43, 369, 267, 156, -387, -114, -297, 175, 186, 161, -228, -248, -536, -587, 472, 223],
 [217, -396, -85, 28, 203, -195, 11, 206, -136, 342, 513, 399, -224, -130, -56, 503, -408, -383, -64, -70],
 [390, 461, -83, 41, -314, 267, -140, 657, -248, -4, 0, 309, 111, -9, -402, -410, -282, 40, -62, 163],
 [242, -162, -148, 211, -81, -206, 88, -244, -11, 530, 546, -126, -162, 209, -19, 8, -256, -72, 81, 341],
 [-65, 181, -220, -127, 636, -251, 368, -515, 92, 119, 14, 235, 349, 225, 126, 170, 764, -521, 451, 21],
 [83, 211, -10, 183, -395, 123, -63, 377, -292, -222, 197, -282, -113, 142, -20, -278, -350, 73, -108, 327],
 [254, 200, -93, -21, -81, -353, -231, 346, -86, -114, 481, -30, -188, -176, -468, 137, 317, -147, -396, -254],
 [-281, 91, 283, 0, 196, 124, -44, 348, -194, -215, -468, -40, -50, -446, -306, -288, -293, -204, -83, 114],
 [45, -81, -287, -186, -151, -72, -160, 436, -254, -270, 226, 84, 100, -291, -279, -161, -723, -142, 98, -361],
 [-207, 108, -391, -76, -98, 242, 102, 35, 73, -213, -443, 190, 422, 18, -47, -111, -202, 747, 525, -306],
 [191, 45, -39, -89, -6, -112, -151, 352, -174, -242, 102, -76, -238, -203, -380, 174, -41, -229, -260, -325],
 [-192, -505, 228, -140, 456, -49, -68, 190, 79, -92, -186, 176, 46, -101, 342, 235, 102, 382, 69, -443]], shape=[20, 20], strides=[20, 1], layout=Cc (0x5), const ndim=2
v_norms: [1648116, 644545731800/412029, 1055722974870131059/644545731800, 1441512597805496175352187/1055722974870131059, 1983481451781095135581003806685/1441512597805496175352187, 2784583458238364578722515225540790673/1983481451781095135581003806685, 3527548064964937987838839557127321696646759/2784583458238364578722515225540790673, 3635215578538232043432989506252347643862688552409/3527548064964937987838839557127321696646759, 3315300072788703704914771462262366577136285292604294749/3635215578538232043432989506252347643862688552409, 3472003208755693982286059049907513388528253807345229956077457/3315300072788703704914771462262366577136285292604294749, 1075117915063728675309899146920642570410184477875817908963559570073/3472003208755693982286059049907513388528253807345229956077457, 251323411939472461375937933388468530593764680079511310753448319349764994/1075117915063728675309899146920642570410184477875817908963559570073, 173439438108047924987064190251226370145596710557674128769121423563499117003653/251323411939472461375937933388468530593764680079511310753448319349764994, 183724144486241934326980294536252374024120399816858646203259401164403798622799/346878876216095849974128380502452740291193421115348257538242847126998234007306, 650472910490211124158990632541118383471972855506264837968728677501308582/183724144486241934326980294536252374024120399816858646203259401164403798622799, 334906178556299896735745443898903570599132459177439161141230703/650472910490211124158990632541118383471972855506264837968728677501308582, 12402148753576160448894853216181365068698576337735/669812357112599793471490887797807141198264918354878322282461406, 4543574262072911273109456187617242/4134049584525386816298284405393788356232858779245, 38714953893760385/4543574262072911273109456187617242, 1/116144861681281155], shape=[20], strides=[1], layout=CFcf (0xf), const ndim=1
Mu { arr: [-355693/824058, 40793/412029, -125363164883/644545731800, -81851/274686, 43895676759/128909146360, 424461017961860365/1055722974870131059, -182725/1648116, -370516803157/1289091463600, 467961349075458661/2111445949740262118, 1130900522216070445673073/2883025195610992350704374, 105761/412029, 147690134251/644545731800, -85687421609586523/1055722974870131059, -503112751563578082021240/1441512597805496175352187, -766992627990884006807190090593/1983481451781095135581003806685, -617495/1648116, -22700754161/51563658544, -619195197501572775/2111445949740262118, -1187991947605935128698237/2883025195610992350704374, -458080260732618641022215096312/1983481451781095135581003806685, 1310780807045454300711255754555152217/2784583458238364578722515225540790673, -247871/1648116, -138521691809/1289091463600, 632682088350927857/2111445949740262118, 415331354680488257841323/2883025195610992350704374, -695379731991136261524347109183/1983481451781095135581003806685, -739160545942350631544929260971487922/2784583458238364578722515225540790673, -1512871471056082451099379875964678414128598/3527548064964937987838839557127321696646759, -46697/96948, -52245863683/1289091463600, 423194303692796659/2111445949740262118, 229731205785079669393449/2883025195610992350704374, -37627301684779214171854660825/396696290356219027116200761337, 1300328204988343748300620303446863915/2784583458238364578722515225540790673, -977582118227708674543099715785136596877954/3527548064964937987838839557127321696646759, -1523751569816234198394000634705410014841481623358/3635215578538232043432989506252347643862688552409, 403541/1648116, -109271100559/1289091463600, 746333191883313007/2111445949740262118, 353495855590198678047429/2883025195610992350704374, 177595548516642713680489610108/1983481451781095135581003806685, 593173049006652101598107568790446072/2784583458238364578722515225540790673, -398796126645271425443126081787799028507341/3527548064964937987838839557127321696646759, -652054984533793096678791876950292683408796895308/3635215578538232043432989506252347643862688552409, -604642614908542159641274196366783679160732144344277778/3315300072788703704914771462262366577136285292604294749, -35741/274686, 106262036859/644545731800, 465898477389021893/1055722974870131059, 717222742575902938578611/1441512597805496175352187, -13080389695741810980537242289/1983481451781095135581003806685, 1232545851663929988966536734637467784/2784583458238364578722515225540790673, 248092971831865382910169578967694835443053/3527548064964937987838839557127321696646759, -460082796345657832806028260560492772545979929466/3635215578538232043432989506252347643862688552409, 1273453509896626100594814556088178571923248558609292661/3315300072788703704914771462262366577136285292604294749, -1248601520231244378787618766785510371350954186067750311742245/3472003208755693982286059049907513388528253807345229956077457, 393149/1648116, -369774425161/1289091463600, 829854078013854553/2111445949740262118, -445030171804458394549889/2883025195610992350704374, -101605357189711665493054865589/396696290356219027116200761337, 163212086224913362855384866505703100/2784583458238364578722515225540790673, -507936490378254862888988274039034647624154/3527548064964937987838839557127321696646759, -198519529559435505283466300089623415216526033911/519316511219747434776141358036049663408955507487, -904956061836531949897324910635327672543846504646404001/3315300072788703704914771462262366577136285292604294749, 599008458813236500897714089408779186178777649404282858063124/3472003208755693982286059049907513388528253807345229956077457, -224947395271297967290470003442047931484054883644923867073009868542/1075117915063728675309899146920642570410184477875817908963559570073, -94603/1648116, -126420558809/257818292720, -427355763117573715/2111445949740262118, -1183267324361547127678405/2883025195610992350704374, 268348226577775159330602406771/1983481451781095135581003806685, -1335217352951148016278838084375457896/2784583458238364578722515225540790673, -1759793436554768131850334562700402399648881/3527548064964937987838839557127321696646759, -5593792816395842890495262422030561244162382222/519316511219747434776141358036049663408955507487, 1546338251773415312817751203668911079126604429235708134/3315300072788703704914771462262366577136285292604294749, 788851060807925240949853800819931494116756416202521460957080/3472003208755693982286059049907513388528253807345229956077457, -267002016971759732173630434804309758521026700437287779963847126471/1075117915063728675309899146920642570410184477875817908963559570073, -73859441838050234168651671100559110767168201987710278904210651559933485/251323411939472461375937933388468530593764680079511310753448319349764994, 112859/1648116, -10772087201/257818292720, 603593814895267365/2111445949740262118, 865517333802511457097813/2883025195610992350704374, -929775138356651294862876189041/3966962903562190271162007613370, 1939777102879270701067774705748401101/5569166916476729157445030451081581346, 694003943935000769446748728606857183170031/3527548064964937987838839557127321696646759, -788804582523657768921342762429644431777899558896/3635215578538232043432989506252347643862688552409, 644947958677778430041835153849895372231136995395012233/6630600145577407409829542924524733154272570585208589498, -1077303862453632209452885875109671797136064187415861524766379/2314668805837129321524039366605008925685502538230153304051638, -357955393154182448690626031202111268543365749386176389078021696175/2150235830127457350619798293841285140820368955751635817927119140146, -70410253031966175774013084547324312133825052459068720055710067257480465/502646823878944922751875866776937061187529360159022621506896638699529988, -163160814150940448576758917061640987179252379696273854995941360048046697723819/346878876216095849974128380502452740291193421115348257538242847126998234007306, 227969/1648116, -313481057521/1289091463600, 834630585471646833/2111445949740262118, 1367332380174608544479195/2883025195610992350704374, 299039774222173989776250863929/793392580712438054232401522674, 646580548174241335570539342208246395/5569166916476729157445030451081581346, -417670312674079836901260103879826672339652/3527548064964937987838839557127321696646759, 1762228259859175456233946105628389438959030283425/3635215578538232043432989506252347643862688552409, -2402276255834724684627837868870205238104372701134089207/6630600145577407409829542924524733154272570585208589498, -50916380571030812151453629806552063820576018093087642385629/2314668805837129321524039366605008925685502538230153304051638, 70593637200529854626667795876805592408939619315843124515604831257/2150235830127457350619798293841285140820368955751635817927119140146, -161664443055889434177541326945744169077923494460370447588369105682090743/502646823878944922751875866776937061187529360159022621506896638699529988, 45524201882756537555170252269170771890105187380966223249824401676070136624611/346878876216095849974128380502452740291193421115348257538242847126998234007306, 66979939622179187340406373055410174747934484908901659287322657032342440049245/183724144486241934326980294536252374024120399816858646203259401164403798622799, -19745/1648116, 550779229741/1289091463600, -514045006303594893/2111445949740262118, 1323774076355951555859437/2883025195610992350704374, 899774343905144839891255178293/3966962903562190271162007613370, 887627056083080200098689682862888897/5569166916476729157445030451081581346, -833769344595042903508703883096375454840447/3527548064964937987838839557127321696646759, -244888681851619866155234192744666600021404691784/3635215578538232043432989506252347643862688552409, 2881288543703290832394281786832384894769162336406034207/6630600145577407409829542924524733154272570585208589498, -829158732972410507428988169635554938647167719749639244530315/6944006417511387964572118099815026777056507614690459912154914, -284932658029303163775354804585386453029062359027260503668729652545/2150235830127457350619798293841285140820368955751635817927119140146, -18542424288801882414168453785564076947196635953507509216354255818887117/502646823878944922751875866776937061187529360159022621506896638699529988, -149645367422205469605956210304053873418671130271898842787344900263440391535239/346878876216095849974128380502452740291193421115348257538242847126998234007306, -84648697096391685634886154499938117270703370318864127668144854143283700606981/183724144486241934326980294536252374024120399816858646203259401164403798622799, 134721121363281724051107631039543111259555530047380745791071443997501821/650472910490211124158990632541118383471972855506264837968728677501308582, -278867/1648116, 97399205201/257818292720, 900057354371225835/2111445949740262118, 912737016781537885871601/2883025195610992350704374, -418454544109315172906430877494/1983481451781095135581003806685, 1275901574856941330575596210156967739/2784583458238364578722515225540790673, -487587402642572803790002018217133639824471/3527548064964937987838839557127321696646759, 1267712830286422753130567906805237408346361511837/3635215578538232043432989506252347643862688552409, 565660851931525066976319617265664287957379529928065655/3315300072788703704914771462262366577136285292604294749, 1071345591810615465197235324449353108282757671324653567285962/3472003208755693982286059049907513388528253807345229956077457, -280109497456667553021129555755234163496896279506294095137453277867/1075117915063728675309899146920642570410184477875817908963559570073, -94827393031691290402254761897459492105447135510876779086915931303414547/251323411939472461375937933388468530593764680079511310753448319349764994, -48978104970246581529486461940644345861854908624309836129975153912338608306621/173439438108047924987064190251226370145596710557674128769121423563499117003653, 9046569571553392739168833976411211385441876045951679890756426134566888564747/183724144486241934326980294536252374024120399816858646203259401164403798622799, -3706750536341138683681979730270114119139678298745200759569499151932880/325236455245105562079495316270559191735986427753132418984364338750654291, 162109450515105336864810292603288163912177025696595602631317654/334906178556299896735745443898903570599132459177439161141230703, -129253/274686, 131227034961/322272865900, -201804784526841906/1055722974870131059, -66993514094983685735790/1441512597805496175352187, -391373284821209453153914347303/793392580712438054232401522674, 14409543170952162953975917368750155/5569166916476729157445030451081581346, 1514662147341266596219155823422100422559187/3527548064964937987838839557127321696646759, 108066504534850994413707168244083909495872027644/279631967579864003340999192788642126450976042493, 2675232655132206350816592476865596789020704784792939813/6630600145577407409829542924524733154272570585208589498, -617441982828409931797742644879835866916856469588345721738983/6944006417511387964572118099815026777056507614690459912154914, 378551405810594023445483655946521192067179245659336981843397664599/2150235830127457350619798293841285140820368955751635817927119140146, 193843674429384964887868904457521610880261632593496440840172604982721299/502646823878944922751875866776937061187529360159022621506896638699529988, 148530904586878650976857659240017926180309445982126375479265830881975395695769/346878876216095849974128380502452740291193421115348257538242847126998234007306, 3836574181777843269836825642964902937856329049897757526719106909479647919534/183724144486241934326980294536252374024120399816858646203259401164403798622799, 100180626079030483048432466141196020664375562387159820783407773000068296/325236455245105562079495316270559191735986427753132418984364338750654291, 27517875051394701017815909928699925033320066352994477835638226/334906178556299896735745443898903570599132459177439161141230703, 2018205025135310409427142898724187310812160162881/4134049584525386816298284405393788356232858779245, -8023/549372, -51101520951/1289091463600, 424209973981513223/2111445949740262118, 1000418658674847403801987/2883025195610992350704374, 1537744138515058513365575604411/3966962903562190271162007613370, 1603367246577020920635442532723028649/5569166916476729157445030451081581346, -142957009954646055533994620957812078059486/3527548064964937987838839557127321696646759, 1436713974123050370368291340177799913727324913625/3635215578538232043432989506252347643862688552409, -497154041788147615224857069804352140213251108207553359/6630600145577407409829542924524733154272570585208589498, 1049633257263935295960262383833391198710717970933358621369433/6944006417511387964572118099815026777056507614690459912154914, -338098789489163094581105177108529226560771139977290915330607511105/2150235830127457350619798293841285140820368955751635817927119140146, -159364830594169610465611177628671254150752253109002527802749246571528473/502646823878944922751875866776937061187529360159022621506896638699529988, -75176329034338846319226637183100257764378514283223004326104555043142285216919/346878876216095849974128380502452740291193421115348257538242847126998234007306, 84629113318704671938186269676954635877538957506110494398979510017733528274468/183724144486241934326980294536252374024120399816858646203259401164403798622799, 110403479681270976001393188393976098072138487375077625024723047099570348/325236455245105562079495316270559191735986427753132418984364338750654291, 146227379672929997096208315982415352960954313207483941298311032/334906178556299896735745443898903570599132459177439161141230703, -1846452859621857845402162993027247694907704609873/4134049584525386816298284405393788356232858779245, 455870251467580523999722159111819/4543574262072911273109456187617242, 230833/824058, 251790761281/644545731800, -361606510502442913/1055722974870131059, -328106874187965909124256/1441512597805496175352187, 331904375196035774118953748217/3966962903562190271162007613370, -699594780498830395597008385282883397/5569166916476729157445030451081581346, 1177724287922158008653609569462122465367265/3527548064964937987838839557127321696646759, 104988647552199366112635746003421515058638912756/279631967579864003340999192788642126450976042493, 56988131775576952284440593886838074543569889305056745/6630600145577407409829542924524733154272570585208589498, 1038261042658895553903992895563559134333606041222185200530011/2314668805837129321524039366605008925685502538230153304051638, -79093550341716280353870225824961960904207641800897673141867791037/2150235830127457350619798293841285140820368955751635817927119140146, -231634008134620447222618238150627240551450601144619335844040253849950639/502646823878944922751875866776937061187529360159022621506896638699529988, 68108431551326219239038262296393160560034926831451995834147001729579549748535/346878876216095849974128380502452740291193421115348257538242847126998234007306, -87119127258696056864791999345337368293659796548026144793604905432823621323376/183724144486241934326980294536252374024120399816858646203259401164403798622799, -283546658178475142734215833545858764755403861333034885365712235836785115/650472910490211124158990632541118383471972855506264837968728677501308582, -166791904074351403449121694233232458268026843960610715474018799/334906178556299896735745443898903570599132459177439161141230703, -2469871494008719957234455331908199529652836435279/12402148753576160448894853216181365068698576337735, -296869149869482732619949758812223/2271787131036455636554728093808621, -15147954699388746/38714953893760385] }
(hist.len, cnt): (428, 5104)
[(0, 1), (1, 2), (0, 2), (1, 3), (1, 4), (2, 3), (1, 4), (3, 4), (2, 5), (3, 5), (0, 5), (0, 4), (1, 3), (1, 4), (2, 3), (1, 5), (3, 4), (1, 5), (3, 4), (2, 5), (1, 6), (0, 1), (1, 2), (1, 5), (2, 4), (1, 6), (0, 1), (1, 2), (0, 3), (1, 3), (0, 4), (3, 4), (0, 5), (1, 2), (3, 4), (0, 5), (1, 6), (0, 1), (1, 2), (1, 5), (3, 4), (0, 5), (2, 7), (0, 2), (1, 6), (1, 4), (1, 5), (3, 4), (3, 5), (3, 7), (1, 3), (2, 7), (0, 2), (2, 5), (3, 4), (2, 5), (1, 6), (2, 3), (2, 5), (1, 6), (0, 1), (6, 7), (5, 6), (4, 5), (3, 8), (0, 3), (1, 4), (4, 5), (5, 6), (7, 8), (6, 7), (4, 6), (3, 4), (5, 6), (2, 7), (0, 2), (1, 2), (3, 8), (0, 3), (1, 2), (1, 6), (6, 7), (3, 8), (0, 3), (1, 2), (3, 5), (2, 6), (1, 2), (4, 5), (2, 7), (0, 2), (1, 3), (2, 3), (2, 4), (2, 5), (4, 5), (3, 6), (4, 7), (2, 4), (4, 6), (3, 4), (2, 7), (3, 4), (3, 8), (1, 3), (3, 4), (0, 5), (4, 9), (0, 4), (0, 5), (2, 4), (3, 4), (3, 5), (6, 8), (2, 6), (3, 5), (3, 6), (4, 9), (0, 4), (3, 4), (1, 6), (5, 6), (3, 8), (0, 3), (1, 3), (2, 3), (4, 7), (5, 9), (1, 5), (2, 3), (2, 4), (2, 5), (6, 7), (4, 9), (0, 4), (1, 4), (3, 4), (3, 6), (1, 3), (2, 3), (4, 9), (0, 4), (1, 2), (3, 4), (3, 5), (4, 5), (1, 6), (4, 5), (4, 9), (1, 4), (5, 6), (3, 7), (3, 8), (0, 3), (1, 2), (1, 3), (1, 3), (5, 10), (4, 5), (6, 7), (5, 8), (1, 5), (3, 5), (7, 9), (4, 7), (1, 4), (4, 5), (4, 6), (5, 10), (0, 5), (3, 4), (2, 5), (2, 5), (2, 6), (0, 2), (3, 7), (4, 5), (5, 9), (2, 5), (4, 5), (6, 8), (5, 10), (0, 5), (1, 2), (2, 3), (2, 4), (2, 5), (2, 6), (2, 7), (0, 2), (4, 6), (2, 4), (3, 4), (5, 7), (1, 5), (3, 4), (3, 5), (6, 8), (1, 6), (0, 1), (0, 2), (3, 7), (2, 3), (8, 9), (5, 10), (0, 5), (1, 2), (2, 4), (4, 5), (4, 7), (3, 4), (6, 7), (6, 9), (2, 6), (1, 2), (6, 8), (5, 10), (0, 5), (0, 2), (3, 7), (1, 3), (5, 6), (5, 10), (0, 5), (0, 2), (0, 4), (3, 4), (5, 8), (1, 5), (5, 7), (4, 5), (5, 6), (5, 7), (9, 10), (7, 11), (2, 7), (1, 2), (2, 4), (5, 6), (3, 8), (1, 3), (7, 11), (2, 7), (0, 2), (1, 3), (4, 5), (2, 6), (6, 11), (1, 6), (0, 1), (1, 3), (0, 4), (1, 2), (3, 5), (1, 6), (0, 1), (2, 3), (4, 9), (1, 4), (2, 3), (3, 4), (8, 9), (5, 10), (1, 5), (2, 5), (6, 11), (1, 6), (0, 1), (2, 5), (3, 5), (3, 6), (4, 9), (1, 4), (7, 8), (6, 9), (5, 6), (4, 5), (6, 10), (4, 6), (1, 4), (4, 5), (3, 6), (8, 9), (6, 11), (1, 6), (0, 1), (1, 3), (2, 3), (0, 4), (2, 7), (1, 2), (8, 9), (7, 8), (6, 10), (2, 6), (1, 2), (4, 6), (6, 7), (8, 11), (4, 8), (2, 4), (3, 4), (2, 5), (3, 6), (6, 8), (1, 6), (7, 12), (2, 7), (0, 2), (1, 3), (2, 3), (8, 9), (6, 8), (4, 6), (3, 4), (5, 6), (5, 9), (1, 5), (2, 5), (3, 5), (4, 7), (2, 4), (3, 6), (4, 5), (10, 11), (8, 10), (9, 12), (4, 9), (0, 4), (4, 8), (1, 4), (2, 3), (4, 7), (6, 8), (4, 6), (5, 9), (0, 5), (2, 3), (2, 4), (3, 4), (6, 10), (1, 6), (0, 1), (1, 3), (3, 4), (5, 6), (4, 5), (7, 12), (2, 7), (0, 2), (2, 6), (3, 6), (7, 12), (2, 7), (0, 2), (1, 2), (2, 3), (4, 5), (10, 15), (5, 10), (1, 5), (2, 4), (6, 7), (9, 10), (6, 11), (1, 6), (6, 9), (5, 10), (0, 5), (4, 5), (8, 12), (3, 8), (4, 5), (7, 12), (2, 7), (0, 2), (3, 4), (5, 6), (5, 10), (0, 5), (1, 2), (5, 7), (4, 5), (5, 10), (4, 5), (5, 8), (7, 12), (3, 7), (5, 10), (1, 5), (9, 12), (8, 9), (9, 14), (4, 9), (0, 4), (1, 3), (3, 4), (5, 8), (4, 5), (10, 14), (7, 10), (2, 7), (1, 2), (4, 5), (2, 7), (0, 2), (3, 8), (1, 3), (6, 11), (1, 6), (0, 1), (2, 3), (2, 4), (4, 6), (7, 8), (8, 13), (3, 8), (0, 3), (2, 3), (1, 4), (3, 7), (1, 3), (5, 6), (7, 10), (4, 7), (9, 12), (8, 9), (10, 13)]
