results/deeplll05/ndim20seed3cnt1000dim20delta1.txt: 46.029 sec
b: [[-101, -36, -104, -83, 35, -83, 36, 3, -13, 128, 71, 46, 101, 51, -58, -156, -191, -56, 172, -44],
 [-81, -179, -109, -99, 39, -166, -53, -134, -8, -64, 151, 145, -127, 161, 139, -89, 162, -6, 352, 86],
 [-294, 134, 31, -192, 106, 82, 5, -48, 10, 66, -188, 210, 75, -152, 17, 47, 78, -20, -306, 54],
 [-158, 82, -127, -103, 106, 63, 2, 234, 167, 62, 154, 196, -42, -156, -159, 11, 271, 36, 103, -70],
 [336, 52, -130, 32, 164, 161, 7, -194, -12, -376, 157, 46, -216, 48, 52, -29, -21, -2, 47, -29],
 [55, 186, -155, 154, -46, 185, -64, 20, -42, -175, -20, 32, 7, 306, 1, -262, -159, 85, -66, 116],
 [41, -90, 123, -240, -33, 100, 51, -209, -2, -190, -356, -8, 155, -259, -202, 5, -21, -32, 35, -96],
 [321, 22, -165, 57, 45, -146, 49, 131, -377, 122, 139, -4, 67, -124, 14, 33, -47, -14, -61, -373],
 [172, 49, -42, 181, 128, 239, 194, -99, 13, -66, 228, -113, 90, -66, -177, -146, -34, -163, 32, 296],
 [161, -115, 186, -107, -119, -211, 118, -115, -87, -44, 97, -40, -29, -239, 39, 28, -97, 162, 81, 371],
 [100, 305, 26, -123, -145, -70, -2, -230, 4, 33, -79, 206, 110, -140, -454, 0, 99, 231, -158, -25],
 [47, -45, -81, 39, -107, -453, -141, -124, 35, 264, -84, 134, 99, -61, 208, -12, -66, 112, -202, 99],
 [-80, -106, -132, -110, 176, -293, -33, -205, -118, 177, -26, 124, 90, 32, 252, -45, 101, -181, -36, 89],
 [115, -12, 49, -33, 215, 161, 124, -34, -252, -28, -56, -42, 43, -71, -56, 1, -303, -242, 91, -100],
 [105, -69, 50, -78, 73, 13, 59, -113, 99, -55, 39, -103, -19, -23, -174, 23, -96, -111, 255, -88],
 [37, 121, -61, 51, -69, 39, -12, -47, 90, -5, 71, 29, 38, 74, -273, -59, 208, 57, 71, -11],
 [-97, -103, 25, 167, -16, 68, 7, 292, 33, 118, 49, -239, 1, 56, 194, 94, 17, -96, -97, -135],
 [-130, -19, 52, -70, 23, 158, -11, 68, 66, -129, -231, 25, 51, -103, 67, -38, 55, -11, -96, 174],
 [118, 166, 47, 55, 158, 84, 116, 5, -84, 17, 274, -12, -139, 6, -51, 70, -147, -43, -29, 108],
 [-64, 110, 155, -172, -160, -117, 55, 25, 18, 142, -99, -6, 130, -202, -242, 67, -30, 162, -110, 4]], shape=[20, 20], strides=[20, 1], layout=Cc (0x5), const ndim=2
v_norms: [173970, 29987164102/86985, 10331124679175091/29987164102, 3226368034280906345342/10331124679175091, 1047078549073237413293312765/3226368034280906345342, 57817999238659886547704010851798/209415709814647482658662553, 43836572217548923423588292579424948419/144544998096649716369260027129495, 13888823223913811343045877015809646112568220/43836572217548923423588292579424948419, 14563837313098736780780879588345562751022494745369/55555292895655245372183508063238584450272880, 3879125382721494465595963537636909144232518288972577723/14563837313098736780780879588345562751022494745369, 1194671741421524365741476674324600467061715402448256049382799/3879125382721494465595963537636909144232518288972577723, 200754959450367372610667773166319098442664392220774892255037069926/1194671741421524365741476674324600467061715402448256049382799, 3172641891687967135561813042343514146645017834705943555299581334266641/200754959450367372610667773166319098442664392220774892255037069926, 118594829584385612550277928124014695350824066085615137342520042459081605590/3172641891687967135561813042343514146645017834705943555299581334266641, 7297894731712466818770611162458010700977025493614996648639353098421/118594829584385612550277928124014695350824066085615137342520042459081605590, 10391934415525003919294656518835930581447646166714246544571/7297894731712466818770611162458010700977025493614996648639353098421, 1196027683097307358496628719610868018966772943/10391934415525003919294656518835930581447646166714246544571, 10359952414568977292495170337159/1196027683097307358496628719610868018966772943, 3755310072932229/609408965562881017205598255127, 1/63840271239847893], shape=[20], strides=[1], layout=CFcf (0xf), const ndim=1
Mu { arr: [41837/86985, -38129/173970, -4257314326/14993582051, 2206/17397, 2226548360/14993582051, 3577348590575138/10331124679175091, -71983/173970, 5417448343/14993582051, -1287233945467027/3443708226391697, -167979431945499260205/3226368034280906345342, 2726/28995, -188215113/2141940293, -690081040317662/3443708226391697, -375246743278122351498/1613184017140453172671, 91262921017042613654574454/209415709814647482658662553, -11264/86985, -1123346077/4283880586, 85192817181024/313064384217427, -340413076781443505829/1613184017140453172671, 179220042951350325832479928/1047078549073237413293312765, -28652645842794567756823545791225/57817999238659886547704010851798, 17716/86985, -4511288162/14993582051, -4327342283686432/10331124679175091, 205864382079382355125/1613184017140453172671, 398823671147590968594430/2158924843449974048027449, -12481806178414148035334087439860/28908999619329943273852005425899, -15171325154305819432727756082723405145/43836572217548923423588292579424948419, 1078/17397, -324571075/2141940293, -3320993564341922/10331124679175091, 132800648916874578374/1613184017140453172671, 505069308570968500525179656/1047078549073237413293312765, 6693608148946067019626254648533/57817999238659886547704010851798, -1863406911188951836877322999647997639/87673144435097846847176585158849896838, -11078570545924496754836394495872806821713707/27777646447827622686091754031619292225136440, -9736/86985, 3087680822/14993582051, -147715777474072/939193152652281, -542345835020050486711/1613184017140453172671, -153322342600027141373074344/1047078549073237413293312765, -23742503816512989839707990602321/57817999238659886547704010851798, 7829930212218004409209145726018768261/87673144435097846847176585158849896838, -5000529679385845865905586564556171888719589/27777646447827622686091754031619292225136440, 5580042077494909871488325645966712135121546837903/14563837313098736780780879588345562751022494745369, -16591/86985, -5542445878/14993582051, 312404729573054/939193152652281, 358356178936529511485/1613184017140453172671, 166962615120408670617927264/1047078549073237413293312765, 1697076610709044623296791856607/57817999238659886547704010851798, 42968984579004727764608747541421879779/87673144435097846847176585158849896838, 1299004555631395558414698142846715773360895/5555529289565524537218350806323858445027288, 1064828611692658738925602272327490054738918822295/14563837313098736780780879588345562751022494745369, 1825835694185034868207755205471662596818291478101987723/3879125382721494465595963537636909144232518288972577723, 9311/57990, 1226238099/29987164102, 2344451842857097/10331124679175091, -1452838972370426091941/3226368034280906345342, -93483802424249859656535971/209415709814647482658662553, -5518576104061392491831698570661/57817999238659886547704010851798, -17257349941673331126186909379254655565/43836572217548923423588292579424948419, 4015846310557558898493517934108534320542189/13888823223913811343045877015809646112568220, -2401003329261523795654481294470887870190426977206/14563837313098736780780879588345562751022494745369, 1639716432146346237349716440246881331453306000855121530/3879125382721494465595963537636909144232518288972577723, 402945112577910659964751909939546622942425370983892653105539/1194671741421524365741476674324600467061715402448256049382799, 75341/173970, 12879989963/29987164102, 1619409192625629/3443708226391697, -673012051214066159538/1613184017140453172671, -126200492962636455437872298/1047078549073237413293312765, -8121484305120432925590227491395/28908999619329943273852005425899, -31508138167678735892637564833265828673/87673144435097846847176585158849896838, 8091872256187270229981818215390524740796383/27777646447827622686091754031619292225136440, 3447080670451197186026625641813684101460803465459/14563837313098736780780879588345562751022494745369, -640900880254490648165857436785165514837977970552226833/3879125382721494465595963537636909144232518288972577723, 32152075371440604142592451506713208154207105604751775791593/1194671741421524365741476674324600467061715402448256049382799, 95370934539597277949619976560718761161946330255864905734992380315/200754959450367372610667773166319098442664392220774892255037069926, 74059/173970, -776173417/2141940293, -501249793507211/3443708226391697, -900581721664126705563/3226368034280906345342, 493463692852486050689384271/1047078549073237413293312765, -22764941349532256754029938393325/57817999238659886547704010851798, 6813579674808181106759652996263569371/87673144435097846847176585158849896838, 2557994763349670241498827279693661801191877/27777646447827622686091754031619292225136440, 3055448401182145577864525979591407554906793263121/14563837313098736780780879588345562751022494745369, -850431014492603797880977613873283311173398074067842847/3879125382721494465595963537636909144232518288972577723, -378829197657492800292792548499225934132243589991881267105587/1194671741421524365741476674324600467061715402448256049382799, -87614883494172549133883957934197002094081937670761795101965372323/200754959450367372610667773166319098442664392220774892255037069926, 750373879223382618126423678498897079708118925983304563826752196674571/3172641891687967135561813042343514146645017834705943555299581334266641, 30907/86985, 1962072377/29987164102, -3255781231135024/10331124679175091, 112275714920556333310/1613184017140453172671, 219417357434979652124358226/1047078549073237413293312765, -12268283282935347529679653526064/28908999619329943273852005425899, 28231705062462222419447798676306212331/87673144435097846847176585158849896838, -7838326371818686977537315238986431567416457/27777646447827622686091754031619292225136440, -11883329347480242746350062228427745708938740181/14563837313098736780780879588345562751022494745369, -559525054459743172169411512772091241946198607438886609/3879125382721494465595963537636909144232518288972577723, 17206329291822600932681798887103623386135811507017296254302/170667391631646337963068096332085781008816486064036578483257, -15336186295691861460115773981125753486529539561953526256766104139/100377479725183686305333886583159549221332196110387446127518534963, 1436136884548937741145296854008821635790679588834920833340207706494064/3172641891687967135561813042343514146645017834705943555299581334266641, 23160034411258270593938356425303211165581490919155297929268476685503616987/118594829584385612550277928124014695350824066085615137342520042459081605590, -2608/86985, 292514761/4283880586, -973451189685982/10331124679175091, 653735135070026992882/1613184017140453172671, 36743196860081150001464662/1047078549073237413293312765, 15309406457298594020394639928431/57817999238659886547704010851798, 10952787167853724122685662601273564236/43836572217548923423588292579424948419, -84988668829064621602299390067968908974639/13888823223913811343045877015809646112568220, 2741775272154527475732429615675691752644038196506/14563837313098736780780879588345562751022494745369, -369322347602437540785183283947899181417527744263540263/3879125382721494465595963537636909144232518288972577723, 83160715587901383076063781758464099919647683938812496944696/170667391631646337963068096332085781008816486064036578483257, -2668829044053220620589348549542382991010314048883294826477216509/100377479725183686305333886583159549221332196110387446127518534963, 460986999653732769919659309703973374332608259869231538588567250757422/3172641891687967135561813042343514146645017834705943555299581334266641, -23666515104452752739164688497334972193749569648540278390314031601553863891/118594829584385612550277928124014695350824066085615137342520042459081605590, -2114468342549806923725869444040021819964202845954086268679037674743/7297894731712466818770611162458010700977025493614996648639353098421, -16223/86985, -3426187484/14993582051, -2474546313019024/10331124679175091, 386071751766953763425/3226368034280906345342, -442110962654136572909432909/1047078549073237413293312765, 1253230712388579251079965251653/57817999238659886547704010851798, -38147486609599969671485933270765924849/87673144435097846847176585158849896838, -769844169785985124360829783253920330458211/27777646447827622686091754031619292225136440, -1954040108507178584881423554269154578187595822183/14563837313098736780780879588345562751022494745369, -1690109896784062761172092391747202392000047892326280459/3879125382721494465595963537636909144232518288972577723, -81940514924530239520365804609263913008578172224940332440898/170667391631646337963068096332085781008816486064036578483257, -9786994158100808228939052496700354699997576656811425899261339535/200754959450367372610667773166319098442664392220774892255037069926, -607232945474075678090978451276143618101251792260341583172382027013011/3172641891687967135561813042343514146645017834705943555299581334266641, -57604646990509087936271360504858945890915141561584982768737154411756131509/118594829584385612550277928124014695350824066085615137342520042459081605590, -2644937108896233331052784976614792269702071779271142452973878078537/7297894731712466818770611162458010700977025493614996648639353098421, -958657191808451789229336429981205031562021246503990521546/10391934415525003919294656518835930581447646166714246544571, -63023/173970, -2792214569/29987164102, 4282578195482669/10331124679175091, -218788267681827070837/3226368034280906345342, -6062587676593089603802227/209415709814647482658662553, 5500106813243477539462908856588/28908999619329943273852005425899, 27167991363757552558549002179749756425/87673144435097846847176585158849896838, -5626473323026568562997741847185503249086231/27777646447827622686091754031619292225136440, 1252862914858290146370033068457248814585425242357/14563837313098736780780879588345562751022494745369, 154455880302115307959849875397987194599286756583142138/3879125382721494465595963537636909144232518288972577723, -467550385919460735960633527379659121759577454895443801761624/1194671741421524365741476674324600467061715402448256049382799, 12616623145005128990056559741708454893927903938929911398588108439/100377479725183686305333886583159549221332196110387446127518534963, 620889792301567376368568738412413884778435794119275181175322939351160/3172641891687967135561813042343514146645017834705943555299581334266641, 9313066891230679253644504439674679070032679559076409799495864736310128421/118594829584385612550277928124014695350824066085615137342520042459081605590, 3520874778737629002863018212328307554577913490006124166206907807623/7297894731712466818770611162458010700977025493614996648639353098421, 4945621137694301468692257355216641144623855026053010551899/10391934415525003919294656518835930581447646166714246544571, -191989148758645447506247101975094375216638592/1196027683097307358496628719610868018966772943, -563/28995, -1860317322/14993582051, -2069849269212728/10331124679175091, 270429894882220765585/3226368034280906345342, 33310270746523871072587413/80544503774864416407177905, -3948592459941818570643153904551/57817999238659886547704010851798, -43075733349391461929348450121398188831/87673144435097846847176585158849896838, -5122921645995408112902112732863765490814521/27777646447827622686091754031619292225136440, 3868710763564723883127555185418779476200448268347/14563837313098736780780879588345562751022494745369, 800172058106666356380620839293344836814099730913713340/3879125382721494465595963537636909144232518288972577723, 88527685904557780190865475190958386336206602999184540566704/1194671741421524365741476674324600467061715402448256049382799, -45446951037927510111474848400031538206564219717386496163739082988/100377479725183686305333886583159549221332196110387446127518534963, 868277592686912569345427933254678963214382243397056975816867413607428/3172641891687967135561813042343514146645017834705943555299581334266641, 55785519028479788447618082883774499877559539456148281169073889634552486517/118594829584385612550277928124014695350824066085615137342520042459081605590, -1427041617439587024301018477649071686377608484007147078517616720979/7297894731712466818770611162458010700977025493614996648639353098421, 1112808302579419017662651667465176656917480521870825452601/10391934415525003919294656518835930581447646166714246544571, -595668642924450317071194185435146297071841750/1196027683097307358496628719610868018966772943, -132192626172725351092175654045/609408965562881017205598255127, 479/57990, -14442915549/29987164102, 2751753671185285/10331124679175091, 197523086541888177176/1613184017140453172671, -389779984089103493157961214/1047078549073237413293312765, -6483803369480499977825294613815/28908999619329943273852005425899, 25986657466117273663176086575248236551/87673144435097846847176585158849896838, 106776007378169206744838511170867754144807/5555529289565524537218350806323858445027288, -738582436169197195547920779441948893418037014745/14563837313098736780780879588345562751022494745369, 1890455576618499869187972295180538659899835387696003529/3879125382721494465595963537636909144232518288972577723, 421834408859240256762854005199080510615969618620323716742485/1194671741421524365741476674324600467061715402448256049382799, -13458808416452522222720919857277862750488537309531581796940754911/100377479725183686305333886583159549221332196110387446127518534963, 718915948147943458321650097222227369896106630605581343544077289848006/3172641891687967135561813042343514146645017834705943555299581334266641, -14367753390940892218054141133897185745831536891464442085128328777892087093/59297414792192806275138964062007347675412033042807568671260021229540802795, -2486610496608539408378807517142956677872185278611699125303283644528/7297894731712466818770611162458010700977025493614996648639353098421, -3403732971083188430765273728141099486475895960514133604124/10391934415525003919294656518835930581447646166714246544571, 156477514543168262833077192757344636477817777/398675894365769119498876239870289339655590981, 3262216451358191496811825623834/10359952414568977292495170337159, -611264439152846/3755310072932229] }
(hist.len, cnt): (422, 5306)
[(0, 1), (1, 2), (1, 3), (0, 3), (1, 2), (1, 3), (0, 3), (0, 4), (1, 2), (3, 4), (0, 5), (0, 4), (3, 4), (0, 5), (1, 3), (0, 5), (2, 3), (3, 5), (1, 6), (0, 1), (1, 5), (3, 4), (1, 5), (3, 4), (1, 6), (0, 1), (2, 3), (3, 5), (1, 6), (0, 1), (2, 3), (2, 5), (2, 6), (1, 2), (1, 3), (2, 4), (3, 4), (2, 7), (0, 2), (2, 4), (3, 4), (2, 5), (1, 6), (0, 1), (3, 4), (2, 5), (3, 5), (2, 6), (4, 5), (2, 7), (1, 2), (4, 6), (3, 8), (2, 3), (4, 7), (3, 8), (0, 3), (2, 4), (2, 5), (1, 6), (2, 5), (3, 8), (1, 3), (3, 8), (1, 3), (2, 7), (2, 4), (5, 8), (6, 7), (5, 6), (5, 8), (1, 5), (0, 3), (1, 3), (4, 5), (4, 9), (0, 4), (0, 2), (3, 4), (3, 5), (6, 7), (5, 9), (0, 5), (4, 5), (3, 8), (0, 3), (1, 2), (1, 5), (2, 6), (3, 4), (5, 6), (4, 7), (2, 4), (3, 4), (4, 9), (1, 4), (4, 5), (2, 6), (3, 4), (1, 6), (0, 1), (5, 6), (3, 8), (0, 3), (3, 4), (0, 5), (1, 2), (3, 5), (4, 5), (1, 6), (0, 1), (1, 2), (1, 4), (2, 3), (2, 4), (3, 4), (2, 5), (2, 6), (3, 8), (0, 3), (3, 8), (1, 3), (5, 6), (3, 7), (5, 6), (4, 9), (0, 4), (2, 4), (5, 6), (3, 7), (0, 3), (1, 2), (3, 8), (0, 3), (2, 3), (0, 4), (1, 5), (4, 7), (3, 4), (5, 6), (1, 5), (6, 7), (4, 9), (0, 4), (2, 5), (3, 4), (1, 6), (2, 6), (3, 7), (1, 3), (2, 3), (5, 10), (0, 5), (3, 4), (1, 5), (2, 3), (4, 9), (0, 4), (2, 4), (5, 6), (4, 5), (6, 7), (6, 10), (5, 10), (0, 5), (2, 3), (4, 5), (3, 6), (5, 10), (0, 5), (3, 6), (7, 8), (4, 9), (0, 4), (3, 6), (6, 7), (3, 8), (1, 3), (4, 5), (4, 6), (4, 9), (0, 4), (4, 5), (5, 10), (2, 5), (3, 4), (5, 6), (4, 9), (0, 4), (1, 2), (2, 3), (6, 8), (3, 6), (2, 3), (6, 8), (5, 6), (4, 5), (4, 9), (0, 4), (2, 3), (5, 6), (6, 11), (1, 6), (0, 1), (2, 4), (3, 4), (2, 5), (4, 5), (4, 8), (4, 9), (0, 4), (6, 11), (1, 6), (0, 1), (3, 7), (6, 11), (1, 6), (0, 1), (5, 9), (3, 5), (6, 7), (8, 11), (6, 8), (4, 6), (2, 4), (3, 4), (4, 8), (2, 4), (3, 4), (3, 5), (5, 10), (1, 5), (6, 9), (5, 6), (5, 7), (6, 11), (1, 6), (0, 1), (4, 7), (4, 9), (1, 4), (5, 10), (0, 5), (3, 5), (3, 6), (8, 9), (6, 8), (5, 6), (7, 8), (8, 10), (5, 8), (4, 5), (6, 11), (1, 6), (0, 1), (2, 3), (4, 6), (4, 9), (3, 4), (6, 7), (7, 12), (2, 7), (0, 2), (3, 4), (5, 9), (6, 11), (1, 6), (0, 1), (1, 2), (1, 3), (2, 3), (5, 8), (5, 10), (0, 5), (2, 3), (4, 5), (4, 6), (5, 6), (4, 8), (2, 4), (5, 6), (6, 11), (2, 6), (3, 4), (6, 7), (3, 6), (6, 9), (5, 6), (6, 11), (1, 6), (3, 4), (5, 6), (9, 10), (11, 12), (8, 13), (3, 8), (0, 3), (1, 2), (3, 4), (6, 9), (3, 6), (7, 10), (4, 7), (3, 4), (5, 7), (4, 5), (6, 9), (11, 12), (10, 11), (8, 12), (5, 9), (0, 5), (1, 3), (2, 3), (4, 6), (6, 7), (6, 11), (1, 6), (2, 3), (3, 4), (9, 10), (8, 9), (6, 10), (5, 6), (7, 12), (2, 7), (0, 2), (2, 3), (4, 6), (8, 9), (7, 12), (2, 7), (1, 2), (2, 3), (1, 4), (2, 4), (5, 6), (4, 9), (0, 4), (2, 4), (2, 7), (3, 4), (4, 5), (4, 6), (7, 8), (9, 12), (5, 9), (1, 5), (3, 4), (6, 9), (1, 6), (2, 5), (4, 6), (9, 12), (7, 9), (4, 7), (1, 4), (2, 4), (3, 4), (6, 11), (1, 6), (4, 7), (3, 4), (5, 7), (3, 5), (8, 9), (7, 10), (2, 7), (0, 2), (8, 13), (3, 8), (0, 3), (6, 8), (2, 6), (9, 12), (6, 9), (2, 6), (3, 5), (5, 10), (2, 5), (12, 13), (9, 12), (4, 9), (0, 4), (5, 6), (4, 6), (4, 8), (6, 7), (5, 10), (0, 5), (1, 5), (8, 13), (3, 8), (0, 3), (3, 7), (6, 11), (2, 6), (3, 4), (9, 12), (5, 9), (3, 5), (6, 7), (4, 6), (6, 11), (2, 6), (5, 6), (6, 7), (5, 6), (9, 13), (4, 9), (2, 4), (6, 11), (5, 6), (1, 5), (2, 3), (4, 5), (7, 8), (6, 7), (8, 9), (9, 10), (12, 13), (13, 15)]
