results/deeplll05/ndim20seed2cnt1000dim20delta0.98999995.txt: 54.488 sec
b: [[435, 123, 519, -322, -231, 776, 238, -108, -781, 504, -363, -612, -165, -264, 1022, -1212, 308, -787, -366, -586],
 [131, 922, 625, -264, 399, 574, -179, 597, -1053, 505, 484, -542, -288, -253, 258, 320, -399, -1034, 830, -1047],
 [117, -145, -874, 1087, -87, 31, -64, -353, -521, -1600, 146, 760, -529, -95, -154, 298, -38, 725, 462, -470],
 [-822, -37, 753, -626, 370, 454, 634, -128, 420, -230, 1395, -389, 201, -246, -416, -1018, -44, -315, 624, -561],
 [154, -45, 300, 113, 197, 209, -294, -208, 393, 679, 1540, -896, 373, -87, -1514, -582, 404, -136, -830, 628],
 [180, -339, -79, -219, -235, 997, 133, 123, -573, 1061, 1539, -131, -330, 1048, -235, -419, 523, -221, -113, -999],
 [860, -102, 945, 712, -515, 480, -965, 103, 282, 600, -1086, 285, 1308, -375, 104, -309, 930, -1059, -1422, 89],
 [12, 916, 1478, -879, 1322, 414, -753, 567, 320, 351, 126, 705, -132, 221, 352, -863, 388, -1428, 33, -141],
 [-115, 1036, -924, 315, -244, 158, -1407, -186, -650, -433, -617, -89, 1168, -779, -704, 818, 43, 65, 500, -436],
 [464, 703, 572, 892, -346, 369, -321, 795, -992, 55, 616, 634, -368, 1566, -528, -103, -278, -363, -92, -34],
 [-280, 455, -625, 497, -14, -280, 1008, 306, 81, -972, 817, -171, 399, -582, 1369, 437, -405, 660, 142, -561],
 [282, 350, 475, -1198, 733, 570, -594, 861, 222, 328, -913, 97, 178, -241, -620, -695, -620, -959, 319, -689],
 [421, -550, 349, -955, -123, -729, 412, -318, -4, 531, -157, 1022, -390, -673, 615, 83, -254, 370, -356, 1069],
 [-313, -187, -491, -1565, 268, -84, 164, -341, 169, 694, 50, 42, -239, -76, 360, -423, 70, 352, 160, 146],
 [313, 85, -519, 411, 226, 0, 222, 10, 47, -355, 810, -1022, 167, -1007, -553, 23, -334, 286, -294, -79],
 [251, 46, -845, 61, -107, 60, 416, -219, -561, -320, -1147, -355, -638, -88, 1823, -223, 169, 245, -127, -413],
 [234, 548, -98, 811, -82, -327, 45, 110, -200, -976, 649, -152, 246, -453, -883, -220, -643, 456, -264, 658],
 [536, -14, -992, 576, -466, -98, -54, 42, -483, -239, -426, 179, -337, 649, 141, -10, -71, 704, -564, 284],
 [304, -117, -805, -707, -550, 156, -315, -659, -648, 945, 423, 70, -151, 539, -275, -772, 502, 639, -732, 682],
 [184, 799, -653, 525, -144, 304, -204, -411, -956, -433, -270, -416, -233, 134, 1208, -620, 582, 94, -355, -155]], shape=[20, 20], strides=[20, 1], layout=Cc (0x5), const ndim=2
v_norms: [6473468, 9692785726034/1618367, 57524163922391836735/9692785726034, 1407960968365141136545355321/230096655689567346940, 7696883065821454362127887724816454/1407960968365141136545355321, 18328576533302066083919164990944157426139/3848441532910727181063943862408227, 102757305401188258896094405280437157624934339092/18328576533302066083919164990944157426139, 519143488073441484293279315047902541282207378391446149/102757305401188258896094405280437157624934339092, 679882415250602643324704200421499075672693579441389688897254/173047829357813828097759771682634180427402459463815383, 3276799163812937830477071047542926514929688147860278603929181088701/1019823622875903964987056300632248613509040369162084533345881, 25427671093924356808101440534715796829956377523468509658865511502794117069/6553598327625875660954142095085853029859376295720557207858362177402, 122698338510787339082621258956478772471358789377744706936782037156193056606901443/50855342187848713616202881069431593659912755046937019317731023005588234138, 361232408367487973358087945654830993273305294725521008914676895772796437975957105275118/122698338510787339082621258956478772471358789377744706936782037156193056606901443, 32449616843607183946400189179937575031362774876678655206716856859859567148090185911/361232408367487973358087945654830993273305294725521008914676895772796437975957105275118, 52264312136657696558493483592312891115578644489112874135910963848414291292/32449616843607183946400189179937575031362774876678655206716856859859567148090185911, 14056006916636332231020479885668685520273556809701248470427825057/52264312136657696558493483592312891115578644489112874135910963848414291292, 1123937206479386863032823367467011883988477924130608/14056006916636332231020479885668685520273556809701248470427825057, 141679858585880198466843979577889911/1123937206479386863032823367467011883988477924130608, 6358558072048769784/141679858585880198466843979577889911, 1/6358558072048769784], shape=[20], strides=[1], layout=CFcf (0xf), const ndim=1
Mu { arr: [762413/1618367, -1251641/3236734, -349655272351/9692785726034, 1124709/6473468, 2476084318463/9692785726034, -8651576562662575972/57524163922391836735, -109678/1618367, -322982918676/4846392863017, -5595589189012950646/11504832784478367347, 635424025890047427652947480/1407960968365141136545355321, 1211719/3236734, 1349844229326/4846392863017, -295482411526880876/11504832784478367347, 450116713078644100118911810/1407960968365141136545355321, 1750207255071000578554756659379297/3848441532910727181063943862408227, 3127499/6473468, -3763116558717/9692785726034, -304377741568494172/884987137267566719, -679887593797498710897905905/1407960968365141136545355321, 1442527993843263533632322053880399/3848441532910727181063943862408227, -4930818104379393578763995404527309125330/18328576533302066083919164990944157426139, 1538125/3236734, 4213892735255/9692785726034, -26698684696912677269/57524163922391836735, 292565591393592769636422492/1407960968365141136545355321, -502692137268226646778003098478852/3848441532910727181063943862408227, -2655404998175680171640209029533743503085/18328576533302066083919164990944157426139, 45643845550664253568463541525364144951923968425/102757305401188258896094405280437157624934339092, -1734915/6473468, 1759394563025/4846392863017, 259339449509631153/884987137267566719, -528007193137662551006642585/1407960968365141136545355321, 727370321910026359053423472850549/3848441532910727181063943862408227, -410683493863033817221880276344592509876/964661922805371899153640262681271443481, 33781244765352144337738472673781514840887235037/102757305401188258896094405280437157624934339092, -54498586095798569878801338522554102575571799347295233/173047829357813828097759771682634180427402459463815383, 89495/3236734, 3828144820683/9692785726034, 876837296799433649/4424935686337833595, -258262816548931368830236256/1407960968365141136545355321, 1481494540846967587375136538733362/3848441532910727181063943862408227, 8527600104823941341338803109840030043452/18328576533302066083919164990944157426139, 21601233517799330510045353768189895864989693635/102757305401188258896094405280437157624934339092, 182203989559017780319595221556064630606966544287056947/519143488073441484293279315047902541282207378391446149, -106453770864127261965291207644739746890484070953960484866294/339941207625301321662352100210749537836346789720694844448627, -712601/6473468, 1058998620965/9692785726034, 25636540078419220898/57524163922391836735, 262237679857954074351441071/1407960968365141136545355321, -1349312540053424383622443391358794/3848441532910727181063943862408227, -2178808586536373607779269063464845196274/18328576533302066083919164990944157426139, -19138739707342879494784941751124636272944693581/102757305401188258896094405280437157624934339092, -28126422805084993756866354991985539569829599746344595/74163355439063069184754187863986077326029625484492307, -114200587844338201022215327591731353081214686849667780454383/679882415250602643324704200421499075672693579441389688897254, -465293015944191049319769325483445146731127028597745203911111623889/3276799163812937830477071047542926514929688147860278603929181088701, 1097175/3236734, 3995612665175/9692785726034, -21256070572183596571/57524163922391836735, 56640457881775163630411668/1407960968365141136545355321, -1605802447311953447209928284069001/7696883065821454362127887724816454, -4145015125105643678205267423745593745209/18328576533302066083919164990944157426139, 26348389637965924791421818354969077873419281359/102757305401188258896094405280437157624934339092, 60686781428944979781434527388282129759425530861305161/173047829357813828097759771682634180427402459463815383, 110125251731408886554211359881871718197084621734168753381616/339941207625301321662352100210749537836346789720694844448627, 38769140423379152033675724810426597074454624948183606728682895476/3276799163812937830477071047542926514929688147860278603929181088701, -11386568792779824681021532868208109361484930067653040745693683358276285884/25427671093924356808101440534715796829956377523468509658865511502794117069, -97047/3236734, -1785921617073/4846392863017, -15287830918049666702/57524163922391836735, -253131316936101802192792394/1407960968365141136545355321, -2290828291737587301185791669827547/7696883065821454362127887724816454, -1185059186148030409671042068896775262466/18328576533302066083919164990944157426139, -26127894980669470732024535004766043138742087031/102757305401188258896094405280437157624934339092, 33223714370136012559538310035395465979229138300037215/173047829357813828097759771682634180427402459463815383, -215706243449008399606710100426647155172941107688455222796267/679882415250602643324704200421499075672693579441389688897254, -872246968378442850010345241598721201484854017055803218858496426435/3276799163812937830477071047542926514929688147860278603929181088701, -1660755516663183795576322902423384883529107040346171232879496665489178251/25427671093924356808101440534715796829956377523468509658865511502794117069, -20966138704223122221826201144934280917353854347639409805099867386961013330576267/122698338510787339082621258956478772471358789377744706936782037156193056606901443, 753161/6473468, -1340969654753/9692785726034, -1405786539235425702/4424935686337833595, 230170821850318109814600573/1407960968365141136545355321, -1086745729502691337949821868827624/3848441532910727181063943862408227, 4241245871772443917138663154960060712402/18328576533302066083919164990944157426139, -43849388153933806166340290831025997066383464875/102757305401188258896094405280437157624934339092, 78809200813678688441998388522537154157104744021830537/519143488073441484293279315047902541282207378391446149, 268946125417903564419027895479149314365874164069464645758473/679882415250602643324704200421499075672693579441389688897254, -1174879239001750909556069278347817099067581983837129824415353992751/3276799163812937830477071047542926514929688147860278603929181088701, -553341560456043424355559300041491069832488109809082468257709439977476103/8475890364641452269367146844905265609985459174489503219621837167598039023, 5226934336103774275169597524482536890937842443803998078391704691449716364419558/122698338510787339082621258956478772471358789377744706936782037156193056606901443, 108391388212092002617746788222628815770386482846221442315527572969438783583327147194823/361232408367487973358087945654830993273305294725521008914676895772796437975957105275118, -668541/6473468, 845829465131/9692785726034, 561677367192331516/4424935686337833595, 302069425196807666870449471/1407960968365141136545355321, 1837815868782964503211774657502454/3848441532910727181063943862408227, -6410427033632179706378662451436480244156/18328576533302066083919164990944157426139, -24126458525944907736495538873678659009074940185/102757305401188258896094405280437157624934339092, -61018129065445849957558368245544555483003693715346543/173047829357813828097759771682634180427402459463815383, -12356171539597087086051250971655421259502070669382341019052/339941207625301321662352100210749537836346789720694844448627, -128368425820896479287597693851047181372395739834339305730494839071/468114166258991118639581578220418073561384021122896943418454441243, 6930664151432745846578494042794575775639426005359552588252245450730380634/25427671093924356808101440534715796829956377523468509658865511502794117069, 44079836658117173101163852199107817240232598475099685272075227593711464801487112/122698338510787339082621258956478772471358789377744706936782037156193056606901443, -9875424896691538540712138313197294173586766676356633289055938923911166587066853141179/361232408367487973358087945654830993273305294725521008914676895772796437975957105275118, -4313733204232294277261355228662008638912673475016121011576392128543818835838472619/32449616843607183946400189179937575031362774876678655206716856859859567148090185911, 1585343/3236734, -2425106401211/9692785726034, 26497693233998083683/57524163922391836735, -587688837321690893292201184/1407960968365141136545355321, -1804730440675268256645406490250230/3848441532910727181063943862408227, -49747573858047481819890708464356627408/18328576533302066083919164990944157426139, -37399014331160866086143048965283981106411870551/102757305401188258896094405280437157624934339092, -32419667494938897053822370578821294817196833766872903/519143488073441484293279315047902541282207378391446149, 20325701494469579045666028788005914265232848828997389048067/339941207625301321662352100210749537836346789720694844448627, -789371781425282838987319754566545814806579314304463184615162530429/3276799163812937830477071047542926514929688147860278603929181088701, 6794222191505621257953591259534225774867771241846556917445521702862282862/25427671093924356808101440534715796829956377523468509658865511502794117069, -4998643099613041173614593525722209219001634659559950597633849658797941894139184/122698338510787339082621258956478772471358789377744706936782037156193056606901443, -34482498905571904948230324974427038299238268503871252862250855899180544679310729058185/120410802789162657786029315218276997757768431575173669638225631924265479325319035091706, 5339775039942586313103657858403508020410853114151678493658535928420757355547923835/32449616843607183946400189179937575031362774876678655206716856859859567148090185911, -3602520147379436733396291650396006513046297250746742732182814506853550947/52264312136657696558493483592312891115578644489112874135910963848414291292, -2259721/6473468, -81659569542/4846392863017, 2995274895965096451/11504832784478367347, 207139884925066776213234905/1407960968365141136545355321, 1717239464936178244691670049505491/3848441532910727181063943862408227, -8879097804237462805430297335090869277245/18328576533302066083919164990944157426139, -11039004068663530127529122946775825304335747637/102757305401188258896094405280437157624934339092, -36602251670002624066119624811621991134440219794389381/519143488073441484293279315047902541282207378391446149, -76058840633169031513391347172612745437783292018810890313717/679882415250602643324704200421499075672693579441389688897254, 1533623216037585484401448611641043028970727971604739097108584170172/3276799163812937830477071047542926514929688147860278603929181088701, 5895501970816000485584777831954157810896810776305248874582583302798318103/25427671093924356808101440534715796829956377523468509658865511502794117069, 25563727032889334847620160261493501791988220068155847649545677258860619706782992/122698338510787339082621258956478772471358789377744706936782037156193056606901443, 36068662951616779770239777252330636104240559104283610167108730812223078836422914098767/180616204183743986679043972827415496636652647362760504457338447886398218987978552637559, -2459072527571851571013765842979346124442092159130912818763947971107511938099885914/32449616843607183946400189179937575031362774876678655206716856859859567148090185911, -6116490752419057454212104453796813726609503508697988377710105404939518834/13066078034164424139623370898078222778894661122278218533977740962103572823, 1225822758589141166902354595933916878978989064127362946477209540/14056006916636332231020479885668685520273556809701248470427825057, -162060/1618367, -1643574695163/4846392863017, 4223945621613131564/11504832784478367347, -612632553445026336213085980/1407960968365141136545355321, 557050259261524071488470917989848/3848441532910727181063943862408227, 4282392999780972373606517682366318365463/18328576533302066083919164990944157426139, -5687027813894273651494317301604053226225549814/25689326350297064724023601320109289406233584773, -1108413339922798275584061575141688123945981905758948/519143488073441484293279315047902541282207378391446149, 11969318220037289085203515743355537441251458403092202293688/339941207625301321662352100210749537836346789720694844448627, 955657301439729172414645901780384824670905377396994272852060873985/3276799163812937830477071047542926514929688147860278603929181088701, 3233233035630046340892750417526541276926696932531108554256099626377563554/25427671093924356808101440534715796829956377523468509658865511502794117069, 22680504347832697502102678600200980833894980253178002651214527271844840287589414/122698338510787339082621258956478772471358789377744706936782037156193056606901443, -18812379218212119345164770349291334602297837033693933058569408142945083661842232116101/361232408367487973358087945654830993273305294725521008914676895772796437975957105275118, -665325745399757105239280958885076249680901807061047114552562991329526487237719317/32449616843607183946400189179937575031362774876678655206716856859859567148090185911, -8331697679067584805961857769099637195360138503821915332346023660794295731/26132156068328848279246741796156445557789322244556437067955481924207145646, 1299903985275769225380986722613833482030639781436595719700667190/14056006916636332231020479885668685520273556809701248470427825057, 43228453892873356373324681267218434777321158266125/1123937206479386863032823367467011883988477924130608, 1015211/6473468, -2101354951291/4846392863017, -8151851103032969961/57524163922391836735, -126255325922792879041296687/1407960968365141136545355321, 1766173206315199419906544203988319/3848441532910727181063943862408227, 9128564081821753933811062098245857872924/18328576533302066083919164990944157426139, -9644366428265970258899361918352011604737181948/25689326350297064724023601320109289406233584773, 61973236732575797498891399308756470735274041937207364/519143488073441484293279315047902541282207378391446149, 162062074380846008565755647816788600387424163021696380824861/339941207625301321662352100210749537836346789720694844448627, 408954077422726117019223419998729253058758527467781183729797869539/3276799163812937830477071047542926514929688147860278603929181088701, -639432276541382609450866870266721521641229228331390467791090176925445560/8475890364641452269367146844905265609985459174489503219621837167598039023, -19960887593764208079280625619825008264567354733878539540637732807065367986163130/122698338510787339082621258956478772471358789377744706936782037156193056606901443, 2544612372779478121735899363229537115683160368518022142929582695500950335400531161781/5733847751864888466001395962775095131322306265484460458963125329726927586919954051986, 1355692677974999434773203235960981191639809094862136866568835372506515972801518061/32449616843607183946400189179937575031362774876678655206716856859859567148090185911, 7122775225661403953753925683851894863552843027053717084726158793164809569/26132156068328848279246741796156445557789322244556437067955481924207145646, 6284110125717054102534557655105322097073136052036112111437296022/14056006916636332231020479885668685520273556809701248470427825057, 527169272752914218120666958502873265223044143203211/1123937206479386863032823367467011883988477924130608, -7075649169678082482739370241986255/141679858585880198466843979577889911, 3131493/6473468, -1271257938433/9692785726034, 28493628353829044558/57524163922391836735, -357143589727854968965852499/1407960968365141136545355321, 328624043637520723874123501078494/3848441532910727181063943862408227, -911575414917129348283285769885605476971/18328576533302066083919164990944157426139, -4796456001183310003459578982300369011044302595/25689326350297064724023601320109289406233584773, 7818973077347280562222279337089323732138759614227840/74163355439063069184754187863986077326029625484492307, 106016104276011518845249792769804016025406778507008965791549/339941207625301321662352100210749537836346789720694844448627, 58922363387148798787920672876000799458513858392277019127530623485/468114166258991118639581578220418073561384021122896943418454441243, 3605797511356345689936136944659511295149419026788252812176923245153250110/8475890364641452269367146844905265609985459174489503219621837167598039023, -45568964090231092178087721936029782571737323333701410354944782458258751135180280/122698338510787339082621258956478772471358789377744706936782037156193056606901443, -98731272473645766353136552899259488223727243224061992113008188330520226004760454960353/361232408367487973358087945654830993273305294725521008914676895772796437975957105275118, -15791793274494914559658134773832694858448953340166699759928194508430356803084216869/32449616843607183946400189179937575031362774876678655206716856859859567148090185911, -876780071523673568386139566537601087948965555844030185085545659678564037/2375650551666258934476976526923313232526302022232403369814134720382467786, -5080526829686723400869625411073063697547265494265648194503680778/14056006916636332231020479885668685520273556809701248470427825057, -4663566877145400524537370498754324823822626778757/18128019459344949403755215604306643290136740711784, 3660508224638980508383572318234830/141679858585880198466843979577889911, 1037652189903218387/6358558072048769784] }
(hist.len, cnt): (452, 5150)
[(0, 1), (0, 2), (0, 2), (0, 2), (0, 2), (1, 2), (0, 3), (0, 3), (2, 3), (0, 4), (1, 2), (0, 4), (1, 2), (2, 3), (0, 4), (1, 5), (1, 5), (0, 4), (1, 2), (1, 4), (0, 5), (2, 3), (0, 4), (1, 2), (0, 5), (0, 4), (1, 6), (0, 1), (1, 4), (4, 5), (1, 6), (2, 3), (2, 4), (3, 4), (1, 5), (2, 3), (3, 4), (1, 6), (0, 1), (3, 4), (3, 5), (1, 6), (0, 1), (3, 4), (2, 5), (1, 6), (0, 1), (1, 2), (1, 5), (3, 4), (1, 6), (0, 1), (3, 4), (0, 5), (2, 3), (1, 6), (4, 6), (2, 7), (0, 2), (2, 5), (4, 5), (5, 6), (2, 7), (0, 2), (1, 2), (2, 3), (0, 4), (1, 4), (2, 3), (1, 6), (0, 1), (1, 2), (4, 7), (2, 4), (3, 4), (2, 7), (0, 2), (1, 2), (0, 3), (0, 5), (1, 2), (3, 4), (3, 6), (4, 5), (2, 7), (0, 2), (2, 3), (3, 5), (4, 5), (2, 6), (0, 2), (1, 2), (0, 3), (1, 2), (4, 8), (0, 4), (1, 2), (0, 4), (3, 8), (0, 3), (0, 4), (1, 6), (0, 1), (2, 7), (1, 2), (2, 3), (3, 4), (2, 6), (5, 6), (3, 7), (3, 8), (0, 3), (1, 3), (3, 4), (2, 7), (1, 2), (3, 8), (0, 3), (3, 4), (5, 6), (2, 7), (0, 2), (2, 4), (3, 5), (5, 6), (3, 5), (4, 5), (4, 7), (0, 4), (0, 2), (0, 4), (2, 5), (3, 5), (1, 6), (0, 1), (2, 3), (3, 8), (0, 3), (1, 2), (4, 9), (0, 4), (2, 3), (3, 4), (6, 7), (3, 8), (1, 3), (5, 9), (2, 5), (4, 5), (6, 7), (3, 8), (2, 3), (4, 5), (5, 6), (6, 7), (4, 9), (0, 4), (2, 3), (3, 6), (4, 8), (3, 4), (5, 6), (4, 9), (0, 4), (2, 3), (0, 4), (1, 6), (3, 5), (4, 5), (4, 8), (2, 4), (3, 4), (4, 9), (0, 4), (4, 5), (2, 6), (7, 9), (4, 7), (2, 4), (2, 4), (1, 5), (1, 6), (3, 4), (3, 6), (4, 5), (3, 7), (3, 8), (0, 3), (1, 2), (4, 6), (2, 4), (3, 4), (5, 7), (3, 8), (1, 3), (2, 5), (5, 10), (0, 5), (5, 7), (4, 9), (0, 4), (2, 5), (5, 6), (3, 8), (0, 3), (3, 4), (7, 10), (3, 7), (2, 3), (5, 7), (2, 5), (3, 4), (3, 5), (6, 8), (4, 6), (5, 10), (0, 5), (1, 2), (3, 4), (3, 5), (3, 6), (4, 5), (5, 6), (4, 9), (0, 4), (1, 3), (2, 6), (4, 6), (5, 10), (0, 5), (2, 3), (2, 5), (3, 4), (5, 6), (7, 8), (4, 7), (5, 6), (5, 10), (0, 5), (1, 2), (1, 5), (2, 4), (3, 5), (4, 5), (2, 6), (4, 5), (4, 7), (2, 4), (4, 8), (1, 4), (3, 4), (3, 5), (4, 5), (6, 11), (1, 6), (0, 1), (2, 4), (2, 5), (5, 10), (0, 5), (5, 6), (7, 9), (3, 7), (2, 3), (6, 11), (1, 6), (0, 1), (3, 4), (2, 6), (3, 5), (9, 10), (7, 11), (2, 7), (1, 2), (4, 5), (4, 6), (5, 6), (3, 7), (1, 3), (4, 8), (2, 4), (5, 8), (1, 5), (7, 11), (2, 7), (1, 2), (3, 4), (2, 6), (1, 2), (6, 11), (1, 6), (0, 1), (1, 2), (3, 5), (5, 6), (9, 11), (7, 12), (2, 7), (0, 2), (1, 3), (1, 5), (5, 7), (4, 5), (7, 10), (6, 7), (6, 11), (1, 6), (0, 1), (2, 4), (3, 4), (2, 5), (2, 7), (1, 2), (3, 4), (4, 5), (5, 6), (3, 8), (0, 3), (3, 4), (6, 11), (2, 6), (4, 5), (4, 8), (1, 4), (6, 8), (9, 10), (8, 11), (7, 8), (4, 7), (3, 4), (5, 6), (3, 7), (1, 3), (2, 3), (5, 10), (0, 5), (1, 2), (2, 3), (6, 11), (1, 6), (0, 1), (2, 3), (1, 6), (4, 7), (3, 8), (0, 3), (1, 4), (2, 4), (3, 4), (3, 5), (9, 11), (6, 9), (2, 6), (3, 5), (6, 9), (3, 6), (1, 3), (6, 11), (1, 6), (0, 1), (2, 3), (1, 4), (9, 10), (8, 11), (5, 8), (4, 5), (6, 7), (6, 8), (9, 11), (8, 9), (7, 12), (3, 7), (0, 3), (1, 2), (6, 7), (6, 10), (4, 6), (2, 4), (3, 4), (8, 12), (4, 8), (0, 4), (3, 4), (7, 8), (6, 7), (7, 12), (2, 7), (0, 2), (3, 4), (4, 5), (4, 6), (6, 7), (8, 12), (3, 8), (1, 3), (3, 5), (4, 5), (4, 7), (6, 11), (1, 6), (0, 1), (3, 4), (4, 5), (7, 12), (2, 7), (1, 2), (2, 3), (5, 6), (3, 5), (6, 7), (5, 9), (1, 5), (4, 5), (5, 10), (1, 5), (3, 4), (8, 9), (9, 10), (7, 9), (8, 12), (3, 8), (1, 3), (2, 3), (8, 11), (5, 8), (3, 5), (5, 8), (0, 5), (3, 4), (3, 5), (6, 9), (1, 6), (0, 1), (2, 4), (3, 4), (3, 5), (10, 12), (9, 10), (10, 13), (6, 10), (1, 6), (0, 1), (3, 4), (2, 6), (3, 4), (4, 8), (2, 4), (5, 9), (3, 5), (4, 5), (12, 13), (11, 12)]
