results/deeplll05/ndim20seed2cnt1000dim20delta1.txt: 65.430 sec
b: [[-255, -11, 70, 129, 154, 96, 126, 37, 240, -508, -126, 223, -127, 375, 177, -360, 90, -9, 147, -186],
 [-50, -19, 351, 240, 52, -57, -142, 34, 281, -356, -95, 267, 85, 185, -518, -276, -35, -74, -95, 314],
 [-20, -344, -317, 187, -46, -35, 98, -199, 338, 19, 203, -349, 241, -357, -55, 103, 238, 206, -169, -84],
 [-79, 245, -422, 245, -78, 51, 99, 85, 55, -105, 107, -644, 250, 97, -35, -67, -51, 195, -221, -40],
 [-115, -309, 338, 129, -6, -98, 473, 124, 377, -119, 374, 47, 185, -328, 179, 175, -111, -33, 101, -193],
 [20, -314, 266, 625, -341, 72, 237, 33, -113, -232, 130, -131, -77, 128, -452, 150, -175, -39, 142, -124],
 [366, 116, -399, 196, 310, -58, -331, 58, 152, -348, -158, 84, 151, -571, -58, 203, 3, 101, -306, -19],
 [-299, 319, 96, 88, 47, 368, 117, 234, -243, -82, 719, -64, -32, 526, -73, -17, -40, -145, 377, -575],
 [114, -22, -34, 30, -154, -201, -107, 220, 297, 291, -361, 286, 546, -170, 462, 648, 85, -14, -279, 13],
 [-407, 357, 229, 479, 272, -196, -216, -47, 393, -485, -54, -165, 281, -40, -96, 342, 163, -145, 127, 174],
 [42, 80, 116, 206, -43, 355, -223, -64, -247, -602, -565, -6, -47, -54, -451, -387, -157, -236, 155, -270],
 [107, 143, 427, -98, 136, 17, -327, -324, -349, 459, 431, -78, -186, -268, -57, -198, 391, -341, 46, 250],
 [-71, -315, 248, 33, -425, 64, 137, -499, -268, -4, 493, 300, 9, -74, -264, -214, 189, 156, -34, 215],
 [-13, 185, -264, -375, -152, -88, -126, 288, -55, 648, -321, -321, 286, 90, 201, -83, -93, -20, 186, -93],
 [136, 65, -426, -262, 182, -54, 366, 237, 167, -235, -186, -341, 13, -387, 265, -71, -453, 234, -180, -115],
 [7, -29, 36, -144, -68, 91, 261, -63, 106, 104, 430, -432, 190, -176, -226, -432, -75, 75, -327, 151],
 [114, -118, -294, -110, 243, 286, -52, 217, 141, -210, 38, 107, -59, 24, -228, -95, -107, 12, 48, -502],
 [101, 117, 230, 132, 131, -255, 166, 208, -186, -150, -256, -239, -358, -261, -55, 295, -518, -124, 324, 129],
 [180, -149, -459, -48, -35, 177, 228, 4, -139, -263, -383, -449, -140, -350, -13, -6, -334, 143, -37, -335],
 [65, -324, 615, -4, -410, -29, 226, 105, -85, 300, -167, 155, -9, 182, -253, -43, -243, -202, 41, 180]], shape=[20, 20], strides=[20, 1], layout=Cc (0x5), const ndim=2
v_norms: [900202, 764040858755/900202, 130026530929144498/152808171751, 46327269050244757459163/65013265464572249, 341039209854041107209601372787/463272690502447574591630, 283643830872569486270603503986754171/341039209854041107209601372787, 251845961059328534623774276072693314019040/283643830872569486270603503986754171, 56016920867787832429850519289698541203241184189/62961490264832133655943569018173328504760, 51885216284492154116225501093680694689798165221432386/56016920867787832429850519289698541203241184189, 40566701820994489430406392043086671999575592639798650437561/51885216284492154116225501093680694689798165221432386, 22047241198988115183264214962956972588506746324697337524904348194/40566701820994489430406392043086671999575592639798650437561, 5020616175689251583170388431616671251917096668473415295146844694474925/11023620599494057591632107481478486294253373162348668762452174097, 4682441807383134305286069649413953074939901307719090658253718155512202638169/10041232351378503166340776863233342503834193336946830590293689388949850, 657369600801962311772504395540966928444758948949914117464662443927621687886214914/4682441807383134305286069649413953074939901307719090658253718155512202638169, 13066078034164424139623370898078222778894661122278218533977740962103572823/657369600801962311772504395540966928444758948949914117464662443927621687886214914, 14056006916636332231020479885668685520273556809701248470427825057/52264312136657696558493483592312891115578644489112874135910963848414291292, 1123937206479386863032823367467011883988477924130608/14056006916636332231020479885668685520273556809701248470427825057, 141679858585880198466843979577889911/1123937206479386863032823367467011883988477924130608, 6358558072048769784/141679858585880198466843979577889911, 1/6358558072048769784], shape=[20], strides=[1], layout=CFcf (0xf), const ndim=1
Mu { arr: [365591/900202, -227529/900202, -16414765583/152808171751, -35689/450101, -24636888612/152808171751, 31417087235244783/65013265464572249, 52204/450101, -57060463896/764040858755, 59749441027150211/130026530929144498, -18961630317589659533784/46327269050244757459163, 80537/900202, 298168711897/764040858755, 25706664913160479/130026530929144498, 5698248833989390919814/46327269050244757459163, 151016142693158576793834543621/341039209854041107209601372787, -201471/900202, 123766628893/764040858755, 52885161075303347/130026530929144498, 2112455861177397481665/46327269050244757459163, -89006457429856985446177453741/341039209854041107209601372787, -89940296295841959952615850123284673/283643830872569486270603503986754171, 389831/900202, -282147236937/764040858755, -3701339713122947/11820593720831318, 20290027181238655089667/46327269050244757459163, 165392541640569130883057358729/341039209854041107209601372787, 119368800135633023497772566233747870/283643830872569486270603503986754171, -34047573136023850396972907756707762333879/125922980529664267311887138036346657009520, -363229/900202, -108398768723/764040858755, 8146165588312831/65013265464572249, -13334295134395172757364/46327269050244757459163, 70661361624561727156274246526/341039209854041107209601372787, -123292501740601111386668540710618764/283643830872569486270603503986754171, 5198781258933151708395926548840703751407/15740372566208033413985892254543332126190, -20778865142690349885070695298621202078866108936/56016920867787832429850519289698541203241184189, 146993/450101, 366820694236/764040858755, 1865075722106565/5910296860415659, 12431635977894748808523/46327269050244757459163, 87145744989601377324993046178/341039209854041107209601372787, -47934647802153081843961036307730876/283643830872569486270603503986754171, 1793554880790916780246528484143452956863/6296149026483213365594356901817332850476, 7140599526023808090034274294653748363099014500/56016920867787832429850519289698541203241184189, 16076473324917269382848702239363083762349393037161045/51885216284492154116225501093680694689798165221432386, 442695/900202, 324652659519/764040858755, -30511012587092161/130026530929144498, 10257124009741278177760/46327269050244757459163, -120140628358433941796957349803/341039209854041107209601372787, 138029071358069133865192259153412757/283643830872569486270603503986754171, 3507414011667213406546393184646200620641/7870186283104016706992946127271666063095, -1738997642062862697508647350122394854037287976/56016920867787832429850519289698541203241184189, -13413489989405694294947326461428699819320321693334633/51885216284492154116225501093680694689798165221432386, 873781546656217452224055277660455375075634104346104755855/40566701820994489430406392043086671999575592639798650437561, -224011/450101, 110707899062/764040858755, -37646325192263481/130026530929144498, -18125523384034181652387/46327269050244757459163, -73043927768811386128057772089/341039209854041107209601372787, -28368486769025014728986132116132421/283643830872569486270603503986754171, -9345625199054124891612439840713310840429/25184596105932853462377427607269331401904, 24762692183923080022145057122130108561213087235/56016920867787832429850519289698541203241184189, -10103487585764108278833603136324670478525939052906131/25942608142246077058112750546840347344899082610716193, 14941423707484186129168142602773930827708887189843266579228/40566701820994489430406392043086671999575592639798650437561, 136614931153961349155511182351865777182666401074771697832294808/11023620599494057591632107481478486294253373162348668762452174097, -102789/900202, 50219169055/152808171751, 24746199570225857/130026530929144498, -20702504567547586939911/46327269050244757459163, -5149768770191465438877519245/341039209854041107209601372787, 110650536940464149477466712491941906/283643830872569486270603503986754171, -31075348436083531277714048063619829091993/62961490264832133655943569018173328504760, 9830808976230211325195253180609195574693217326/56016920867787832429850519289698541203241184189, -13344978562880866792757287980919998842254498141814257/51885216284492154116225501093680694689798165221432386, -8063282667099910308019374612674693897141544291368666376783/40566701820994489430406392043086671999575592639798650437561, -2665099433173701389440068306272774030805591350998543329686901285/22047241198988115183264214962956972588506746324697337524904348194, 1475560566739881721613687906030016344522969521088389473292289846626679/5020616175689251583170388431616671251917096668473415295146844694474925, -376837/900202, -352369268283/764040858755, -36489959256013907/130026530929144498, 16330701721671775770088/46327269050244757459163, -56073242944054846343506877509/341039209854041107209601372787, -96866463734981413398100609783613579/283643830872569486270603503986754171, -42014690525379151574258907288047205987157/125922980529664267311887138036346657009520, -9143337962916531052647655669413770647605161513/56016920867787832429850519289698541203241184189, 7446155472185667833384631676348917056125797455926755/25942608142246077058112750546840347344899082610716193, -5089350846611890213558365189533076728125268371329795896410/40566701820994489430406392043086671999575592639798650437561, 4634461199146523186927212074643871478821094991475261986026908824/11023620599494057591632107481478486294253373162348668762452174097, -1139610226107181394659067779438468577040739983560297998021509171162171/5020616175689251583170388431616671251917096668473415295146844694474925, -2285147550093234490133402181860165082945643136998433626075489806948857507006/4682441807383134305286069649413953074939901307719090658253718155512202638169, -18344/450101, -349582851468/764040858755, 34428966404312949/130026530929144498, 19091915183146231227863/46327269050244757459163, 93289235168413827037846199211/341039209854041107209601372787, -118382339073744907975027052531528663/283643830872569486270603503986754171, 11369792675309529176503622144530709875705/25184596105932853462377427607269331401904, -25095019445463131672142578837538698644152715855/56016920867787832429850519289698541203241184189, -10163289848899631405108941607770995200308775442782037/25942608142246077058112750546840347344899082610716193, -12097623416794691082175642412392903822888704456570590333568/40566701820994489430406392043086671999575592639798650437561, 1406759422836604026384811511558423060775092292325510075825858036/11023620599494057591632107481478486294253373162348668762452174097, -2460866881419589980323276427689999081204392958300012812357891858553063/5020616175689251583170388431616671251917096668473415295146844694474925, -728436873573171681559882493849508748297490120481649009553416795796423552718/4682441807383134305286069649413953074939901307719090658253718155512202638169, -99345069555935278267056874449876466259834210178374442216280300280475630937662419/657369600801962311772504395540966928444758948949914117464662443927621687886214914, -224803/900202, 138324350697/764040858755, 27645862953705929/65013265464572249, 17909883617382286344535/46327269050244757459163, 84091769735921792210581467536/341039209854041107209601372787, -63327577893542425614848929293644175/283643830872569486270603503986754171, -105345500095730028089729728623032835772201/251845961059328534623774276072693314019040, 9029189732097588760458364287906089164710935171/112033841735575664859701038579397082406482368378, -12314749899733060773350001242191597005210454543110681/25942608142246077058112750546840347344899082610716193, -13578927074251103519203609468494821187560130694078044281095/40566701820994489430406392043086671999575592639798650437561, 3240999184879497264836333535019767298732052078468365743390967417/22047241198988115183264214962956972588506746324697337524904348194, 505422519544393556566986375426460629468682648213031753534315760067071/2008246470275700633268155372646668500766838667389366118058737877789970, 446600215396013891409454065255702304237017878847249395608975581868234462740/4682441807383134305286069649413953074939901307719090658253718155512202638169, -421478971413761565181955421483341053324529267985569153740103377754337437184009097/1314739201603924623545008791081933856889517897899828234929324887855243375772429828, 1611156205960325212877715603999994442727772711042893699777919344233930135/26132156068328848279246741796156445557789322244556437067955481924207145646, 264433/900202, -95052160899/764040858755, 15591899579713887/130026530929144498, 449976778272018727250/46327269050244757459163, -30397513923156129822465303307/341039209854041107209601372787, 19772052744601983639914509518558282/283643830872569486270603503986754171, 22167761010233785829127663898978920272063/62961490264832133655943569018173328504760, 22954573794494474722935904505261661981972002254/56016920867787832429850519289698541203241184189, -5732198427336823440792117133315497972168051615371669/51885216284492154116225501093680694689798165221432386, -17405456981153736325524327952542313075958966889468521426811/40566701820994489430406392043086671999575592639798650437561, 5417684867398057288265759283418398062390181884079584499811521819/22047241198988115183264214962956972588506746324697337524904348194, -2176928645546624849602096575070835806520771880365283993965592844156207/5020616175689251583170388431616671251917096668473415295146844694474925, -1879697694445390722174745110839839921985586881126117067188573693222419556977/4682441807383134305286069649413953074939901307719090658253718155512202638169, -6434738741715051249728652301287908545155856793997874571755235608306964263167671/46954971485854450840893171110069066317482782067851008390333031709115834849015351, 6042156864409021763897960137460379296263412640789856213104047701168872614/13066078034164424139623370898078222778894661122278218533977740962103572823, 1225822758589141166902354595933916878978989064127362946477209540/14056006916636332231020479885668685520273556809701248470427825057, -149303/900202, 33889989497/764040858755, -27107997240890974/65013265464572249, 3731906539168642453501/46327269050244757459163, 163766179472086561389132576356/341039209854041107209601372787, 81838002078876434659129894068678174/283643830872569486270603503986754171, 12563877164760118118816302108566560021343/31480745132416066827971784509086664252380, -22948541980971466716859303411624619556755375612/56016920867787832429850519289698541203241184189, -19165155942504651542751704023101805297336249264897469/51885216284492154116225501093680694689798165221432386, 18242604043815678117806280734024600882103586582099869141731/40566701820994489430406392043086671999575592639798650437561, -1022219318955300293342288233700380244313106650212019969712483825/22047241198988115183264214962956972588506746324697337524904348194, -1686349354146561972839028374241367253818217379598979803738229323186433/5020616175689251583170388431616671251917096668473415295146844694474925, -1787682902747119368617528375376353504024656732265676587942355463397352549213/4682441807383134305286069649413953074939901307719090658253718155512202638169, 61390606796332526912382043613893326988081063295439592052842602303616430226956051/328684800400981155886252197770483464222379474474957058732331221963810843943107457, -2549890010403487431951609593042487921288609773412799428020217089484819040/13066078034164424139623370898078222778894661122278218533977740962103572823, 1299903985275769225380986722613833482030639781436595719700667190/14056006916636332231020479885668685520273556809701248470427825057, 43228453892873356373324681267218434777321158266125/1123937206479386863032823367467011883988477924130608, -81817/900202, -348806123159/764040858755, 36900513937247215/130026530929144498, 16043752211527442469592/46327269050244757459163, -37456833152741879006530491117/341039209854041107209601372787, 81592296864530249186394552094395652/283643830872569486270603503986754171, 59322938440046480181762939215877992096081/125922980529664267311887138036346657009520, -21759494429924186387072274536771623491907872091/56016920867787832429850519289698541203241184189, -10301060859071396263064929095275533395075492572438635/25942608142246077058112750546840347344899082610716193, -9056464032934551755213436643264957178898324572465700303524/40566701820994489430406392043086671999575592639798650437561, 5437986706107750014801184576229244011933117160583246907325243019/11023620599494057591632107481478486294253373162348668762452174097, -2226826433096762344628819131791240520328182014802224975488894645426271/5020616175689251583170388431616671251917096668473415295146844694474925, -762148779285736824584287964980047650179403109422267532633899178204268607256/4682441807383134305286069649413953074939901307719090658253718155512202638169, -88961566096756382757242530182328634684381293725930570886986998476251867850360986/328684800400981155886252197770483464222379474474957058732331221963810843943107457, 6332185666717073840948940264218754479222665662354924579006779862703926404/13066078034164424139623370898078222778894661122278218533977740962103572823, 6284110125717054102534557655105322097073136052036112111437296022/14056006916636332231020479885668685520273556809701248470427825057, 527169272752914218120666958502873265223044143203211/1123937206479386863032823367467011883988477924130608, -7075649169678082482739370241986255/141679858585880198466843979577889911, -64323/450101, 72076986874/152808171751, -52582531552594409/130026530929144498, -15120445664433581103072/46327269050244757459163, 138478848886378423770887572795/341039209854041107209601372787, 116709347765803570984715314321475952/283643830872569486270603503986754171, -30137015152189659880459364583570044524933/62961490264832133655943569018173328504760, -19959994626976950601605608306880732289962101274/56016920867787832429850519289698541203241184189, 6228874520318511872760761107109916442155779486006055/51885216284492154116225501093680694689798165221432386, -10532153647970717241467363671761054327598133718773709766867/40566701820994489430406392043086671999575592639798650437561, 4528564268875249650650804751267880543691692299314312632742285949/22047241198988115183264214962956972588506746324697337524904348194, 264995468920914515838377751815562580002683252895333560134547465832073/5020616175689251583170388431616671251917096668473415295146844694474925, -645408378241481646066084067444284585079823696720763222923447478528662343947/4682441807383134305286069649413953074939901307719090658253718155512202638169, -44934735673605953024159865578157724429979324316797543620568037376740667503253855/657369600801962311772504395540966928444758948949914117464662443927621687886214914, -116047811068059484405374140373232569724330617163579068508821199678848631/1187825275833129467238488263461656616263151011116201684907067360191233893, -5080526829686723400869625411073063697547265494265648194503680778/14056006916636332231020479885668685520273556809701248470427825057, -4663566877145400524537370498754324823822626778757/18128019459344949403755215604306643290136740711784, 3660508224638980508383572318234830/141679858585880198466843979577889911, 1037652189903218387/6358558072048769784] }
(hist.len, cnt): (553, 6458)
[(0, 1), (0, 2), (0, 2), (0, 2), (0, 2), (1, 2), (0, 3), (0, 3), (2, 3), (0, 4), (1, 2), (0, 4), (1, 2), (2, 3), (0, 4), (1, 5), (1, 5), (0, 4), (1, 2), (1, 3), (2, 3), (1, 4), (2, 4), (3, 4), (0, 5), (2, 3), (0, 4), (1, 2), (0, 5), (0, 4), (1, 6), (0, 1), (1, 4), (4, 5), (1, 6), (2, 3), (2, 4), (3, 4), (1, 5), (2, 3), (3, 4), (1, 6), (0, 1), (3, 4), (3, 5), (1, 6), (0, 1), (3, 4), (2, 5), (1, 6), (0, 1), (1, 2), (1, 5), (3, 4), (1, 6), (0, 1), (3, 4), (0, 5), (2, 3), (1, 6), (4, 6), (2, 7), (0, 2), (2, 5), (4, 5), (5, 6), (2, 7), (0, 2), (1, 2), (2, 3), (0, 4), (1, 4), (2, 3), (1, 6), (0, 1), (1, 2), (4, 7), (2, 4), (1, 4), (2, 3), (2, 7), (0, 2), (1, 2), (1, 3), (2, 3), (1, 4), (0, 5), (1, 2), (3, 4), (3, 6), (4, 5), (2, 7), (0, 2), (2, 3), (3, 5), (4, 5), (2, 6), (0, 2), (1, 2), (0, 3), (1, 2), (2, 4), (3, 8), (0, 3), (1, 2), (3, 4), (0, 5), (3, 8), (0, 3), (0, 4), (1, 6), (0, 1), (2, 7), (1, 2), (2, 3), (3, 4), (2, 6), (5, 6), (3, 7), (4, 7), (5, 7), (3, 8), (0, 3), (1, 3), (3, 4), (0, 5), (2, 3), (4, 5), (5, 6), (2, 5), (4, 5), (2, 7), (0, 2), (2, 4), (3, 5), (5, 6), (4, 7), (0, 4), (0, 2), (0, 4), (2, 5), (3, 5), (1, 6), (0, 1), (2, 3), (3, 8), (0, 3), (1, 2), (4, 9), (0, 4), (2, 3), (3, 4), (6, 7), (3, 8), (1, 3), (5, 9), (2, 5), (4, 5), (6, 7), (3, 8), (2, 3), (4, 5), (5, 6), (6, 7), (4, 9), (0, 4), (2, 3), (3, 6), (4, 8), (3, 4), (5, 6), (4, 9), (0, 4), (2, 3), (0, 4), (1, 6), (0, 1), (3, 5), (4, 5), (6, 7), (4, 8), (2, 4), (3, 4), (4, 9), (0, 4), (1, 2), (4, 5), (2, 6), (7, 8), (7, 9), (4, 7), (2, 4), (2, 4), (1, 5), (2, 3), (3, 5), (4, 5), (1, 6), (3, 5), (4, 5), (3, 7), (4, 9), (0, 4), (1, 2), (3, 4), (3, 6), (4, 5), (3, 8), (0, 3), (2, 3), (5, 10), (0, 5), (3, 4), (3, 8), (0, 3), (2, 4), (5, 9), (3, 8), (0, 3), (3, 4), (7, 10), (3, 7), (2, 3), (5, 7), (2, 5), (3, 4), (3, 5), (6, 8), (4, 6), (5, 10), (0, 5), (1, 2), (3, 4), (3, 5), (3, 6), (4, 5), (5, 6), (4, 9), (0, 4), (1, 3), (2, 6), (4, 6), (5, 10), (0, 5), (2, 3), (2, 5), (3, 4), (5, 6), (7, 8), (4, 7), (5, 6), (5, 10), (0, 5), (1, 2), (1, 5), (2, 4), (3, 5), (4, 5), (2, 6), (4, 5), (4, 7), (2, 4), (2, 4), (5, 8), (1, 5), (2, 3), (3, 5), (4, 5), (6, 11), (1, 6), (0, 1), (2, 3), (2, 5), (4, 6), (5, 10), (0, 5), (7, 9), (3, 7), (2, 3), (6, 11), (1, 6), (0, 1), (3, 4), (2, 6), (3, 5), (9, 10), (7, 11), (2, 7), (1, 2), (4, 5), (4, 6), (5, 6), (3, 7), (1, 3), (4, 8), (2, 4), (5, 8), (1, 5), (7, 11), (2, 7), (1, 2), (3, 4), (2, 6), (1, 2), (6, 11), (1, 6), (0, 1), (1, 2), (2, 5), (5, 6), (9, 11), (7, 12), (2, 7), (0, 2), (1, 4), (1, 5), (4, 7), (7, 10), (6, 7), (6, 11), (1, 6), (0, 1), (2, 4), (3, 4), (2, 5), (2, 7), (1, 2), (3, 4), (4, 5), (5, 6), (3, 8), (0, 3), (3, 4), (6, 11), (2, 6), (4, 5), (4, 8), (1, 4), (6, 8), (9, 10), (8, 11), (7, 8), (4, 7), (3, 4), (5, 6), (3, 7), (1, 3), (2, 3), (5, 10), (0, 5), (1, 2), (2, 3), (6, 11), (1, 6), (0, 1), (2, 3), (1, 6), (2, 3), (4, 7), (3, 8), (0, 3), (1, 2), (2, 3), (1, 4), (2, 3), (3, 5), (9, 11), (6, 9), (2, 6), (3, 5), (6, 9), (3, 6), (1, 3), (6, 11), (1, 6), (0, 1), (2, 3), (1, 4), (9, 10), (8, 11), (5, 8), (4, 5), (6, 7), (6, 8), (9, 11), (8, 9), (7, 12), (2, 7), (0, 2), (1, 2), (6, 7), (6, 10), (4, 6), (2, 4), (3, 4), (5, 6), (8, 12), (4, 8), (0, 4), (3, 4), (7, 12), (2, 7), (0, 2), (3, 4), (4, 5), (4, 6), (7, 9), (6, 7), (8, 12), (3, 8), (1, 3), (3, 5), (4, 5), (4, 7), (6, 11), (1, 6), (0, 1), (3, 4), (4, 5), (7, 12), (2, 7), (1, 2), (2, 3), (3, 4), (5, 6), (3, 5), (4, 5), (6, 7), (5, 9), (1, 5), (4, 5), (5, 10), (1, 5), (3, 4), (8, 9), (9, 10), (7, 9), (6, 11), (1, 6), (2, 3), (8, 11), (5, 8), (3, 5), (5, 8), (0, 5), (1, 4), (2, 4), (3, 4), (2, 5), (3, 4), (6, 9), (1, 6), (0, 1), (1, 3), (4, 5), (10, 11), (9, 13), (4, 9), (0, 4), (2, 3), (3, 4), (5, 6), (2, 7), (3, 4), (4, 6), (4, 8), (1, 4), (3, 4), (6, 8), (5, 9), (3, 5), (4, 5), (6, 7), (10, 11), (7, 12), (2, 7), (0, 2), (1, 2), (2, 7), (1, 2), (2, 5), (5, 6), (7, 12), (2, 7), (0, 2), (4, 7), (5, 8), (4, 5), (6, 8), (4, 9), (1, 4), (4, 5), (7, 10), (3, 7), (6, 10), (4, 6), (7, 8), (7, 12), (2, 7), (0, 2), (2, 3), (5, 6), (4, 9), (2, 4), (6, 7), (5, 8), (4, 5), (6, 8), (7, 12), (2, 7), (0, 2), (2, 4), (6, 9), (9, 10), (7, 12), (5, 7), (10, 12), (8, 10), (6, 8), (7, 8), (11, 13), (9, 14), (4, 9), (2, 4), (3, 4), (8, 13), (6, 8), (3, 6), (11, 12), (8, 11), (5, 8), (1, 5), (8, 13), (3, 8), (0, 3), (2, 3), (2, 5), (2, 4), (4, 6), (7, 9), (5, 10), (1, 5), (3, 8), (7, 10), (4, 7), (3, 4), (9, 13), (5, 9), (2, 5), (2, 4), (6, 7), (5, 9), (2, 5)]
