results/deeplll05/ndim10seed1cnt1000dim10delta0.98999995.txt: 4.223 sec
b: [[0, 0, 0, -1, 0, 0, 0, 0, 0, 0],
 [0, 0, 0, 0, 0, 0, 1, 0, 0, 0],
 [-1, 0, 0, 0, 0, 0, 0, 0, 0, 0],
 [0, 0, 0, 0, 0, 0, 0, 0, -1, 0],
 [0, 0, 0, 0, 0, 0, 0, 0, 0, -1],
 [0, 0, 0, 0, -1, 0, 0, 0, 0, 0],
 [0, 0, 0, 0, 0, -1, 0, 0, 0, 0],
 [0, 0, 1, 0, 0, 0, 0, 0, 0, 0],
 [0, -1, 0, 0, 0, 0, 0, 0, 0, 0],
 [0, 0, 0, 0, 0, 0, 0, -1, 0, 0]], shape=[10, 10], strides=[10, 1], layout=Cc (0x5), const ndim=2
v_norms: [1, 1, 1, 1, 1, 1, 1, 1, 1, 1], shape=[10], strides=[1], layout=CFcf (0xf), const ndim=1
Mu { arr: [0, 0, 0, 0, 0, 0, 0, 0, 0, 0, 0, 0, 0, 0, 0, 0, 0, 0, 0, 0, 0, 0, 0, 0, 0, 0, 0, 0, 0, 0, 0, 0, 0, 0, 0, 0, 0, 0, 0, 0, 0, 0, 0, 0, 0] }
(hist.len, cnt): (589, 5855)
[(0, 1), (0, 1), (0, 2), (0, 2), (0, 2), (0, 2), (0, 2), (0, 2), (0, 3), (1, 2), (0, 3), (0, 1), (0, 3), (0, 3), (1, 3), (0, 3), (1, 2), (0, 3), (1, 2), (0, 3), (1, 2), (0, 3), (2, 3), (0, 4), (0, 4), (1, 3), (2, 4), (0, 4), (1, 4), (2, 3), (0, 4), (0, 4), (0, 3), (0, 4), (0, 4), (1, 3), (1, 4), (3, 4), (1, 5), (1, 5), (2, 3), (0, 5), (1, 4), (1, 3), (0, 5), (1, 2), (0, 4), (2, 3), (0, 5), (3, 4), (0, 5), (0, 4), (2, 4), (0, 5), (2, 3), (0, 4), (1, 4), (0, 5), (0, 5), (1, 3), (0, 5), (0, 5), (2, 3), (1, 4), (1, 5), (2, 3), (0, 4), (3, 4), (2, 5), (0, 5), (3, 4), (0, 5), (1, 2), (1, 3), (2, 3), (1, 4), (3, 4), (1, 6), (0, 1), (1, 3), (0, 4), (1, 6), (0, 1), (2, 4), (2, 5), (1, 6), (0, 1), (3, 4), (2, 6), (1, 6), (0, 1), (0, 5), (1, 3), (1, 6), (0, 1), (1, 2), (0, 3), (0, 5), (3, 4), (1, 6), (0, 1), (1, 2), (0, 4), (1, 2), (3, 4), (3, 5), (4, 5), (1, 6), (0, 1), (2, 3), (3, 4), (1, 6), (0, 1), (1, 2), (1, 4), (2, 3), (3, 4), (0, 5), (1, 4), (1, 6), (0, 1), (2, 5), (1, 6), (0, 1), (2, 3), (1, 6), (0, 1), (2, 3), (1, 4), (1, 6), (0, 1), (0, 4), (2, 3), (1, 6), (0, 1), (2, 3), (1, 6), (0, 1), (4, 5), (3, 6), (1, 3), (2, 3), (2, 4), (3, 5), (2, 7), (0, 2), (2, 4), (3, 4), (2, 5), (4, 5), (2, 7), (0, 2), (2, 4), (1, 5), (2, 3), (2, 7), (1, 2), (2, 7), (0, 2), (3, 4), (1, 6), (0, 1), (1, 2), (0, 3), (2, 3), (4, 6), (2, 7), (0, 2), (2, 3), (1, 5), (4, 5), (3, 6), (2, 7), (0, 2), (1, 2), (3, 4), (4, 5), (2, 7), (1, 2), (2, 3), (3, 4), (4, 6), (2, 7), (3, 4), (2, 6), (1, 2), (5, 6), (3, 7), (1, 3), (2, 3), (4, 6), (2, 7), (0, 2), (1, 4), (2, 6), (0, 5), (1, 6), (0, 1), (3, 5), (4, 5), (2, 7), (3, 4), (2, 6), (2, 7), (0, 2), (1, 4), (2, 6), (1, 2), (2, 7), (1, 2), (2, 3), (2, 4), (5, 6), (2, 7), (0, 2), (1, 4), (5, 6), (2, 7), (0, 2), (1, 3), (2, 3), (1, 4), (3, 4), (2, 5), (4, 5), (2, 7), (0, 2), (1, 2), (2, 7), (2, 5), (1, 6), (0, 1), (2, 5), (2, 7), (0, 2), (1, 5), (2, 3), (0, 4), (5, 6), (4, 5), (3, 8), (0, 3), (1, 5), (1, 6), (2, 5), (3, 5), (2, 7), (0, 2), (1, 2), (1, 5), (2, 3), (5, 7), (4, 5), (3, 8), (1, 3), (2, 3), (4, 5), (5, 6), (4, 7), (3, 8), (0, 3), (2, 3), (4, 5), (2, 7), (3, 5), (6, 7), (3, 8), (0, 3), (0, 3), (4, 5), (2, 7), (0, 2), (1, 2), (4, 6), (5, 6), (2, 7), (1, 2), (4, 6), (3, 7), (3, 8), (1, 3), (2, 6), (4, 7), (3, 8), (1, 3), (2, 3), (3, 5), (5, 6), (4, 7), (3, 4), (3, 8), (1, 3), (3, 4), (3, 6), (4, 6), (2, 4), (3, 8), (1, 3), (3, 4), (0, 5), (1, 2), (3, 4), (3, 6), (4, 8), (2, 4), (5, 6), (5, 7), (4, 5), (3, 8), (0, 3), (2, 4), (3, 5), (1, 6), (0, 5), (2, 7), (0, 2), (2, 3), (3, 8), (1, 3), (2, 3), (2, 5), (3, 4), (3, 5), (2, 7), (0, 2), (2, 3), (4, 5), (5, 6), (3, 8), (0, 3), (2, 3), (0, 4), (3, 4), (5, 6), (4, 5), (2, 7), (1, 2), (4, 5), (2, 6), (3, 5), (4, 5), (3, 6), (2, 3), (3, 4), (5, 6), (3, 8), (0, 3), (1, 2), (1, 4), (1, 4), (2, 3), (3, 8), (1, 3), (2, 3), (2, 4), (2, 5), (3, 5), (3, 7), (3, 8), (0, 3), (0, 3), (1, 2), (0, 5), (1, 3), (2, 3), (5, 6), (4, 5), (3, 7), (1, 3), (2, 3), (3, 4), (3, 8), (0, 3), (3, 4), (2, 5), (3, 4), (3, 7), (2, 3), (3, 8), (0, 3), (4, 5), (1, 6), (0, 1), (1, 4), (5, 8), (5, 9), (1, 5), (2, 3), (2, 4), (0, 5), (3, 4), (2, 6), (4, 5), (2, 7), (0, 2), (2, 3), (5, 8), (1, 5), (2, 3), (0, 5), (1, 3), (2, 3), (3, 4), (1, 6), (2, 4), (2, 7), (0, 2), (4, 5), (6, 7), (5, 6), (3, 8), (1, 3), (3, 4), (5, 6), (7, 8), (5, 7), (4, 9), (1, 4), (2, 4), (5, 8), (4, 9), (0, 4), (4, 9), (0, 4), (3, 4), (4, 5), (2, 7), (1, 2), (5, 6), (6, 8), (4, 6), (4, 9), (1, 4), (0, 5), (1, 2), (4, 5), (6, 7), (2, 7), (0, 2), (4, 9), (0, 4), (2, 5), (5, 6), (2, 5), (3, 8), (1, 3), (3, 4), (4, 5), (4, 9), (0, 4), (1, 5), (3, 4), (5, 7), (4, 5), (4, 9), (0, 4), (3, 4), (1, 6), (0, 1), (1, 2), (3, 4), (3, 8), (0, 3), (1, 2), (1, 4), (2, 3), (1, 6), (7, 8), (4, 9), (0, 4), (3, 6), (4, 6), (5, 6), (8, 9), (7, 8), (6, 7), (2, 7), (1, 2), (3, 8), (2, 3), (4, 5), (4, 9), (0, 4), (2, 4), (2, 7), (0, 2), (2, 3), (3, 8), (0, 3), (2, 3), (7, 9), (5, 7), (3, 5), (3, 5), (3, 8), (0, 3), (1, 2), (2, 3), (4, 6), (2, 4), (5, 6), (6, 7), (3, 8), (0, 3), (2, 3), (2, 4), (4, 9), (0, 4), (0, 2), (2, 3), (2, 5), (5, 8), (4, 9), (0, 4), (3, 4), (1, 5), (3, 5), (4, 7), (2, 4), (4, 7), (3, 4), (4, 5), (4, 9), (0, 4), (2, 3), (2, 5), (3, 4), (2, 7), (1, 2), (2, 3), (4, 5), (4, 9), (1, 4), (2, 3), (2, 7), (0, 2), (1, 4), (2, 3), (3, 4), (4, 9), (0, 4), (1, 4), (2, 4), (3, 5), (5, 6), (4, 9), (1, 4), (2, 3), (4, 7), (3, 4), (5, 6), (4, 9), (0, 4), (1, 4), (1, 4), (4, 7), (2, 4), (5, 7), (4, 9), (1, 4), (3, 5), (4, 5), (6, 8), (5, 6), (4, 9), (0, 4), (1, 2), (3, 5), (4, 5), (3, 7), (2, 3), (5, 6), (4, 5), (4, 7), (7, 8), (4, 7), (2, 4), (4, 9), (0, 4), (1, 3), (2, 4), (3, 4), (4, 5), (5, 6), (3, 7), (2, 3), (3, 8), (1, 3), (6, 8)]
