results/deeplll05/ndim20seed1cnt1000dim20delta1.txt: 49.317 sec
b: [[-173, -23, 591, 499, 279, -926, -28, -992, -920, -1244, 1232, 2243, -1000, 728, -996, -505, -279, -307, -918, -229],
 [1485, 107, -1423, 36, 34, -772, 798, 2108, 32, 267, -1521, -676, 65, 835, 484, 514, 39, 1043, 646, -223],
 [-381, -316, -109, -838, 778, -2005, -238, 1889, 137, 741, -1074, 791, 23, -1268, 623, 126, 249, 540, 1156, 1153],
 [155, -507, 1164, 957, 64, 900, -776, 916, 2114, 206, -122, 476, -427, -1929, 408, -1399, 226, -628, -238, 1097],
 [-1063, -488, 1605, -273, 1321, 922, -780, 1099, 523, -78, 1430, 883, -1665, -928, -992, 1148, -697, -206, -113, 689],
 [1516, -412, 726, -1286, -389, 512, 999, -1739, -103, -948, -3, -484, -243, 74, -1851, -438, -1124, -466, 829, 244],
 [498, 392, 888, -474, -1011, -1362, -351, -424, 725, -224, -106, -1999, -411, -2899, -3, 466, 494, -277, 419, 1901],
 [-152, -911, 1492, 243, -153, 376, -614, -1228, -2419, 1220, 1123, -694, 663, 525, 124, 497, -1148, -1052, -243, -1135],
 [-2501, 431, -78, -1077, 1686, 1615, 798, -279, -595, 806, -1817, 55, 559, 167, -128, 1073, 1157, 247, -950, 168],
 [113, 479, -197, -589, -824, -769, 1750, -388, -239, -941, -399, -37, -933, 1756, -2007, 340, 643, -402, -730, -131],
 [-982, -138, -39, -317, 1866, -881, 356, -2565, -253, 41, 256, 367, 740, 1024, -881, -833, 954, -1137, 279, -1503],
 [460, -545, -575, -654, 200, 1009, 1055, 609, 1422, 1046, -1168, 314, 1849, -1033, -1767, -330, -33, 384, 10, 1398],
 [-1628, 314, 57, 38, -484, 580, -265, -616, -184, -185, 1112, 724, -209, 1029, -90, 81, 274, -359, -708, -548],
 [1121, 221, 1209, 758, 387, -323, 174, -2004, -964, -1168, -371, -858, -1083, -319, 117, -499, 243, -818, -725, -424],
 [367, -280, 303, 630, -1350, -1343, -717, -895, -840, 275, 1783, 34, 690, -188, -169, -205, -536, -512, -135, -143],
 [663, -992, 629, 421, 808, 1496, -201, 781, 589, 735, 438, 521, 386, -399, -828, -139, -1021, -116, -13, 99],
 [-793, 686, 285, 1088, 41, -254, -117, -75, -247, -966, -255, 999, -1283, 371, 761, -414, 1024, -159, -1503, -126],
 [279, -243, 9, 1276, 932, -902, -131, 1057, -701, 1112, -562, -211, 507, -368, 399, 513, 545, 40, -872, -157],
 [734, 608, -1085, 839, -1047, 276, -335, -770, 497, -701, 719, -159, 650, -170, 447, -420, -12, 595, -375, -19],
 [1103, 103, -309, 1558, -889, -58, -210, -474, 85, -917, 625, 1051, -128, 685, 370, -1380, -178, -56, -829, -536]], shape=[20, 20], strides=[20, 1], layout=Cc (0x5), const ndim=2
v_norms: [15335994, 92395074622456/7667997, 1269764603052047373695/92395074622456, 32849601334818220073284377563/2539529206104094747390, 403716753918017690867539754758614812/32849601334818220073284377563, 5527299282878069742008282729773897934748665/403716753918017690867539754758614812, 65917162897489105357758477729233405999344148973213/5527299282878069742008282729773897934748665, 719766864754997613393269784072023675959582662336697212673/65917162897489105357758477729233405999344148973213, 7231662987082997352189242661841828360308553892169520362360516457/719766864754997613393269784072023675959582662336697212673, 30668433537542941513403288199914535464111973220441324769333540497250185/7231662987082997352189242661841828360308553892169520362360516457, 49317136302702820215338676556281588490133413583285825457280035795063452785734/6133686707508588302680657639982907092822394644088264953866708099450037, 117395645072980766602369800080589354427549777304926354479136572736541407509796567353/16439045434234273405112892185427196163377804527761941819093345265021150928578, 46639114764466877996211388274145825062101159817533317079575866815413694239764764175192/586978225364903833011849000402946772137748886524631772395682863682707037548982836765, 212788944656321007828971336649981133707388897699560636566755492947127608039976771/34979336073350158497158541205609368796575869863149987809681900111560270679823573131394, 2389781765445624881443810757575636131423666576784803547266722159163331621/212788944656321007828971336649981133707388897699560636566755492947127608039976771, 253400897195553369694323371577357003903214734422290605511780678/2389781765445624881443810757575636131423666576784803547266722159163331621, 834203700944001347257871849465500398392608325131/1013603588782213478777293486309428015612858937689162422047122712, 25311525590762367632094496072398075/834203700944001347257871849465500398392608325131, 315079113563416004/25311525590762367632094496072398075, 1/315079113563416004], shape=[20], strides=[1], layout=CFcf (0xf), const ndim=1
Mu { arr: [-3647521/7667997, -3990469/15335994, 35780556709421/92395074622456, -2416127/15335994, -19915555187851/46197537311228, 451466228630887996154/1269764603052047373695, 4413437/15335994, -18463074395651/46197537311228, 97709795984703912762/253952920610409474739, 8978467277095718322471153985/32849601334818220073284377563, 2835215/15335994, -14178877162717/92395074622456, -419736280074397635567/1269764603052047373695, -3364253897118583369084031454/32849601334818220073284377563, 4608009042995378452437719743549139/403716753918017690867539754758614812, -3102287/7667997, -4565978194529/11549384327807, 580511094624967710136/1269764603052047373695, 4369620138726993644146045372/32849601334818220073284377563, -52158030531952861797350639927942353/403716753918017690867539754758614812, 2339510269300309055960721775448398453908373/5527299282878069742008282729773897934748665, 966811/5111998, -21744514570935/46197537311228, -392904135443134149246/1269764603052047373695, -16366385446497605765033761027/32849601334818220073284377563, 41265489075033240316288380022056949/403716753918017690867539754758614812, -257987103774189719072678556324667760563293/5527299282878069742008282729773897934748665, -8490517477435210349472908374627271651007532797943/65917162897489105357758477729233405999344148973213, -1306227/5111998, -12885698448609/46197537311228, 23107924433863998598/253952920610409474739, -15220121992143587604688136525/32849601334818220073284377563, 25136374624512760291664786916933606/100929188479504422716884938689653703, -359838939141592712284147900649637747792508/1105459856575613948401656545954779586949733, -29993472794987534873752692007349183521758872610325/65917162897489105357758477729233405999344148973213, -334632967135862398344301454105477212474272177383209646990/719766864754997613393269784072023675959582662336697212673, 1958637/5111998, 34988300583111/92395074622456, -462377483618660916227/1269764603052047373695, -8451946362228316375908277794/32849601334818220073284377563, 1204624432394052788303610162820287/100929188479504422716884938689653703, 342455557500174317110679662036680507742776/1105459856575613948401656545954779586949733, 4421224416618424178174111825911199036999731512295/21972387632496368452586159243077801999781382991071, -269464653518495703454198885760836854363116526204511921461/719766864754997613393269784072023675959582662336697212673, 2509282883633108092151269920970782255459175968307990068422282795/7231662987082997352189242661841828360308553892169520362360516457, 1109610/2555999, -7400976608061/23098768655614, -27862969959214910460/253952920610409474739, -16414163216752707823349167690/32849601334818220073284377563, -38013713085720562379445137894865383/100929188479504422716884938689653703, 273856670365269259740327253637842934057044/5527299282878069742008282729773897934748665, -9002161910634247894792272354889054660268732146282/21972387632496368452586159243077801999781382991071, -14074253795882925073637878338439107210465940720334651370/102823837822142516199038540581717667994226094619528173239, 1104056895580557188270649156364871833924261760406771258526567142/7231662987082997352189242661841828360308553892169520362360516457, 1118798786966657073578861714195974276966879059560123291698009993965616/6133686707508588302680657639982907092822394644088264953866708099450037, -6702001/15335994, -764008515875/46197537311228, 45792767159427274386/253952920610409474739, 8709720424704874045477491325/32849601334818220073284377563, -4426876062314548043446318551634833/100929188479504422716884938689653703, 2412090846125812576936761516269751679777308/5527299282878069742008282729773897934748665, -24596088336360768556881651802142866859320037936467/65917162897489105357758477729233405999344148973213, -235661417090291338977826282058404929208756195461080633792/719766864754997613393269784072023675959582662336697212673, 2261436070549510517507978162782299483817434692533875926845130647/7231662987082997352189242661841828360308553892169520362360516457, 966757455356381455540070936441285514547606802752831905435964338219864/6133686707508588302680657639982907092822394644088264953866708099450037, -2772375766056837853043651629165748723008590676100654454960512126114036868693/16439045434234273405112892185427196163377804527761941819093345265021150928578, 1827611/5111998, -7516801629345/23098768655614, -270454718686774918072/1269764603052047373695, -6022198766589795469264986319/32849601334818220073284377563, 8387953292335549834839212005781506/100929188479504422716884938689653703, -1983609051064980410025185646028598523021156/5527299282878069742008282729773897934748665, -3110098337038098477284685223503425863168896367412/21972387632496368452586159243077801999781382991071, -131858724776593821907684684355740797856194507775546689570/719766864754997613393269784072023675959582662336697212673, -642212130453624277966391370035003040588797992771035918887263658/7231662987082997352189242661841828360308553892169520362360516457, 11903670178235631094208058309388351998059268652943332812269177252797662/30668433537542941513403288199914535464111973220441324769333540497250185, -2525803972198552717188759426404193783499385411385946783817453884262061582239/16439045434234273405112892185427196163377804527761941819093345265021150928578, -11582592629809406159237787922739622838382730124012252260087723841876237818192309823/117395645072980766602369800080589354427549777304926354479136572736541407509796567353, 862404/2555999, -17782050283983/92395074622456, -415233545023160242961/1269764603052047373695, 2105727901702572006453708603/32849601334818220073284377563, -102032088593968864579633926664301383/403716753918017690867539754758614812, 1390631421887484396272512735454947988108903/5527299282878069742008282729773897934748665, 3162375170152114298062054035441294993941419482767/7324129210832122817528719747692600666593794330357, 203641344860144541552156005206875941017366157212497337191/719766864754997613393269784072023675959582662336697212673, 2950298119171108225511922953488952845388013894310786206126925184/7231662987082997352189242661841828360308553892169520362360516457, -12112996076694267646429391161979860953623420179034056150495120828057126/30668433537542941513403288199914535464111973220441324769333540497250185, 9695323241257598069532446860488268357818756459345791585879150088964300827914/24658568151351410107669338278140794245066706791642912728640017897531726392867, -4456987852473385671304867489672329566808020235239038211622778170842192484390539768/9030434236383135892489984621583796494426905946532796498395120979733954423830505181, 10057743563618504964876712103555322849949020481902267999637928231145268354999487612897/23319557382233438998105694137072912531050579908766658539787933407706847119882382087596, 2411642/7667997, -20434890847127/92395074622456, -56356705214500290577/1269764603052047373695, -5422151772190400144615772049/32849601334818220073284377563, -58263919002947363417291120482577583/201858376959008845433769877379307406, -81544420725357797747203119159669562778558/5527299282878069742008282729773897934748665, 20693967071350328834335254736828332275085360308497/65917162897489105357758477729233405999344148973213, 355481349813610334892430145518074017486379079970623379090/719766864754997613393269784072023675959582662336697212673, -3546368697309880109111415159852769808096543856202430719475373820/7231662987082997352189242661841828360308553892169520362360516457, 4971601429802184651408508834815874724107115287596530010275374331333468/30668433537542941513403288199914535464111973220441324769333540497250185, -4655041526881001592404958388729124697268944751422466765426344270767039835877/49317136302702820215338676556281588490133413583285825457280035795063452785734, 39873294592621813996360937764393441418667576955290028011357561602350839808209560647/117395645072980766602369800080589354427549777304926354479136572736541407509796567353, -3028776510264263536617003437601751165100598554156127404110305885693797074109921883901/23319557382233438998105694137072912531050579908766658539787933407706847119882382087596, 14807429787126790164414624665756909889577161365004257730118278391154883995273963/212788944656321007828971336649981133707388897699560636566755492947127608039976771, -658909/15335994, -13275423289051/92395074622456, -34969001970765276081/1269764603052047373695, 13462194313627083487395562268/32849601334818220073284377563, 159710102926345125508056692892635841/403716753918017690867539754758614812, 853649495454444147557015596595421120163507/5527299282878069742008282729773897934748665, -26221334659425399424558462542676427096600865838508/65917162897489105357758477729233405999344148973213, 193346257533377594454628545318246758435229291144450142163/719766864754997613393269784072023675959582662336697212673, -191854522522767940664300503596861083035924989561132479509205622/7231662987082997352189242661841828360308553892169520362360516457, -788142061732176695957101716601524661492461396404840374041012729377499/4381204791077563073343326885702076494873139031491617824190505785321455, 353961486094406703169456897612129907220813012512101901723667934911248323921/49317136302702820215338676556281588490133413583285825457280035795063452785734, 52671685103727461327962208736232192641149544300096919045994845601731926843714680635/117395645072980766602369800080589354427549777304926354479136572736541407509796567353, -4206500669371853795850615858542355758998941827037680772316190574063340095039656842523/46639114764466877996211388274145825062101159817533317079575866815413694239764764175192, -50451363457702818788527510926438291240008904384509306595757902428859128078389483/425577889312642015657942673299962267414777795399121273133510985894255216079953542, 491624167419149498997361117384696649893274815607190257263914795110591003/4779563530891249762887621515151272262847333153569607094533444318326663242, 2229515/5111998, 3196958385021/92395074622456, -6068219440324811205/253952920610409474739, 7889566460541770894108815450/32849601334818220073284377563, -12780088118789784484492809710744012/100929188479504422716884938689653703, -2639466253199594188617673391408475947425672/5527299282878069742008282729773897934748665, 11978817389026476718114381857256630733509499702308/65917162897489105357758477729233405999344148973213, -136455230352679788560780693862869849970473912659591960621/719766864754997613393269784072023675959582662336697212673, 2512809812323340289463607751845721380750518148612404606728420127/7231662987082997352189242661841828360308553892169520362360516457, 228306373848475424706084062928490405966460628906580599628438396990189/6133686707508588302680657639982907092822394644088264953866708099450037, -2068464444211833412566207201555242349287340222913826730946706916011039331455/49317136302702820215338676556281588490133413583285825457280035795063452785734, -51345406411678782381252579512198422845444001681401170940323267358029250408274566325/117395645072980766602369800080589354427549777304926354479136572736541407509796567353, -1485240075041117620189717204256967844585013324274373664459064298223005059802822380875/23319557382233438998105694137072912531050579908766658539787933407706847119882382087596, -20301818719530879975727510885013340100515330022110412830789506934521311947643133/212788944656321007828971336649981133707388897699560636566755492947127608039976771, 853720631979308992919734179318459928246087406761799604571095412505299067/2389781765445624881443810757575636131423666576784803547266722159163331621, -36203040045009826891157117661089811203149858448124506210386521/506801794391106739388646743154714007806429468844581211023561356, -671185/5111998, 25337669266395/92395074622456, 238611431012572075561/1269764603052047373695, 1757212973266116775811076392/32849601334818220073284377563, -2314664928611207845054144607790501/100929188479504422716884938689653703, -2213112330214596100932097995484862414922608/5527299282878069742008282729773897934748665, 6900749551548891657723585454331996659572755106592/65917162897489105357758477729233405999344148973213, 300204791042842431153690530067247898742077460180750307373/719766864754997613393269784072023675959582662336697212673, 2510866970321389637148453495434881297206157086793311426504341177/7231662987082997352189242661841828360308553892169520362360516457, -2670570556294861789606982137093970234026915947868331508537379455199179/30668433537542941513403288199914535464111973220441324769333540497250185, 4530700418489506780638806794217026433874916336406712347112906937087445018683/16439045434234273405112892185427196163377804527761941819093345265021150928578, 1446202046941571787517480570023758321318042077002849008169721552608856613388032135/4347986854554843207495177780762568682501843603886161277005058249501533611473946939, 590385080842631508687035785993652807839397316993243168985553915763974194900950079017/5829889345558359749526423534268228132762644977191664634946983351926711779970595521899, 88937323758222653239585623809972782929272750894281560046492339153715605615214406/212788944656321007828971336649981133707388897699560636566755492947127608039976771, 265285182982393907535528405800979228679572329640668713824202305941240651/2389781765445624881443810757575636131423666576784803547266722159163331621, 2814115889307535438940997676544987721635598163440987227827691/126700448597776684847161685788678501951607367211145302755890339, -376394552362571621100720166330274363917551905148/834203700944001347257871849465500398392608325131, -15811/7667997, -2296588003679/92395074622456, -436283977759950452761/1269764603052047373695, 4778237557805135705503310623/32849601334818220073284377563, -141307377017991164098955811890801623/403716753918017690867539754758614812, -122388796477810721357798680219276576767145/1105459856575613948401656545954779586949733, 14681060402697854030617445780878909838412811977245/65917162897489105357758477729233405999344148973213, -136024359318457235262637606528498962837029821591860058034/719766864754997613393269784072023675959582662336697212673, -2584255799938178181007046193824467189808877665768914220654606856/7231662987082997352189242661841828360308553892169520362360516457, -13371865245757579021452301676997560051778191254619990400714412831226527/30668433537542941513403288199914535464111973220441324769333540497250185, -1444755733705490342760397293627911082297677440444687764414731466277787182268/8219522717117136702556446092713598081688902263880970909546672632510575464289, 26872191924572719703543698196890399755052795945073015996481447263429607239599845974/117395645072980766602369800080589354427549777304926354479136572736541407509796567353, 1210260516008891386730172022975298548973145724158935756295922845395747619761947703011/5829889345558359749526423534268228132762644977191664634946983351926711779970595521899, -8096970929261512780382389607228980907417014140092607086542859493234363069986442/212788944656321007828971336649981133707388897699560636566755492947127608039976771, 35491636815259470364454977379392442241968437634117454637357617558415653/2389781765445624881443810757575636131423666576784803547266722159163331621, 28723775367708691333970023997350658306768622175969816095233325/126700448597776684847161685788678501951607367211145302755890339, -213751775434864883855302940359300718652389720532/834203700944001347257871849465500398392608325131, -1589116899519987428053363395810326/25311525590762367632094496072398075, 6779021/15335994, 14308788716777/92395074622456, -469157790185357921061/1269764603052047373695, 13666562926530083752754198758/32849601334818220073284377563, -82574279971594534227390643273617869/201858376959008845433769877379307406, -785213020754498547376927634759324198465094/5527299282878069742008282729773897934748665, 954259366297068343572719639554250693320560227546/65917162897489105357758477729233405999344148973213, 65179965979684142414588006400969745996000122853110712483/719766864754997613393269784072023675959582662336697212673, -62187624022092698584234634814688412796812575961740929040370361/249367689209758529385835953856614771045122548005845529736569533, -5365965575936479763062311862031920274451584579916528331289126243560457/30668433537542941513403288199914535464111973220441324769333540497250185, -5809472339176301865912801248782166729561260384782599637472264930390632093515/49317136302702820215338676556281588490133413583285825457280035795063452785734, -845736051421820957724721457285303168225145015073596848931458683702009115991716039/117395645072980766602369800080589354427549777304926354479136572736541407509796567353, -21333145501879440202158553611288427369616063447521727463380542857289242496371718476137/46639114764466877996211388274145825062101159817533317079575866815413694239764764175192, -91167462904814715332567653260845371223602048338701802551922589512525016015755649/425577889312642015657942673299962267414777795399121273133510985894255216079953542, 34944194621047076838939905138685635558747645310976814645323511436832281/4779563530891249762887621515151272262847333153569607094533444318326663242, -16336353763414200016598559459833683932040638064585395014917908/126700448597776684847161685788678501951607367211145302755890339, -351526141477323536871783578362940662165812894396/834203700944001347257871849465500398392608325131, 4861720924995085331188071286928012/25311525590762367632094496072398075, -46769567084511323/315079113563416004] }
(hist.len, cnt): (408, 4570)
[(0, 1), (0, 1), (1, 2), (0, 2), (1, 2), (0, 3), (0, 3), (0, 3), (1, 2), (0, 3), (1, 3), (0, 4), (0, 3), (0, 4), (1, 2), (0, 3), (1, 2), (2, 3), (3, 5), (0, 5), (2, 3), (2, 4), (3, 4), (0, 5), (2, 5), (3, 4), (0, 5), (1, 3), (4, 5), (2, 6), (3, 5), (1, 6), (0, 1), (3, 5), (1, 6), (0, 1), (1, 2), (2, 3), (0, 5), (3, 6), (1, 6), (2, 6), (2, 7), (0, 2), (1, 5), (3, 6), (2, 7), (1, 2), (3, 5), (1, 6), (0, 1), (0, 2), (2, 6), (3, 4), (2, 7), (0, 2), (1, 2), (3, 4), (2, 5), (1, 6), (0, 1), (2, 7), (0, 2), (1, 2), (3, 5), (2, 7), (1, 2), (2, 3), (3, 4), (5, 6), (6, 7), (3, 6), (1, 3), (0, 1), (2, 3), (4, 6), (2, 7), (0, 2), (3, 5), (2, 5), (4, 6), (3, 4), (1, 6), (3, 5), (4, 5), (4, 7), (1, 4), (2, 3), (3, 8), (0, 3), (2, 4), (3, 4), (4, 5), (5, 6), (2, 7), (1, 2), (3, 4), (4, 5), (3, 8), (0, 3), (1, 2), (1, 3), (3, 5), (5, 7), (2, 5), (4, 6), (3, 8), (0, 3), (1, 4), (3, 4), (0, 5), (0, 2), (4, 5), (3, 8), (0, 3), (4, 5), (2, 6), (0, 2), (1, 2), (1, 3), (6, 7), (4, 9), (0, 4), (0, 3), (0, 4), (5, 8), (1, 5), (4, 9), (0, 4), (3, 5), (4, 5), (5, 6), (7, 8), (4, 9), (0, 4), (2, 3), (1, 5), (2, 6), (3, 5), (4, 7), (3, 8), (0, 3), (1, 2), (2, 3), (6, 9), (3, 6), (2, 3), (5, 7), (6, 8), (4, 6), (1, 4), (6, 8), (5, 6), (4, 9), (0, 4), (1, 6), (4, 5), (4, 7), (4, 8), (2, 4), (4, 9), (1, 4), (2, 3), (4, 6), (4, 8), (5, 9), (1, 5), (2, 3), (4, 6), (2, 4), (3, 4), (6, 7), (7, 8), (5, 9), (0, 5), (2, 5), (3, 4), (4, 7), (2, 4), (3, 4), (4, 5), (6, 8), (1, 6), (0, 1), (1, 2), (0, 3), (2, 3), (4, 5), (8, 9), (6, 10), (1, 6), (0, 1), (1, 2), (1, 3), (2, 3), (0, 4), (1, 2), (3, 4), (0, 5), (2, 4), (3, 4), (5, 6), (3, 7), (4, 5), (5, 10), (1, 5), (2, 4), (3, 4), (3, 5), (4, 5), (4, 6), (3, 4), (4, 5), (4, 6), (2, 7), (0, 2), (3, 5), (1, 6), (5, 9), (2, 5), (3, 4), (3, 5), (6, 10), (1, 6), (0, 1), (4, 5), (8, 9), (5, 10), (0, 5), (1, 3), (1, 4), (3, 4), (5, 7), (2, 5), (6, 8), (4, 6), (4, 9), (0, 4), (1, 2), (2, 4), (2, 6), (0, 2), (1, 2), (4, 5), (6, 8), (1, 6), (0, 1), (4, 5), (4, 9), (0, 4), (1, 2), (3, 4), (3, 5), (3, 5), (5, 10), (0, 5), (2, 3), (3, 5), (4, 5), (2, 6), (3, 8), (0, 3), (2, 4), (3, 5), (2, 6), (1, 2), (4, 9), (0, 4), (4, 5), (6, 11), (2, 6), (1, 2), (1, 4), (3, 5), (6, 7), (6, 8), (7, 8), (6, 11), (1, 6), (0, 1), (0, 2), (3, 7), (4, 9), (0, 4), (6, 9), (4, 6), (5, 7), (6, 8), (6, 11), (1, 6), (2, 5), (2, 7), (1, 2), (4, 8), (5, 6), (6, 7), (8, 9), (7, 8), (5, 7), (6, 7), (6, 8), (2, 6), (1, 2), (3, 5), (4, 5), (5, 10), (0, 5), (1, 4), (2, 5), (3, 8), (0, 3), (2, 3), (3, 4), (5, 7), (2, 5), (6, 11), (1, 6), (3, 4), (4, 5), (5, 6), (5, 7), (3, 8), (0, 3), (1, 2), (4, 5), (8, 9), (6, 11), (1, 6), (0, 1), (1, 2), (2, 3), (6, 11), (1, 6), (0, 1), (2, 4), (4, 6), (3, 4), (7, 8), (5, 10), (3, 5), (1, 6), (0, 1), (2, 3), (1, 4), (9, 10), (9, 12), (4, 9), (0, 4), (1, 3), (2, 3), (3, 4), (4, 5), (5, 7), (2, 5), (6, 7), (7, 12), (2, 7), (0, 2), (1, 4), (4, 5), (3, 7), (1, 3), (1, 3), (3, 4), (8, 12), (4, 8), (1, 4), (2, 4), (2, 4), (6, 7), (7, 11), (2, 7), (1, 2), (3, 4), (7, 12), (2, 7), (0, 2), (3, 8), (1, 3), (5, 6), (3, 7), (4, 7), (5, 10), (1, 5), (3, 4), (6, 10), (7, 12), (4, 7), (0, 4), (3, 4), (4, 5), (6, 7), (8, 11), (7, 8), (9, 12), (4, 9), (0, 4), (1, 2), (3, 4), (4, 5), (6, 7), (4, 6), (3, 4), (8, 11), (5, 8), (0, 5), (3, 4), (9, 12)]
