results/deeplll05/ndim20seed4cnt1000dim20delta0.98999995.txt: 60.752 sec
b: [[-61, 10, -16, -10, 78, -97, -15, 36, -75, -70, 28, 64, 34, -5, -33, 26, -11, -74, -119, 16],
 [-37, -152, -11, -66, -92, 59, -31, -65, 17, -66, 36, 22, -9, -91, 43, -3, 0, 23, -48, 122],
 [-9, -152, -62, 64, 51, -13, 21, 0, -75, -61, 58, 28, 45, 104, 142, -22, -13, -68, -19, 75],
 [70, -89, 40, 17, -36, 34, 140, -135, -88, -163, 13, -20, -67, -16, 90, 8, 3, -22, 91, -28],
 [1, 15, 74, -131, -9, 76, 12, 95, -3, -66, 70, -89, 52, 22, 85, 3, 74, 18, 148, 96],
 [22, 97, -77, -11, -18, 13, 8, -66, 3, -189, 12, 38, 51, 179, 18, 40, -79, -154, 2, 23],
 [-10, -17, 71, -52, -1, -174, 106, 167, 59, 21, -18, -33, -25, -77, -5, -68, -28, -111, -4, 111],
 [-14, -55, 3, 63, 180, 55, -78, -58, 171, 31, 73, -20, -37, 29, 38, 46, -89, -86, 67, -67],
 [64, -14, -29, -30, -141, 103, 2, 90, -91, -72, 10, 15, -92, 113, -98, -33, -26, -70, 177, 32],
 [33, 27, 217, -94, 30, -92, -94, -51, 10, -51, 50, -186, 22, 76, 5, 49, 33, 57, -85, -110],
 [105, 20, 81, -9, 99, -74, -4, 4, -108, 24, 80, -79, -66, -4, 18, -36, 170, -155, -73, -11],
 [23, 83, -25, -85, 26, -52, 31, -35, -39, 102, -20, -97, 42, 269, -19, 9, 103, -34, -100, 73],
 [120, 111, -37, 1, 112, -106, -3, 173, 21, 107, 124, 95, -33, -57, -32, -83, -65, 47, -60, 18],
 [-120, -70, 42, 160, -62, -91, -102, 20, -68, -36, 57, 37, -23, 42, -130, -113, 34, 43, -60, -101],
 [-5, 23, 9, 6, -40, -80, -55, 158, -147, 106, -94, 24, -7, -3, -137, 11, -4, 42, -75, -65],
 [78, 14, 15, -149, -170, 55, 20, 46, -94, -152, 23, 9, -16, 57, -36, 15, -67, 69, 64, 67],
 [26, 127, 1, -147, -69, 52, -80, 28, -16, 53, -43, -79, 65, 104, -40, 48, 90, -3, -48, 64],
 [-116, -16, -17, -81, -29, 125, -74, -18, 121, 11, 29, 3, 23, 7, -56, 33, -23, 102, 72, 57],
 [9, 11, -31, 51, 26, -56, 26, -7, 94, 113, -58, 58, -2, -265, 45, -29, 16, -15, -109, 25],
 [40, 93, 68, -56, 53, 56, 43, -31, 70, -50, -13, -56, 35, -82, 84, 72, -17, 47, 106, -59]], shape=[20, 20], strides=[20, 1], layout=Cc (0x5), const ndim=2
v_norms: [59556, 398573086/4963, 91033344423371/1195719258, 7804893430198195592/91033344423371, 347634332436452531230737/3902446715099097796, 256364781528073630902195111181/2781074659491620249845896, 23978784632311861920482520147141973/256364781528073630902195111181, 2395911604243461722128830733084695273883/23978784632311861920482520147141973, 187296633592110626623722957389483255499886667/2395911604243461722128830733084695273883, 230090758241795844722804239364184832916724033678/2256585946892899115948469366138352475902249, 63974383826914100147511743270687164338903747758144899/909406330193764529142511993677492434861337847394, 8905116118301172876994135148517299555126522361967186673663/191923151480742300442535229812061493016711243274434697, 4229583597003782823624841250441520833283191061786485916523100874/62335812828108210138958946039621096885885656533770306715641, 189496440301025630546133804093439033253197367760858710416018463229547/4229583597003782823624841250441520833283191061786485916523100874, 16957336439712690294653839791399713373012060799738804077876945802360/189496440301025630546133804093439033253197367760858710416018463229547, 150678221546689034144152104523166567656302844642492126757456/2119667054964086286831729973924964171626507599967350509734618225295, 105753907546430153552565786795951539211856579585/602712886186756136576608418092666270625211378569968507029824, 4701063464840810926286421468574163/211507815092860307105131573591903078423713159170, 1269013945460169883/4701063464840810926286421468574163, 1/1269013945460169883], shape=[20], strides=[1], layout=CFcf (0xf), const ndim=1
Mu { arr: [-471/9926, 5501/14889, 124497425/398573086, -1382/4963, 62650605/199286543, 39098975971962/91033344423371, -22801/59556, 141575199/797146172, 29094349672921/182066688846742, 75751991750342849/1951223357549548898, 12631/29778, -23460819/199286543, 36667491599654/91033344423371, 2356190247422911469/7804893430198195592, 37816395218300223205148/347634332436452531230737, 21241/59556, -10492679/797146172, -18760037418361/182066688846742, -781939872040242505/7804893430198195592, 109716929258487009503525/347634332436452531230737, -74813233047950285657127431981/256364781528073630902195111181, -3327/19852, -139386945/797146172, 54125363830833/182066688846742, -319312597774926535/1951223357549548898, -60067529354096071788263/347634332436452531230737, 36020965722650163227867003960/256364781528073630902195111181, -1784280901739998311501529893130654/23978784632311861920482520147141973, -6089/14889, -9115641/398573086, 2269895644255/13004763489053, 1854423369563152059/7804893430198195592, 105924743907841639442302/347634332436452531230737, 101859829578756169946981670611/256364781528073630902195111181, 2787536765341681312546114075143017/23978784632311861920482520147141973, -713029776589344505039718737301665472838/2395911604243461722128830733084695273883, 295/4254, -84877359/398573086, -25904000207125/91033344423371, 1500428498442601071/7804893430198195592, 117547776047285118620884/347634332436452531230737, -24616740863721482731109758177/256364781528073630902195111181, -5508973592291287074947308838480763/23978784632311861920482520147141973, 486042984444632522074228708045879385349/2395911604243461722128830733084695273883, -1000934791604920746824223160859014166972514/2256585946892899115948469366138352475902249, 12827/29778, -53242291/199286543, 1961925203194/13004763489053, 501768793813198359/1951223357549548898, 8472153152841655232206/38626036937383614581193, -94006496450793924729542261844/256364781528073630902195111181, 1771562521215066901681527115804288/23978784632311861920482520147141973, 129797423575187930332726247783307040176/2395911604243461722128830733084695273883, 215743046303042432790465557162339025025593/187296633592110626623722957389483255499886667, 3533875859462163061810855479750951873370590959/10956702773418849748704963779246896805558287318, 2609/14889, -85013212/199286543, 3575242049534/13004763489053, -313285191908126662/975611678774774449, 68558403381033314816926/347634332436452531230737, 77617025061182809666863520952/256364781528073630902195111181, -1074882397218494533476825005455190/23978784632311861920482520147141973, -958525857000390415648716676009881934463/2395911604243461722128830733084695273883, -55147432358867575454750879411198015597507274/187296633592110626623722957389483255499886667, 47388502178620866820456938784175488198712365951/115045379120897922361402119682092416458362016839, 29164050513012017571847043080038948486738661038881290/63974383826914100147511743270687164338903747758144899, 817/2127, -92392468/199286543, -16298933695994/91033344423371, -1712083068654735647/3902446715099097796, 5093509875679565776222/347634332436452531230737, -79613122403679633672011206270/256364781528073630902195111181, 6801151178024997907527038483891468/23978784632311861920482520147141973, 77931848164317829639070337388300983494/2395911604243461722128830733084695273883, 20553851186810695621214903567752498347171035/187296633592110626623722957389483255499886667, -21499871214653737255662039082091124661721441878/115045379120897922361402119682092416458362016839, 9070937763653310566566535520101335435726258104555048/63974383826914100147511743270687164338903747758144899, -3040784507252316062290133642421775958710684625687085917789/8905116118301172876994135148517299555126522361967186673663, 8167/19852, -57723657/797146172, -6707590315023/182066688846742, -829727238331508495/7804893430198195592, -145010635179817764200635/347634332436452531230737, -64956760133494194751945315139/256364781528073630902195111181, -4528795975620936919936666187391093/23978784632311861920482520147141973, -408211709981359501685944366632392486789/2395911604243461722128830733084695273883, 81146868254260037872268912118666055549581752/187296633592110626623722957389483255499886667, 4240935938918714610046258538135474421947493911/10956702773418849748704963779246896805558287318, -2007021866439122302659477459465076612973777346942049/9139197689559157163930249038669594905557678251163557, -3576187788281541788496075388726707807910421307699610143249/8905116118301172876994135148517299555126522361967186673663, -1032414286664521641550181599575500088704067760667383973615109613/4229583597003782823624841250441520833283191061786485916523100874, 11699/29778, -166775353/398573086, -36740156831255/91033344423371, -2337588501077475763/7804893430198195592, -56624381117871124656544/347634332436452531230737, -92910219163148855560999729331/256364781528073630902195111181, -477541861658309930399804110398238/23978784632311861920482520147141973, -1196183356995417901871732201964467030779/2395911604243461722128830733084695273883, 81698513588811018511997673779403174772945913/187296633592110626623722957389483255499886667, 13739540713921795089238938198430967472641178547/76696919413931948240934746454728277638908011226, -9947100058044171860973815850992451447055250439050345/63974383826914100147511743270687164338903747758144899, -429657521789842084576223079066856440981095590806137879424/8905116118301172876994135148517299555126522361967186673663, -464139945792346977598128130435813143480021150679679072787367531/4229583597003782823624841250441520833283191061786485916523100874, -69139922738592722820206506505363471313243437756643412859193874127183/189496440301025630546133804093439033253197367760858710416018463229547, -11861/59556, 286664687/797146172, -3155912506225/26009526978106, 1405672879659197079/3902446715099097796, 166096188472835173546441/347634332436452531230737, 103997858862785597593778052674/256364781528073630902195111181, -115553391215094837040480649046734/23978784632311861920482520147141973, -1150269397280690428729931856201852328474/2395911604243461722128830733084695273883, 76365626222215150010249402833452842257048696/187296633592110626623722957389483255499886667, 909816731229730568298585905552320926642945698/5478351386709424874352481889623448402779143659, -20192016041483276211599100323865013542716732312955082/63974383826914100147511743270687164338903747758144899, -194167749264591651167483303966965761039188826575690305713/8905116118301172876994135148517299555126522361967186673663, 268502286700091526619173031883188770916838769094623992592375300/704930599500630470604140208406920138880531843631080986087183479, -43357703666382001681679797012912123835814755683926209478979078466070/189496440301025630546133804093439033253197367760858710416018463229547, 713617127797904663014337983778229524774125561322502201812029596173/4239334109928172573663459947849928343253015199934701019469236450590, -1406/14889, -48100727/398573086, -29612926524815/91033344423371, -2896793940141600725/7804893430198195592, 53236044323266045369876/115878110812150843743579, 95979086587711876818916291371/256364781528073630902195111181, -4673978536906755999976603411370443/23978784632311861920482520147141973, -905835564036985424645895137614677899873/2395911604243461722128830733084695273883, -20788010670853389568421837577683063143320487/187296633592110626623722957389483255499886667, 9426571474070617162287128223282891358656955353/38348459706965974120467373227364138819454005613, 3168580824540136980980449742570282105102563206004590/9139197689559157163930249038669594905557678251163557, 3059204346992484307360933562077596739030532768341260488277/8905116118301172876994135148517299555126522361967186673663, -82598781652002649146696275957942487708988324901234227078996046/704930599500630470604140208406920138880531843631080986087183479, -60453458230868100764759897972031936639182139605629780587821604822864/189496440301025630546133804093439033253197367760858710416018463229547, 5767878192022088411941017052366889702457956965166849242634921857067/16957336439712690294653839791399713373012060799738804077876945802360, 147641183672169447610667841573194073405243615689500002660437/301356443093378068288304209046333135312605689284984253514912, -13133/29778, 146168531/398573086, -28018120581769/91033344423371, -3077637082364881237/7804893430198195592, 25437895331811416224930/115878110812150843743579, 61218523622987787752816042211/256364781528073630902195111181, -6382453594455255722686828808391575/23978784632311861920482520147141973, 540645369273405830128459713334963811844/2395911604243461722128830733084695273883, 17981088338252938274507712245756888908951649/187296633592110626623722957389483255499886667, -1266756739760886141022863354123403662774202535/10956702773418849748704963779246896805558287318, -23194900603926054172174608146821524798843888247965653/63974383826914100147511743270687164338903747758144899, 2704175434553605781086796726127558114441522313104644094237/8905116118301172876994135148517299555126522361967186673663, -190433523893741623665424043431823531743010544006986008381392749/4229583597003782823624841250441520833283191061786485916523100874, 46263373103590630930367220549896153715167684293909894095414728260973/189496440301025630546133804093439033253197367760858710416018463229547, -5488761252436264375216508626733866737801920945217315137561387975441/16957336439712690294653839791399713373012060799738804077876945802360, -37437914485800709695027056634481074137825637416435083923241/301356443093378068288304209046333135312605689284984253514912, -22807188804868093105399236504069868130708837653/105753907546430153552565786795951539211856579585, 568/4963, 82715477/398573086, -39743530414089/91033344423371, -1702019284345526691/7804893430198195592, -155837033980119590296550/347634332436452531230737, -114131889458760770475572266987/256364781528073630902195111181, 8452774364558252237134409862824130/23978784632311861920482520147141973, 297353212927728523274535723055107753918/2395911604243461722128830733084695273883, -86134649301035406631531556258022926100043302/187296633592110626623722957389483255499886667, -33771350135414550058466800906436179312898004461/76696919413931948240934746454728277638908011226, 18511569877100911432999145120296742974415180933578365/63974383826914100147511743270687164338903747758144899, -3376225101911520089331246855980445979632011532906155099676/8905116118301172876994135148517299555126522361967186673663, 16399985416935231535922531339329607940784467196551972426127111/2114791798501891411812420625220760416641595530893242958261550437, -36798388038640301822960109570575528657083507609944268898798670915716/189496440301025630546133804093439033253197367760858710416018463229547, 2642205995905965365948292453029915573712177271826055519106190634981/16957336439712690294653839791399713373012060799738804077876945802360, 42221089816086542268529009032781221364547947277131701492421/301356443093378068288304209046333135312605689284984253514912, -256506037158253047875209310097152072952329023/105753907546430153552565786795951539211856579585, -114982821787232583023881206406727/4701063464840810926286421468574163, -6736/14889, -31536201/199286543, -19177499974636/91033344423371, 2742829236248733137/7804893430198195592, 127359423410728097701480/347634332436452531230737, 8418186764516425689234178745/256364781528073630902195111181, -2485300852503644928274294720250646/23978784632311861920482520147141973, 754525196517710336836932095455333632417/2395911604243461722128830733084695273883, -78047925156770128992196912253004584846155805/187296633592110626623722957389483255499886667, -18132149294703751750091220855437095791831722074/115045379120897922361402119682092416458362016839, -10691481199950369625803320359582043161677423042779104/63974383826914100147511743270687164338903747758144899, -1683823146762645658887956699726992348994116163367204552605/8905116118301172876994135148517299555126522361967186673663, 100649144755247570930449736949175678303247291985424188154331486/2114791798501891411812420625220760416641595530893242958261550437, -55550879826021709954793950474152843396010620574070022069285934185226/189496440301025630546133804093439033253197367760858710416018463229547, -51317382599366511811619708947621083640935450119058229689430742822/2119667054964086286831729973924964171626507599967350509734618225295, 73564627617099495911417717379245174334379515618269432263397/150678221546689034144152104523166567656302844642492126757456, -20149116902246418275218708423983815378371837966/105753907546430153552565786795951539211856579585, -675320051881690234381609123357729/4701063464840810926286421468574163, 520698543905658392/1269013945460169883] }
(hist.len, cnt): (566, 6977)
[(0, 1), (0, 2), (0, 1), (0, 2), (0, 3), (1, 2), (0, 3), (0, 2), (1, 2), (1, 4), (0, 4), (0, 3), (0, 5), (2, 3), (2, 5), (3, 4), (0, 5), (1, 3), (2, 5), (1, 6), (0, 1), (1, 2), (0, 5), (3, 5), (4, 5), (1, 6), (0, 1), (1, 2), (1, 3), (1, 6), (0, 1), (1, 3), (0, 4), (1, 2), (3, 4), (1, 6), (0, 5), (3, 4), (3, 6), (1, 3), (0, 3), (1, 2), (4, 5), (5, 6), (4, 5), (3, 7), (0, 3), (0, 2), (0, 3), (2, 5), (1, 6), (2, 4), (2, 7), (0, 2), (2, 3), (2, 4), (1, 5), (3, 5), (2, 7), (0, 2), (0, 4), (4, 5), (4, 6), (2, 7), (0, 2), (2, 3), (4, 5), (2, 7), (1, 2), (2, 3), (3, 4), (5, 6), (2, 7), (1, 2), (2, 3), (3, 5), (2, 7), (3, 4), (1, 6), (4, 5), (3, 8), (0, 3), (1, 3), (5, 6), (3, 8), (0, 3), (5, 6), (5, 7), (4, 5), (3, 8), (1, 3), (5, 6), (2, 7), (5, 6), (3, 7), (3, 8), (1, 3), (2, 4), (6, 7), (3, 8), (0, 3), (1, 2), (2, 5), (4, 5), (1, 6), (3, 4), (3, 5), (3, 7), (4, 5), (3, 8), (1, 3), (3, 4), (4, 5), (4, 8), (0, 4), (1, 2), (4, 9), (0, 4), (1, 2), (1, 4), (1, 3), (6, 7), (4, 9), (0, 4), (3, 4), (2, 5), (4, 6), (4, 9), (1, 4), (3, 4), (5, 6), (4, 9), (0, 4), (1, 3), (2, 3), (2, 4), (5, 6), (5, 8), (4, 5), (6, 7), (5, 9), (1, 5), (2, 3), (0, 5), (3, 6), (4, 7), (6, 9), (2, 6), (3, 5), (1, 6), (0, 1), (1, 2), (4, 9), (0, 4), (2, 3), (4, 5), (4, 9), (0, 4), (2, 4), (3, 4), (4, 5), (3, 8), (0, 3), (2, 3), (5, 6), (4, 5), (5, 6), (5, 8), (4, 6), (5, 6), (7, 10), (3, 7), (3, 5), (2, 7), (7, 9), (4, 7), (2, 4), (5, 7), (5, 10), (1, 5), (2, 3), (3, 5), (3, 8), (1, 3), (5, 6), (5, 10), (0, 5), (1, 2), (2, 6), (4, 9), (1, 4), (2, 4), (7, 10), (4, 7), (3, 4), (2, 7), (0, 2), (3, 4), (3, 5), (4, 9), (0, 4), (1, 2), (3, 4), (5, 10), (0, 5), (4, 5), (2, 7), (0, 2), (3, 8), (1, 3), (5, 6), (3, 5), (6, 9), (5, 10), (0, 5), (1, 4), (2, 3), (5, 6), (2, 7), (1, 2), (3, 4), (6, 7), (4, 9), (0, 4), (1, 2), (4, 5), (3, 5), (4, 5), (4, 6), (5, 7), (4, 5), (4, 6), (3, 4), (4, 9), (1, 4), (2, 3), (6, 11), (1, 6), (0, 1), (2, 4), (3, 4), (3, 6), (5, 7), (8, 9), (9, 10), (6, 11), (1, 6), (0, 1), (5, 6), (6, 11), (1, 6), (0, 1), (5, 6), (9, 11), (6, 9), (3, 6), (2, 3), (0, 3), (1, 3), (2, 3), (5, 9), (4, 5), (10, 11), (9, 14), (4, 9), (0, 4), (1, 2), (6, 10), (1, 6), (3, 4), (3, 6), (1, 3), (2, 3), (4, 7), (1, 4), (5, 6), (5, 9), (1, 5), (2, 4), (4, 5), (3, 7), (5, 8), (6, 7), (8, 10), (9, 11), (4, 9), (0, 4), (0, 2), (3, 4), (5, 6), (6, 10), (3, 6), (2, 3), (4, 5), (4, 6), (7, 11), (2, 7), (0, 2), (2, 4), (1, 5), (3, 4), (2, 5), (3, 4), (2, 5), (6, 11), (1, 6), (0, 1), (2, 3), (2, 5), (2, 7), (0, 2), (5, 10), (0, 5), (3, 4), (6, 7), (4, 8), (2, 4), (5, 6), (2, 7), (0, 2), (8, 9), (9, 11), (5, 9), (4, 5), (3, 5), (4, 5), (4, 9), (0, 4), (6, 11), (1, 6), (0, 1), (3, 4), (3, 6), (9, 10), (5, 9), (2, 5), (3, 5), (4, 5), (6, 11), (1, 6), (0, 1), (2, 3), (3, 4), (4, 6), (8, 12), (4, 8), (2, 4), (5, 6), (5, 7), (9, 11), (8, 9), (9, 12), (4, 9), (0, 4), (3, 5), (4, 5), (4, 8), (3, 4), (11, 12), (9, 14), (4, 9), (0, 4), (1, 2), (1, 3), (1, 5), (6, 8), (5, 6), (1, 5), (4, 9), (0, 4), (2, 6), (8, 10), (7, 11), (3, 7), (2, 3), (2, 6), (7, 9), (7, 12), (2, 7), (0, 2), (4, 5), (8, 12), (4, 8), (1, 4), (1, 4), (2, 3), (7, 8), (6, 7), (5, 6), (8, 11), (4, 8), (1, 4), (3, 4), (8, 12), (4, 8), (1, 4), (3, 4), (2, 6), (3, 8), (1, 3), (5, 6), (5, 10), (0, 5), (3, 5), (4, 6), (8, 12), (3, 8), (0, 3), (3, 4), (2, 5), (3, 4), (4, 5), (5, 10), (0, 5), (11, 12), (9, 14), (4, 9), (0, 4), (3, 4), (4, 8), (6, 11), (1, 6), (0, 1), (1, 5), (2, 3), (4, 5), (6, 7), (5, 6), (4, 9), (3, 4), (5, 6), (5, 10), (3, 5), (8, 11), (7, 12), (4, 7), (3, 4), (11, 12), (10, 11), (8, 10), (11, 13), (7, 11), (4, 7), (2, 4), (3, 4), (6, 9), (10, 13), (5, 10), (1, 5), (2, 5), (3, 4), (3, 5), (4, 5), (8, 13), (6, 8), (2, 6), (1, 4), (7, 8), (9, 11), (8, 13), (3, 8), (1, 3), (2, 4), (4, 6), (3, 4), (4, 5), (7, 11), (3, 7), (2, 3), (4, 6), (8, 9), (7, 12), (2, 7), (0, 2), (1, 2), (1, 4), (2, 4), (3, 4), (6, 7), (7, 12), (2, 7), (0, 2), (6, 7), (8, 12), (4, 8), (1, 4), (1, 3), (4, 6), (6, 7), (9, 13), (5, 9), (1, 5), (2, 3), (2, 4), (5, 6), (0, 5), (4, 5), (4, 9), (0, 4), (2, 4), (2, 7), (0, 2), (10, 13), (11, 14), (6, 11), (1, 6), (0, 1), (2, 3), (1, 5), (2, 3), (3, 4), (12, 14), (7, 12), (2, 7), (0, 2), (1, 2), (3, 7), (2, 3), (6, 7), (7, 12), (3, 7), (2, 3), (9, 14), (7, 9), (5, 7), (1, 5), (2, 3), (3, 4), (5, 7), (10, 14), (6, 10), (1, 6), (3, 4), (6, 7), (12, 14), (7, 12), (3, 7), (0, 3), (1, 2), (2, 3), (8, 13), (3, 8), (0, 3), (9, 10), (10, 15), (5, 10), (1, 5), (7, 9), (13, 15), (8, 13), (3, 8), (5, 10), (1, 5), (7, 12), (2, 7), (0, 2), (1, 3), (2, 3), (3, 4), (6, 7), (4, 6), (5, 7), (8, 13), (3, 8), (0, 3), (4, 5)]
