results/deeplll05/ndim15seed4cnt1000dim15delta0.98999995.txt: 21.982 sec
b: [[11, -10, 1, -5, 5, 8, 3, 3, 6, -4, -4, 1, 1, -2, 2],
 [7, -10, -6, 3, -5, 5, -9, 2, -4, -8, 5, 0, -4, -4, -5],
 [2, 1, 3, -6, 6, -2, 10, -9, 5, -6, -11, -4, -9, 1, 1],
 [-3, 2, -2, 2, -2, 1, -5, 9, -11, -9, -12, -5, -10, -5, -3],
 [8, -2, -6, 7, -1, -1, -4, -3, -18, 0, -7, -6, -6, -4, 9],
 [4, -13, -7, -4, -3, -5, 5, 10, 9, 6, 10, -3, 0, 5, -10],
 [11, 9, 7, -12, -6, 6, 2, -1, -1, -4, -13, -8, 2, -2, 6],
 [4, -2, -7, -1, 7, 4, 10, 3, -10, -8, -7, -3, 5, 9, -3],
 [11, 3, -10, 0, 5, 15, -15, -2, 0, 6, 5, 0, 1, -6, 3],
 [-10, 2, -12, 0, -10, -1, 5, 8, -1, 2, -7, 8, -15, 0, -2],
 [15, 3, -3, 4, -13, -4, 5, 8, -9, 3, 17, 1, -3, 7, 7],
 [-2, -7, -12, 5, 7, -11, -5, 3, -9, 1, 10, -4, 2, 0, 3],
 [-3, 1, 3, 17, 6, -12, 1, -2, 6, 3, 7, -3, 11, -5, 12],
 [2, 0, -2, 0, 8, 9, 4, 1, 5, -3, 9, 13, 1, 5, 1],
 [5, -7, -8, 6, 6, 4, 2, -4, 3, -5, 0, -7, 2, 3, -11]], shape=[15, 15], strides=[15, 1], layout=Cc (0x5), const ndim=2
v_norms: [432, 1352/3, 8430613/21632, 3851729221/8430613, 1911845878632/3851729221, 1036303315259626/2150826613461, 878809837527192359/2072606630519252, 369338727960121161382/878809837527192359, 21287000665640791568517/52762675422874451626, 258773794264839197512176227/596036018637942163918476, 100705279504092028665584581318/258773794264839197512176227, 6518587399086935037036084610042/50352639752046014332792290659, 1626117353720533375410639887160431/6518587399086935037036084610042, 25382429152703135529613/1626117353720533375410639887160431, 1/50764858305406271059226], shape=[15], strides=[1], layout=CFcf (0xf), const ndim=1
Mu { arr: [11/36, 49/144, -2699/5408, -1/9, 301/676, 3947432/8430613, -11/144, 2461/5408, 2608413/8430613, 1732974733/3851729221, 67/216, 1945/8112, -8804398/25291839, -1590862513/3851729221, -595265829899/1433884408974, 191/432, -6061/16224, 8824691/25291839, 1631470471/3851729221, 1248718883815/5735537635896, -609761369702503/2072606630519252, 73/216, -515/8112, 5324090/25291839, 1252353786/3851729221, 1120328307889/5735537635896, 437634887256479/2072606630519252, -80754288875169431/878809837527192359, 25/72, 1345/2704, -3875710/8430613, -398407224/3851729221, 354634553441/955922939316, -408051504679281/1036303315259626, 118240726794625504/878809837527192359, -8543209091858154103/52762675422874451626, -79/216, 1247/8112, 7485022/25291839, 1809148839/3851729221, -1500219799225/5735537635896, 835740321152947/2072606630519252, -190630301698961358/878809837527192359, -30921415634788367379/184669363980060580691, 1966371326085012962237/21287000665640791568517, -41/216, 3457/8112, -11762206/25291839, -1085546081/3851729221, 351492076184/716942204487, 479922716498299/1036303315259626, 429957743607542941/878809837527192359, 23437493531029635340/184669363980060580691, -6246725893386307132979/21287000665640791568517, 85321720634490379801122805/258773794264839197512176227, -71/216, 3643/8112, -6533290/25291839, -377328120/3851729221, 575845600687/1433884408974, 234162584561819/518151657629813, -430820238442578228/878809837527192359, 58502474603021812161/369338727960121161382, 1649165264710095427991/21287000665640791568517, -84471239365281471890552242/258773794264839197512176227, -7072152963137196428731072/50352639752046014332792290659, -13/36, -451/1352, -3827660/8430613, -1336631819/3851729221, 121055978935/318640979772, -97562752089183/1036303315259626, -424256836845175722/878809837527192359, -51889610232218357642/184669363980060580691, -2448167683298138024206/7095666888546930522839, -128632882879372368525864900/258773794264839197512176227, 5755404057575237296528034571/50352639752046014332792290659, 2943765944722399087289550797171/6518587399086935037036084610042, 53/144, -379/5408, -2636219/8430613, -1434968039/3851729221, -443702418485/1911845878632, -543270169854525/2072606630519252, -361787784535525873/878809837527192359, 118096792561062665209/369338727960121161382, 1426765309489582101967/7095666888546930522839, 79247676069672414514868892/258773794264839197512176227, 22936768080362313902457048633/50352639752046014332792290659, 348039546464872906886934476301/6518587399086935037036084610042, -250661574543603852350736666879281/1626117353720533375410639887160431, 37/108, 1375/4056, 6482236/25291839, -913472206/3851729221, -431856567925/5735537635896, 473034381861121/2072606630519252, -190325068841219323/878809837527192359, 88112160486472526004/184669363980060580691, 5926234824226644568958/21287000665640791568517, -77401071474393377998460650/258773794264839197512176227, -21594181000531480866052706145/100705279504092028665584581318, -2988168738430804340298805826319/6518587399086935037036084610042, 731790986933191971938212461945355/1626117353720533375410639887160431, 10569254919556571640020/25382429152703135529613] }
(hist.len, cnt): (688, 8106)
[(0, 1), (0, 1), (0, 1), (0, 2), (0, 2), (0, 2), (0, 2), (1, 2), (0, 3), (0, 3), (1, 2), (0, 3), (0, 2), (1, 3), (0, 3), (1, 4), (0, 4), (1, 2), (0, 3), (0, 4), (0, 2), (1, 2), (0, 4), (2, 3), (0, 4), (0, 5), (1, 5), (0, 4), (3, 4), (1, 5), (1, 4), (2, 3), (2, 4), (0, 5), (3, 4), (0, 5), (3, 4), (0, 5), (1, 4), (3, 4), (0, 5), (2, 5), (4, 5), (1, 6), (0, 1), (1, 2), (3, 4), (1, 6), (0, 1), (1, 3), (1, 3), (0, 4), (0, 4), (1, 3), (1, 6), (0, 1), (1, 3), (2, 3), (1, 6), (0, 1), (0, 3), (3, 4), (1, 6), (0, 1), (3, 4), (2, 7), (1, 2), (3, 4), (1, 5), (2, 7), (0, 2), (2, 3), (5, 6), (4, 6), (5, 6), (2, 7), (0, 2), (0, 2), (3, 7), (2, 7), (1, 2), (5, 6), (2, 7), (0, 2), (0, 2), (2, 3), (1, 6), (0, 1), (1, 2), (1, 3), (2, 7), (0, 2), (3, 5), (4, 5), (2, 7), (0, 2), (2, 4), (2, 5), (2, 4), (5, 6), (2, 7), (0, 2), (2, 3), (1, 6), (2, 7), (1, 2), (2, 7), (5, 7), (3, 8), (0, 3), (2, 7), (0, 2), (2, 3), (0, 5), (2, 3), (1, 5), (2, 7), (0, 2), (2, 3), (3, 5), (2, 7), (1, 2), (2, 4), (4, 5), (4, 7), (6, 7), (3, 8), (1, 3), (3, 5), (1, 6), (0, 1), (4, 5), (3, 8), (0, 3), (1, 3), (1, 5), (2, 3), (5, 6), (2, 7), (0, 2), (1, 3), (2, 3), (1, 4), (2, 7), (0, 2), (2, 3), (2, 4), (3, 8), (2, 3), (1, 3), (1, 5), (5, 6), (6, 7), (3, 8), (1, 3), (1, 5), (4, 5), (4, 7), (3, 4), (4, 8), (1, 4), (2, 3), (4, 9), (1, 4), (4, 5), (2, 7), (1, 2), (2, 6), (4, 9), (0, 4), (2, 3), (2, 4), (3, 7), (2, 3), (4, 9), (0, 4), (3, 4), (5, 7), (3, 5), (4, 9), (0, 4), (0, 2), (4, 5), (3, 8), (0, 3), (1, 2), (2, 3), (3, 4), (5, 6), (6, 7), (5, 6), (3, 8), (1, 3), (2, 4), (2, 6), (3, 4), (3, 8), (0, 3), (1, 2), (1, 3), (2, 3), (1, 4), (5, 8), (6, 8), (3, 6), (4, 5), (4, 9), (0, 4), (1, 2), (0, 4), (5, 6), (3, 8), (0, 3), (3, 5), (4, 6), (4, 7), (2, 4), (3, 6), (5, 6), (4, 9), (0, 4), (1, 4), (4, 7), (3, 4), (3, 8), (0, 3), (1, 3), (2, 3), (2, 4), (4, 9), (0, 4), (1, 2), (3, 4), (5, 6), (3, 7), (3, 8), (1, 3), (1, 3), (4, 6), (5, 6), (4, 7), (3, 8), (0, 3), (6, 7), (4, 9), (1, 4), (5, 6), (4, 7), (3, 4), (3, 5), (5, 9), (0, 5), (3, 4), (4, 9), (0, 4), (1, 2), (1, 3), (2, 7), (1, 2), (5, 10), (2, 5), (5, 7), (6, 8), (3, 6), (5, 10), (2, 5), (1, 4), (2, 3), (3, 4), (3, 7), (1, 3), (2, 5), (7, 9), (5, 10), (0, 5), (3, 5), (4, 5), (5, 8), (2, 5), (3, 4), (5, 9), (4, 5), (7, 9), (8, 9), (6, 10), (1, 6), (0, 1), (2, 3), (2, 4), (3, 5), (2, 6), (4, 5), (5, 6), (6, 10), (1, 6), (0, 1), (3, 4), (3, 5), (4, 5), (5, 10), (0, 5), (1, 2), (3, 5), (4, 6), (5, 7), (3, 5), (4, 5), (3, 8), (0, 3), (1, 3), (2, 3), (0, 4), (1, 2), (2, 4), (1, 6), (7, 8), (4, 7), (5, 9), (5, 10), (0, 5), (1, 2), (2, 3), (3, 4), (4, 5), (1, 6), (0, 1), (3, 8), (2, 3), (4, 9), (0, 4), (2, 3), (1, 5), (2, 5), (4, 5), (4, 9), (1, 4), (5, 6), (6, 10), (2, 6), (3, 4), (4, 6), (5, 8), (1, 5), (3, 4), (2, 5), (4, 9), (0, 4), (1, 3), (3, 4), (2, 7), (0, 2), (1, 2), (5, 10), (0, 5), (2, 3), (4, 7), (3, 4), (5, 7), (4, 9), (0, 4), (3, 4), (3, 6), (5, 6), (7, 11), (5, 7), (1, 5), (3, 5), (3, 6), (4, 6), (5, 9), (1, 5), (2, 3), (3, 4), (3, 5), (4, 5), (9, 10), (8, 9), (6, 11), (1, 6), (2, 3), (2, 4), (2, 5), (3, 4), (7, 9), (5, 10), (0, 5), (2, 5), (3, 4), (6, 9), (4, 9), (0, 4), (5, 10), (0, 5), (3, 4), (4, 5), (6, 8), (4, 7), (2, 4), (3, 8), (7, 10), (4, 7), (3, 6), (4, 5), (8, 11), (3, 8), (1, 3), (7, 11), (2, 7), (1, 2), (2, 5), (5, 7), (3, 5), (4, 5), (7, 8), (2, 7), (8, 11), (5, 8), (3, 5), (4, 5), (6, 8), (1, 6), (0, 1), (5, 10), (0, 5), (1, 2), (1, 3), (3, 4), (4, 5), (6, 7), (5, 8), (3, 5), (4, 6), (5, 10), (1, 5), (4, 5), (6, 11), (3, 6), (2, 3), (7, 8), (8, 9), (6, 8), (3, 7), (1, 3), (2, 3), (9, 10), (10, 13), (5, 10), (0, 5), (2, 4), (2, 6), (4, 5), (5, 6), (5, 7), (4, 5), (6, 8), (4, 6), (3, 4), (4, 5), (7, 8), (5, 7), (4, 9), (0, 4), (3, 4), (4, 5), (7, 8), (6, 11), (1, 6), (0, 1), (0, 3), (1, 4), (1, 4), (6, 11), (1, 6), (0, 1), (2, 3), (6, 7), (7, 9), (6, 11), (1, 6), (2, 3), (2, 4), (4, 5), (8, 11), (6, 8), (9, 11), (6, 9), (2, 6), (1, 2), (0, 2), (1, 2), (2, 3), (2, 4), (3, 4), (2, 6), (0, 2), (8, 12), (7, 8), (9, 12), (4, 9), (0, 4), (1, 5), (4, 8), (3, 4), (4, 9), (0, 4), (8, 9), (9, 12), (4, 9), (2, 4), (9, 12), (4, 9), (0, 4), (1, 2), (1, 3), (1, 4), (4, 5), (6, 8), (7, 10), (8, 11), (3, 8), (0, 3), (1, 2), (4, 6), (4, 8), (7, 12), (2, 7), (0, 2), (1, 4), (1, 5), (2, 6), (7, 8), (7, 11), (5, 7), (1, 5), (4, 5), (3, 7), (9, 10), (8, 12), (4, 8), (0, 4), (2, 4), (3, 4), (4, 5), (6, 9), (2, 6), (0, 2), (7, 11), (3, 7), (0, 3), (2, 7), (0, 2), (8, 12), (4, 8), (1, 4), (5, 6), (9, 14), (4, 9), (0, 4), (2, 5), (3, 4), (5, 10), (1, 5), (2, 3), (4, 6), (7, 11), (6, 7), (5, 6), (6, 7), (10, 12), (6, 10), (5, 7), (6, 7), (5, 10), (1, 5), (7, 12), (2, 7), (0, 2), (4, 5), (4, 8), (3, 4), (6, 11), (1, 6), (0, 1), (1, 3), (1, 6), (0, 1), (6, 8), (7, 10), (5, 7), (3, 5), (6, 7), (9, 11), (8, 9), (9, 12), (4, 9), (2, 4), (5, 7), (5, 9), (1, 5), (3, 5), (5, 10), (0, 5), (8, 11), (3, 8), (1, 3), (3, 4), (5, 8), (8, 12), (3, 8), (0, 3), (4, 5), (7, 8), (6, 11), (1, 6), (0, 1), (1, 2), (6, 7), (8, 11), (4, 8), (5, 7), (10, 11), (8, 12), (3, 8), (1, 3), (2, 3), (7, 8), (5, 7), (3, 5), (6, 11), (2, 6), (3, 8), (0, 3), (7, 12), (3, 7), (0, 3), (1, 3), (2, 3), (3, 4), (1, 5), (2, 6), (1, 2), (8, 13), (6, 8), (3, 6), (1, 3), (2, 3), (4, 6), (3, 7), (9, 10), (8, 11), (3, 8), (0, 3), (1, 2), (1, 5), (3, 6), (2, 3), (7, 12), (2, 7), (0, 2), (1, 2), (7, 12), (2, 7), (0, 2), (6, 7), (8, 13), (4, 8), (0, 4), (0, 4), (1, 3), (0, 5), (4, 5), (1, 6), (4, 5), (6, 10), (2, 6), (3, 4), (2, 6), (7, 8), (9, 10), (6, 11), (1, 6), (0, 1), (2, 4), (9, 12), (5, 9), (1, 5), (3, 8), (0, 3)]
