results/deeplll05/ndim20seed4cnt1000dim20delta1.txt: 53.976 sec
b: [[-140, 44, -110, 24, -140, 31, -325, -20, 482, 326, -194, -120, 270, 237, 50, 29, -170, 102, -193, 63],
 [-181, 76, 110, 170, 188, -46, -60, -157, 619, 319, 44, -185, -146, 85, -167, -127, 40, -88, 113, -87],
 [66, -130, -93, 41, 199, -321, 498, 73, -230, -227, 170, 248, -7, 78, 233, -97, -202, 261, -71, 206],
 [6, 56, -374, 243, -191, 13, -1, 192, -136, -127, -80, 347, 56, 476, -139, -59, -415, 97, 89, -3],
 [-199, -284, 8, -213, -36, 199, 13, 61, 9, -249, -100, 138, -60, -563, -28, 229, -181, -216, 177, 109],
 [51, 636, -207, -75, -123, 60, 202, -24, 178, 5, 40, 59, -1, 391, -247, -168, 148, -59, 176, 162],
 [442, 295, -8, -150, 5, -22, -86, 324, -123, -358, 487, 167, -18, 121, 51, -149, -236, 33, 116, 33],
 [-135, -208, 116, -526, -12, -137, 504, -64, 61, 137, -89, -69, -322, -118, -360, 111, -129, 127, 50, 274],
 [-196, 43, 197, 206, 34, -177, -34, -484, 224, 30, -187, -175, -42, 430, -274, 150, -267, 413, -132, -539],
 [14, 310, -240, 92, -156, -335, 186, -12, -42, -280, -261, 229, 188, 19, 91, -28, -50, -392, -405, 249],
 [-327, -337, -351, 49, -193, -90, -85, 59, 118, -38, -47, 201, 57, 374, -122, -105, -185, -370, -229, 463],
 [41, -21, -1, -78, 159, 90, -132, 10, 208, 405, 218, -285, -5, 400, 41, -148, 289, -159, 48, 165],
 [-223, 189, -6, -186, 357, -310, 63, -90, 203, 436, -95, -3, 3, 8, -297, 136, 15, 173, -459, 29],
 [-308, -88, -89, -168, 86, -28, 165, -175, 164, 124, -67, -42, 140, 65, 61, 58, 127, 65, -153, 303],
 [-41, -330, 33, 8, 15, -102, -34, -42, 221, 308, 108, -237, 90, 313, 249, -167, 77, 119, -145, 242],
 [-18, -285, -186, 39, -27, 3, -40, 213, 204, 88, -10, 117, 92, 237, 129, 7, -513, 154, 81, 134],
 [146, -33, 217, -74, 62, -87, 49, -32, 8, -60, 334, -165, -69, -109, 182, -214, 304, -13, -24, 130],
 [7, -179, 205, 80, -174, 165, -137, -130, -41, -285, -216, -87, 177, -525, 364, 195, -50, 99, 67, -241],
 [-14, -10, 78, 149, -179, -58, -97, -195, 107, -51, -143, -131, 250, 65, 283, -4, -2, 255, -180, -96],
 [-17, -139, 92, 161, 69, -202, 147, -249, 2, -1, 64, -182, 49, 293, 236, -133, 187, 36, -159, 36]], shape=[20, 20], strides=[20, 1], layout=Cc (0x5), const ndim=2
v_norms: [764366, 229938468310/382183, 14743447293234023/22993846831, 39128183138364006807567/58973789172936092, 25396207500523718257226825080/39128183138364006807567, 1792604445870297348643084204304297/3174525937565464782153353135, 11034092651230164525370944469567915027993/17926044458702973486430842043042970, 6638021276261516083905366393712208288933231744/11034092651230164525370944469567915027993, 17763785099509168759230352886645010587675719508854487/26552085105046064335621465574848833155732926976, 9257091592250251927245142305854072962318318530737748512494/17763785099509168759230352886645010587675719508854487, 3013570711438069538757235972711467294443702481936041725147119915/9257091592250251927245142305854072962318318530737748512494, 183620368142898336308066305586683314258558636897905001545721206574119/3013570711438069538757235972711467294443702481936041725147119915, 68853877654353840205659184992962084372926151023290455719378189766991435650/183620368142898336308066305586683314258558636897905001545721206574119, 847339298667710772697658057694196626717120503072227349761472033968713815448/34426938827176920102829592496481042186463075511645227859689094883495717825, 38404184927142152328855734817315672832942993014704967988866948854399/847339298667710772697658057694196626717120503072227349761472033968713815448, 7790085367116594454161738053435873744549282349036282532283/76808369854284304657711469634631345665885986029409935977733897708798, 211507815092860307105131573591903078423713159170/7790085367116594454161738053435873744549282349036282532283, 4701063464840810926286421468574163/211507815092860307105131573591903078423713159170, 1269013945460169883/4701063464840810926286421468574163, 1/1269013945460169883], shape=[20], strides=[1], layout=CFcf (0xf), const ndim=1
Mu { arr: [178600/382183, -339393/764366, -14122535199/45987693662, 121499/764366, -10099887207/22993846831, 10431696195620117/29486894586468046, -110903/382183, -3383337734/22993846831, -597708796285163/2106206756176289, -6784052020977893236078/39128183138364006807567, 88545/764366, 54829715269/229938468310, 4934766155298/162015904321253, 6435615368933065868462/13042727712788002269189, -1282332122382955432383563682/3174525937565464782153353135, -276821/764366, -33813504248/114969234155, 798557901697809/4212413512352578, 13026251173260584948521/39128183138364006807567, -2735686771715046651285741527/12698103750261859128613412540, 493229156655595322180621597931949/1792604445870297348643084204304297, -84152/382183, 50931254579/229938468310, 7956349029134875/29486894586468046, -3452024522350806849991/13042727712788002269189, 2796109182965950726992926691/6349051875130929564306706270, 674260591104367033661760181395762/1792604445870297348643084204304297, -3629255637625618985868131104398204186600/11034092651230164525370944469567915027993, 179185/382183, 47245497148/114969234155, 2298326991319084/14743447293234023, 10878073649708192165488/39128183138364006807567, -8320707281433978117449717323/25396207500523718257226825080, -860061478044118146468339987952326/1792604445870297348643084204304297, -7312276803339810662215721622084705117377/22068185302460329050741888939135830055986, 4443081694327334376116222017473862912297581887/13276042552523032167810732787424416577866463488, 12266/382183, -101647370883/229938468310, 8357776652313059/29486894586468046, 3751765541547875362367/39128183138364006807567, 81567146086678703388689501/12698103750261859128613412540, 861527373677772854960902146002676/1792604445870297348643084204304297, -2543856328438156879119757215194242989125/11034092651230164525370944469567915027993, -2717681624555242726332258262641144799794460055/6638021276261516083905366393712208288933231744, -338346164686262820356111147824424565312134225038814/17763785099509168759230352886645010587675719508854487, 156429/382183, -27014483089/114969234155, 338105472525235/1134111330248771, 5421088527266480415022/13042727712788002269189, 4750213950464151429884598159/12698103750261859128613412540, 143724344788713481236403160583467/1792604445870297348643084204304297, -2759405833009068981404970326988850408361/11034092651230164525370944469567915027993, 189501579826565246861800185160058771733360595/6638021276261516083905366393712208288933231744, -8603366083900451811643694675573152584370637008209386/17763785099509168759230352886645010587675719508854487, 4410688497539509041605205284774491434307261519833857803867/9257091592250251927245142305854072962318318530737748512494, 265989/764366, 102798912657/229938468310, -1075290933385815/14743447293234023, -581430399546337298548/4347575904262667423063, -1165738823608459556085097275/2539620750052371825722682508, 231954077979351503254086990915064/1792604445870297348643084204304297, 1161394894610057020828475970099015051617/11034092651230164525370944469567915027993, 1267229372166156843190692372217348868445689/14306080336770508801520186193345276484769896, -8755802147520328373809889348759254191885184562176608/17763785099509168759230352886645010587675719508854487, -1095467803276614606149828412701560594062983891706999738806/4628545796125125963622571152927036481159159265368874256247, 1480680508828686195606360980087113052955317592125451478144870372/3013570711438069538757235972711467294443702481936041725147119915, 313549/764366, 36750282526/114969234155, 8444365237662247/29486894586468046, -13160733395259331937147/39128183138364006807567, -1903202344207347180530399579/12698103750261859128613412540, 201082543860459378389309612388851/1792604445870297348643084204304297, -3263620984866201844054136262023838880975/11034092651230164525370944469567915027993, 1360015107582336066359732184211572579773130607/3319010638130758041952683196856104144466615872, 2075593382849250986585055026648305589847268246016028/17763785099509168759230352886645010587675719508854487, 2906384889620840758108158602691188754606938165900292950703/9257091592250251927245142305854072962318318530737748512494, -627750210759117429598505394882115842217725488364603271455804739/3013570711438069538757235972711467294443702481936041725147119915, -18185759967760846183269330804230765566886611872031627419914075300678/183620368142898336308066305586683314258558636897905001545721206574119, 105539/382183, 6205505691/229938468310, 8107718559522167/29486894586468046, -13857231968517195207629/39128183138364006807567, 82259670678734589163350590/634905187513092956430670627, 517679689280848103459055817895287/1792604445870297348643084204304297, -4422835870937931541691258484012327117704/11034092651230164525370944469567915027993, 259442215397606590819981332426359517549537797/6638021276261516083905366393712208288933231744, -956011905888220422794218936578887150136863458311398/17763785099509168759230352886645010587675719508854487, -843796444703743039749897319091177008570968887286019589643/9257091592250251927245142305854072962318318530737748512494, 243740816244002616467114688834355692726410786112861731198369651/602714142287613907751447194542293458888740496387208345029423983, 25322915005200642951823312529331373680434460560727245012521618012490/183620368142898336308066305586683314258558636897905001545721206574119, 5863243184428908197291209786590775024554030818963247843878600925500712713/34426938827176920102829592496481042186463075511645227859689094883495717825, 357195/764366, 5233023691/45987693662, 805762515978191/2106206756176289, -4317961030389677956712/13042727712788002269189, -792935652633726876709779798/3174525937565464782153353135, -372644048916736341192374166164229/1792604445870297348643084204304297, -456821418042728014223255065331713317146/11034092651230164525370944469567915027993, 49678303642365808120200396372060365781445385/414876329766344755244085399607013018058326984, -6316058722271376453750697333047019516653230537914592/17763785099509168759230352886645010587675719508854487, -1713595632704004291108502316916917424722635311797576505711/9257091592250251927245142305854072962318318530737748512494, 1467689607438701457062786122756716513378906488063594561027960141/3013570711438069538757235972711467294443702481936041725147119915, 37188858277089516639484514080376319134492224504932755096244246208207/183620368142898336308066305586683314258558636897905001545721206574119, -10435839095443042683529927798879175850221073510433524750001250891623362953/34426938827176920102829592496481042186463075511645227859689094883495717825, -196495361995219434253805597785639438633974883533527745247950987093655989013/847339298667710772697658057694196626717120503072227349761472033968713815448, 161147/382183, -5317424756/22993846831, 562009915302594/1134111330248771, 13038620228923931181488/39128183138364006807567, 1838762278088993626125258041/5079241500104743651445365016, -414472509822529386623273491885450/1792604445870297348643084204304297, 4838688223049126488021416188586922745855/22068185302460329050741888939135830055986, 2005802085054913124244388626435041469365563339/13276042552523032167810732787424416577866463488, -2805651984243744087650135578482143442573121616110013/17763785099509168759230352886645010587675719508854487, -953379316414230092396140068395673112169934721497815382166/4628545796125125963622571152927036481159159265368874256247, -12213107184799601668249362654577052832973447990638330135854824/1004523570479356512919078657570489098147900827312013908382373305, 90143551354577933618225837819531390366829794763099077901115935556551/183620368142898336308066305586683314258558636897905001545721206574119, -2241820691327548076118742281265766170722100745448159159320868699389628377/13770775530870768041131836998592416874585230204658091143875637953398287130, -68423559795082669520511922359929126450292856049282712980266421809806831595/211834824666927693174414514423549156679280125768056837440368008492178453862, -3131775546923787811666506061750968126741497703324184361745735263476/38404184927142152328855734817315672832942993014704967988866948854399, -216653/764366, 24698821449/114969234155, 1977665153182161/29486894586468046, -18818017056081105358565/39128183138364006807567, -7123755698285889164611537753/25396207500523718257226825080, 119275917925708327985320087821323/1792604445870297348643084204304297, 6239081099004066104002343160583350384657/22068185302460329050741888939135830055986, -1029491406101112771736546154350029251889867111/13276042552523032167810732787424416577866463488, -3240681810300749307377086159695623986226288642931263/17763785099509168759230352886645010587675719508854487, -202468247957740485404978520699135626728951834540313839641/4628545796125125963622571152927036481159159265368874256247, 908409945704497894990604404135692781792513157243436157393796494/3013570711438069538757235972711467294443702481936041725147119915, -82996494473981049196830720386698834590836653270419268249996145441092/183620368142898336308066305586683314258558636897905001545721206574119, -1616600794354905348004597057038176401979271338039694770974838676316208113/6885387765435384020565918499296208437292615102329045571937818976699143565, -411721495806370803993988093351150376940357847417987084313379902029327753165/847339298667710772697658057694196626717120503072227349761472033968713815448, 7523313271233712124025119153238764212031830191590741256107839993415/38404184927142152328855734817315672832942993014704967988866948854399, -2022043015625696124981562733824689521298520342555457231232/7790085367116594454161738053435873744549282349036282532283, -37755/382183, -7758430107/22993846831, -5338155765529107/14743447293234023, -16977277265978627642530/39128183138364006807567, 10514470073079785429737804897/25396207500523718257226825080, -734781930496171046911955961429268/1792604445870297348643084204304297, 43843472049660328025055999857897752351/22068185302460329050741888939135830055986, -5379548382736156448055008102848863980249406731/13276042552523032167810732787424416577866463488, 7535057264758811169050668530129593977633856082813565/17763785099509168759230352886645010587675719508854487, -731056135461135961114749757183200184202866876895205771377/4628545796125125963622571152927036481159159265368874256247, -123486941253291541595432547916862806436173912153047659787081146/334841190159785504306359552523496366049300275770671302794124435, -61744725005669940881876946547971046668958515113604346981007934412263/183620368142898336308066305586683314258558636897905001545721206574119, -33504914482140220269865608404626507295691834287495101272841118079225921117/68853877654353840205659184992962084372926151023290455719378189766991435650, -176960199752494827893196844616921336076790725915357052181535130126942848541/847339298667710772697658057694196626717120503072227349761472033968713815448, 1874715911274276819461766952496766374500537568645848934170781007959/38404184927142152328855734817315672832942993014704967988866948854399, -3600204615438921473509214001085374095945679472045983836417/7790085367116594454161738053435873744549282349036282532283, -73847897472616321938154541845436020147934831329/211507815092860307105131573591903078423713159170, 142797/382183, -26113890451/114969234155, 1478706645412240/14743447293234023, -8970472451333616509392/39128183138364006807567, -133710966457196291892940685/634905187513092956430670627, -364065891548011718643680531365909/1792604445870297348643084204304297, -1182487130701187773376967567694128078522/11034092651230164525370944469567915027993, -403678460928907058968435314922254457653798017/1659505319065379020976341598428052072233307936, 5969652409946168799746299822283532215548988078999480/17763785099509168759230352886645010587675719508854487, -432954743760848896301376198421926084277997873888262485433/9257091592250251927245142305854072962318318530737748512494, -91313853378575653503379688271756085468761574230933590997937661/3013570711438069538757235972711467294443702481936041725147119915, -83864906215380400876300279881828745500688331732468529231334185187732/183620368142898336308066305586683314258558636897905001545721206574119, -12947204837932112439060712464271244808435329692384246957220098067382024877/34426938827176920102829592496481042186463075511645227859689094883495717825, 47001856656994638068760291317515992691999357544638177198223278919181907361/282446432889236924232552685898065542239040167690742449920490677989571271816, 4152301017249796609171249220816699083604734108069007570286858135711/38404184927142152328855734817315672832942993014704967988866948854399, -533901954211766503112821846404082775257701954518956244690/7790085367116594454161738053435873744549282349036282532283, -69365360495796189706872800948115189585056645609/211507815092860307105131573591903078423713159170, -114982821787232583023881206406727/4701063464840810926286421468574163, 18402/382183, 15514513302/114969234155, 5429014827682231/14743447293234023, -9446662620113498884438/39128183138364006807567, -11224156032872422592837095217/25396207500523718257226825080, -313762817139692508824447714522139/1792604445870297348643084204304297, -5150314855191309525886829120668556436763/22068185302460329050741888939135830055986, -1909522313403194352100264091204803087983417641/13276042552523032167810732787424416577866463488, 676148925751445861395279925825898124179861438127407/17763785099509168759230352886645010587675719508854487, 290978117644079902367936980034067251122258443084367864375/4628545796125125963622571152927036481159159265368874256247, 455997422770141113106369944648651046076106503457753029298786286/1004523570479356512919078657570489098147900827312013908382373305, 52843053605093904968187296827141428791205028526461793841040511242566/183620368142898336308066305586683314258558636897905001545721206574119, -11427963298903065978007506873247940591934869585969195897292821939166793536/34426938827176920102829592496481042186463075511645227859689094883495717825, 16098003681044295214139502965467215750618287254645198337864454542164600768/105917412333463846587207257211774578339640062884028418720184004246089226931, -4352259849196651619128196878493562649500031332172242673439545891360/38404184927142152328855734817315672832942993014704967988866948854399, 1125096912829448927784864169718176445480561690561871030936/7790085367116594454161738053435873744549282349036282532283, -66967235672224778314867286503395225003545182943/211507815092860307105131573591903078423713159170, -675320051881690234381609123357729/4701063464840810926286421468574163, 520698543905658392/1269013945460169883] }
(hist.len, cnt): (489, 5813)
[(0, 1), (0, 2), (0, 1), (0, 2), (0, 3), (1, 2), (0, 3), (0, 2), (1, 2), (1, 4), (0, 4), (0, 3), (0, 5), (2, 3), (2, 5), (3, 4), (0, 5), (1, 3), (2, 5), (1, 6), (0, 1), (1, 2), (0, 5), (3, 5), (4, 5), (1, 6), (0, 1), (1, 2), (1, 3), (1, 6), (0, 1), (1, 3), (0, 4), (1, 2), (3, 4), (1, 6), (0, 5), (3, 4), (3, 6), (1, 3), (0, 3), (1, 2), (4, 5), (4, 6), (3, 7), (0, 3), (0, 2), (0, 3), (2, 5), (1, 6), (2, 4), (2, 7), (0, 2), (2, 3), (2, 4), (1, 5), (3, 5), (2, 7), (0, 2), (0, 4), (4, 5), (4, 6), (2, 7), (0, 2), (2, 3), (4, 5), (2, 7), (1, 2), (2, 3), (3, 4), (5, 6), (2, 7), (1, 2), (2, 3), (3, 5), (2, 7), (3, 4), (1, 6), (4, 5), (3, 8), (0, 3), (1, 3), (5, 6), (3, 8), (0, 3), (5, 6), (5, 7), (4, 5), (3, 8), (1, 3), (5, 6), (2, 7), (5, 6), (3, 7), (3, 8), (1, 3), (2, 4), (6, 7), (3, 8), (0, 3), (1, 2), (3, 4), (2, 5), (1, 6), (0, 1), (3, 4), (3, 5), (3, 7), (4, 5), (3, 8), (1, 3), (3, 4), (4, 5), (7, 8), (4, 9), (0, 4), (1, 2), (4, 9), (0, 4), (2, 4), (4, 5), (5, 8), (3, 5), (4, 5), (5, 9), (1, 5), (3, 4), (4, 9), (0, 4), (1, 3), (2, 3), (3, 4), (3, 5), (6, 7), (5, 6), (2, 5), (4, 5), (5, 6), (7, 8), (5, 9), (1, 5), (2, 3), (0, 5), (3, 6), (4, 7), (6, 9), (2, 6), (3, 5), (1, 6), (0, 1), (1, 2), (4, 9), (0, 4), (2, 3), (4, 5), (4, 9), (0, 4), (2, 4), (3, 4), (2, 5), (3, 4), (3, 5), (3, 8), (0, 3), (2, 6), (4, 5), (5, 8), (4, 6), (5, 6), (7, 10), (3, 7), (3, 5), (2, 7), (7, 9), (4, 7), (2, 4), (3, 4), (5, 7), (5, 10), (1, 5), (2, 3), (3, 5), (3, 8), (1, 3), (5, 6), (5, 10), (0, 5), (1, 2), (2, 6), (4, 9), (1, 4), (2, 4), (7, 10), (4, 7), (3, 4), (2, 7), (0, 2), (3, 4), (3, 5), (4, 9), (0, 4), (1, 2), (3, 4), (5, 10), (0, 5), (4, 5), (2, 7), (0, 2), (3, 8), (1, 3), (3, 4), (5, 6), (3, 5), (4, 5), (6, 9), (5, 10), (0, 5), (1, 2), (1, 4), (5, 6), (2, 7), (1, 2), (3, 4), (6, 7), (4, 9), (0, 4), (1, 2), (4, 5), (3, 5), (4, 5), (4, 6), (5, 7), (4, 5), (4, 6), (3, 4), (4, 9), (1, 4), (2, 3), (6, 11), (1, 6), (0, 1), (2, 4), (3, 4), (3, 6), (5, 7), (8, 9), (9, 10), (6, 11), (1, 6), (0, 1), (5, 6), (6, 11), (1, 6), (0, 1), (5, 6), (9, 11), (6, 9), (3, 6), (2, 3), (0, 3), (1, 3), (2, 3), (5, 9), (4, 5), (10, 11), (9, 14), (4, 9), (0, 4), (1, 2), (4, 5), (8, 10), (3, 8), (1, 3), (3, 5), (4, 5), (2, 7), (1, 2), (2, 3), (5, 6), (5, 9), (1, 5), (2, 4), (3, 5), (4, 5), (3, 7), (4, 6), (5, 8), (6, 7), (8, 10), (9, 11), (4, 9), (0, 4), (0, 2), (3, 4), (5, 6), (6, 9), (6, 11), (1, 6), (0, 1), (1, 2), (3, 5), (2, 5), (3, 4), (2, 7), (1, 2), (2, 4), (3, 4), (9, 10), (10, 11), (8, 13), (3, 8), (0, 3), (1, 2), (2, 3), (4, 5), (1, 6), (2, 3), (2, 4), (5, 10), (4, 5), (6, 7), (5, 10), (0, 5), (1, 2), (1, 3), (4, 5), (8, 9), (5, 10), (1, 5), (2, 5), (5, 8), (4, 5), (6, 11), (1, 6), (0, 1), (6, 7), (2, 7), (6, 7), (9, 10), (6, 11), (1, 6), (0, 1), (1, 3), (5, 7), (4, 8), (3, 4), (6, 9), (5, 10), (3, 5), (8, 13), (3, 8), (2, 3), (4, 6), (7, 8), (10, 11), (9, 10), (9, 12), (4, 9), (2, 4), (4, 5), (4, 6), (3, 4), (4, 5), (7, 8), (6, 7), (7, 9), (8, 11), (3, 8), (2, 3), (0, 4), (2, 3), (5, 6), (3, 5), (6, 11), (1, 6), (0, 1), (1, 5), (2, 4), (3, 5), (5, 9), (1, 5), (4, 6), (9, 11), (5, 9), (1, 5), (3, 5), (7, 9), (6, 7), (11, 16), (6, 11), (1, 6), (2, 3), (3, 5), (6, 7), (10, 12), (5, 10), (2, 5), (3, 4), (5, 6), (2, 7), (4, 9), (0, 4), (1, 2), (0, 3), (5, 6), (4, 5), (6, 10), (4, 6), (5, 6), (7, 11), (3, 7), (2, 3), (4, 5), (4, 7), (6, 7), (10, 11), (11, 12), (10, 15), (5, 10), (0, 5), (4, 6), (8, 9), (7, 8), (6, 7), (4, 6), (3, 4), (5, 6), (6, 7), (7, 12), (2, 7), (1, 2), (3, 4), (2, 5), (3, 4), (3, 5), (7, 12), (2, 7), (0, 2), (3, 7), (6, 9), (5, 6), (7, 12), (4, 7), (3, 4), (6, 8), (4, 6), (8, 11), (7, 8), (6, 7), (9, 13), (4, 9), (1, 4), (2, 5), (5, 10), (0, 5), (1, 2), (1, 3), (1, 4), (2, 4), (3, 4), (5, 6), (5, 7), (7, 9), (6, 11), (1, 6), (0, 1), (1, 3), (2, 3), (7, 12), (2, 7), (0, 2), (2, 3), (2, 7), (4, 5), (8, 9), (10, 12), (8, 10), (9, 11), (10, 13), (6, 10), (2, 6), (0, 2), (1, 3), (2, 4), (4, 6), (3, 4), (8, 9), (7, 8), (11, 13)]
