results/deeplll05/ndim20seed3cnt1000dim20delta0.98999995.txt: 41.464 sec
b: [[-39, 86, 189, -6, 112, -85, -87, -505, 375, 57, 84, 44, -271, 74, -96, 418, 290, -93, -137, -118],
 [102, -233, 182, 289, 75, 236, -70, 224, 22, -289, -63, -298, -312, 38, 570, 312, 283, -119, -186, 113],
 [251, 167, 426, 51, -188, 206, 51, -13, -558, -94, -315, 221, -63, -283, -402, 221, -255, 192, 43, -27],
 [-247, -4, -431, -161, 114, 247, -148, -205, 22, -257, -251, 255, 165, 498, -159, -530, -112, -171, 412, -309],
 [387, -183, -347, -180, 280, -78, 327, -48, 285, -150, 506, -236, 203, -612, -25, -134, 518, -147, -25, 199],
 [639, -375, 31, 696, 77, -55, -159, -218, 48, -15, 254, 249, -403, -337, 126, 400, 184, -119, 280, -78],
 [170, 134, -150, -54, 303, 336, 29, 439, 367, -83, -198, 68, 98, -766, -84, 164, 11, -69, -460, -313],
 [17, -162, -28, -371, 69, 4, 285, -526, -327, -40, -304, -609, 587, 178, -138, -197, -2, -482, -112, -407],
 [325, 14, -97, 166, -279, -216, -128, 533, 254, -20, -83, -868, 83, 396, 389, -23, -408, 146, -370, -454],
 [323, 261, 128, 705, -20, 405, 23, -359, -450, -157, 231, 311, -238, 265, -125, -57, -50, 17, -52, 640],
 [-259, -312, 44, 465, -196, -322, 13, 424, -261, 722, 435, -269, 53, 301, 138, 186, 381, -199, 292, -213],
 [-211, 131, 648, 112, -382, 272, 221, 520, -20, -42, 34, -613, -76, 213, -67, 41, -399, 247, 13, 725],
 [-134, -257, 439, -379, -316, -272, 162, -130, -77, 142, -416, -94, 342, -546, -215, 62, -97, 132, 69, 304],
 [82, -49, 375, 21, 139, 156, 225, -404, -89, -15, -165, -177, 99, -419, 56, 308, 123, -248, -483, 348],
 [67, -133, 48, -6, -156, 105, -129, 268, -478, -446, -58, 49, -341, 423, 290, -97, -14, 217, 474, 14],
 [-59, -279, 465, 218, -148, -138, 72, 183, -240, 282, 115, -333, -179, 68, 197, 388, -121, -98, 188, 20],
 [-532, -68, 258, -124, 97, 282, -146, 457, 325, -32, -291, -14, -256, -32, 200, 375, 257, -69, -46, -184],
 [-145, -39, -255, -663, 254, -101, 158, 9, -37, -209, 155, -65, 64, -103, 81, -73, 532, -66, 59, -231],
 [25, 17, 111, -304, 88, 351, 134, 113, -433, -484, -345, 199, 33, -420, 115, -73, 164, 104, -155, 358],
 [-122, -156, -391, -21, 446, 149, 70, -358, 419, 155, -45, 193, 347, -327, -109, -220, -70, -515, -52, -157]], shape=[20, 20], strides=[20, 1], layout=Cc (0x5), const ndim=2
v_norms: [868202, 484973008672/434101, 569436831372386811/484973008672, 630818231221649040608687/569436831372386811, 792518187566549822971583477253/630818231221649040608687, 1888029072362190553786926939880989197/1585036375133099645943166954506, 2311187368017408512430195823812884029711266/1888029072362190553786926939880989197, 2983250795332892284993719009526384793982334095349/2311187368017408512430195823812884029711266, 3010707623288169396724122177865549959997033432798371750/2983250795332892284993719009526384793982334095349, 329395225909696053692088548634112821880591916979092622381499/334523069254241044080458019762838884444114825866485750, 2626271218313907529135601489176323225180442982178978046460488893211/2964557033187264483228796937707015396925327252811833601433491, 1719991111142560692590964053564941634999213127657572530157951315988455395/2626271218313907529135601489176323225180442982178978046460488893211, 311809633788703840488739892412214715525997511958464900125825992095589628989571/1719991111142560692590964053564941634999213127657572530157951315988455395, 932916114589500044916762670865903017426229041285297471799789240122530182705/311809633788703840488739892412214715525997511958464900125825992095589628989571, 66476974719270038559898469801995107635804690295495296460880750713679/932916114589500044916762670865903017426229041285297471799789240122530182705, 10391934415525003919294656518835930581447646166714246544571/66476974719270038559898469801995107635804690295495296460880750713679, 1196027683097307358496628719610868018966772943/10391934415525003919294656518835930581447646166714246544571, 10359952414568977292495170337159/1196027683097307358496628719610868018966772943, 3755310072932229/609408965562881017205598255127, 1/63840271239847893], shape=[20], strides=[1], layout=CFcf (0xf), const ndim=1
Mu { arr: [65838/434101, -150411/868202, -68875719557/484973008672, -229991/868202, -208338690655/484973008672, -181075015175842495/569436831372386811, 58813/868202, 27614517539/484973008672, -244913634540514045/569436831372386811, -286553685315061951179430/630818231221649040608687, 405821/868202, 104826512155/242486504336, 148795469053066438/569436831372386811, -73055604190825727507282/630818231221649040608687, 269075422989080667056260205842/792518187566549822971583477253, -19785/868202, 75503054659/484973008672, 78245450732306755/569436831372386811, -142250222872225073763260/630818231221649040608687, 111887226133017115607151666769/264172729188849940990527825751, -367716881850416298166316399304846906/1888029072362190553786926939880989197, -27031/434101, -119882060505/484973008672, -51832619354858089/569436831372386811, 212980776463151802487847/630818231221649040608687, 68947485974967052688030198137/264172729188849940990527825751, -931631651125829012076469883093260485/1888029072362190553786926939880989197, -552896101281683376803919955430962658276753/2311187368017408512430195823812884029711266, -160277/434101, 114802974579/242486504336, -189495283242697402/569436831372386811, -138166195810128970505617/630818231221649040608687, -376096035240394905688067966201/792518187566549822971583477253, -166949163872952871514371450990888444/1888029072362190553786926939880989197, 5936805237757223323784424757602650960818/24587099659759665025853147061839191805439, 1472739215887392623736302010018536788830681982198/2983250795332892284993719009526384793982334095349, 7817/434101, 86043101389/484973008672, 92954001532818207/189812277124128937, 96036004433728912754427/630818231221649040608687, 9331743473910959553494041699/264172729188849940990527825751, 672695671473675958193939056290754011/1888029072362190553786926939880989197, -366223573331682967095008447727346440090787/770395789339136170810065274604294676570422, -1006073839346186742727677244602906405413021273613/2983250795332892284993719009526384793982334095349, -118913490059877540914354179927078625682897865883066707/1003569207762723132241374059288516653332344477599457250, -66517/868202, 97762719265/484973008672, -207170194349488735/569436831372386811, -244584344318992660249648/630818231221649040608687, -314855624171275572386504213642/792518187566549822971583477253, 841655841175805014810521144695049836/1888029072362190553786926939880989197, -707744701572453834800349311082575846032969/2311187368017408512430195823812884029711266, 842954820701091068221426376334028597012663110959/2983250795332892284993719009526384793982334095349, -656638517202763031256081759687875240705513292180756679/3010707623288169396724122177865549959997033432798371750, -241624616890368132276060627584548651654622692564733863472647/988185677729088161076265645902338465641775750937277867144497, -203265/434101, 93831460693/242486504336, 171478443342833546/569436831372386811, -261484759019864523839770/630818231221649040608687, -360375391233789679685760155218/792518187566549822971583477253, -888418558701534338312791035661192340/1888029072362190553786926939880989197, -891145046740628980459219521939000197790847/2311187368017408512430195823812884029711266, -788214506480041446689712180015597403600309123123/2983250795332892284993719009526384793982334095349, 6797071128095398198792911176137549769771621268272519/27370069302619721788401110707868635999973031207257925, 203286692007210862438372764400206562824418300418679757092370/988185677729088161076265645902338465641775750937277867144497, 229704555419260112961735498547739094126534811446359261572556829203/2626271218313907529135601489176323225180442982178978046460488893211, -124469/868202, -144861842861/484973008672, 73284226728302897/189812277124128937, -24635038264181036454891/57347111929240821873517, 3273210248881682015638918868/60962937505119217151660267481, -585202688936203847659730331485387030/1888029072362190553786926939880989197, -347838930306249376634333243231798189106077/2311187368017408512430195823812884029711266, 592844446793095630742349217560255091816412064373/2983250795332892284993719009526384793982334095349, -302048153520351807324368324005698805417740697382797343/1003569207762723132241374059288516653332344477599457250, -163403612996177752737328926496169849156205877400115594990649/329395225909696053692088548634112821880591916979092622381499, -995526029134336197014434747523129432040037892148909058883225974176/2626271218313907529135601489176323225180442982178978046460488893211, 666852240861971333699290644623923406009430571577153144869565386708398893/1719991111142560692590964053564941634999213127657572530157951315988455395, 171793/434101, 70148979217/242486504336, 200805461781722626/569436831372386811, -207180326194524489412403/630818231221649040608687, 219628549057153519392642723235/792518187566549822971583477253, -612028525250216787168520716870462004/1888029072362190553786926939880989197, -62299821504780375990010565518210344336779/2311187368017408512430195823812884029711266, 889663420867152143022716397029631668992948265083/2983250795332892284993719009526384793982334095349, -1211885866600850321937398791729891249801408877825651519/3010707623288169396724122177865549959997033432798371750, 296093486219159022534892952340001712830125147857621588698483/988185677729088161076265645902338465641775750937277867144497, -789255826707612632208569418479079727724222110599967231262917378144/2626271218313907529135601489176323225180442982178978046460488893211, 244513061195127149134144188238341248131205854499009960024432685790335576/1719991111142560692590964053564941634999213127657572530157951315988455395, 77836480487180090793731479141385822113145199889618597819405833088054610612017/311809633788703840488739892412214715525997511958464900125825992095589628989571, -398349/868202, 94622659097/242486504336, 34802711234743958/189812277124128937, 303536728585777993470573/630818231221649040608687, -45447632760682644426439226430/264172729188849940990527825751, 297916917793890800300173192362740505/1888029072362190553786926939880989197, -997651433174627898792291961514534556830771/2311187368017408512430195823812884029711266, -27315136811973665597488697788361634627209950967/96233896623641686612700613210528541741365615979, 631217048479968222214538408600469655537945216332632947/3010707623288169396724122177865549959997033432798371750, -293301151547304183221592602796593277544231382926065815252429/988185677729088161076265645902338465641775750937277867144497, 11859206023092021461159645872849626267558802917859156026424790657/375181602616272504162228784168046175025777568882711149494355556173, -373150089720702316089338090536031678849973650696379749702805390979293462/1719991111142560692590964053564941634999213127657572530157951315988455395, -130574087507529793141580733448397785180760119597081129036953626315691602961259/311809633788703840488739892412214715525997511958464900125825992095589628989571, -414704431845871610194219533492253395832656005817684098290212429858769837139/932916114589500044916762670865903017426229041285297471799789240122530182705, 12581/434101, 189610455349/484973008672, 111859405013239493/569436831372386811, -212904218950080982102939/630818231221649040608687, -93210574773421156112433565893/264172729188849940990527825751, 355892100713835352660943578089784329/1888029072362190553786926939880989197, -224319807069077051861368178964699865413367/770395789339136170810065274604294676570422, 736134134374684976259330282146200826876832822465/2983250795332892284993719009526384793982334095349, -11905658694896808330975188890543647810002609269255723/136850346513098608942005553539343179999865156036289625, -259291187630067945067817660117568992214684007584068090646508/988185677729088161076265645902338465641775750937277867144497, 627007979740069299816590145539585681932950289414783420180441411321/2626271218313907529135601489176323225180442982178978046460488893211, 604309844172335382689441389475294242534338560998705661829521413280752497/1719991111142560692590964053564941634999213127657572530157951315988455395, -148387111039413421574294478972855525794228631223863963937863157983472982398166/311809633788703840488739892412214715525997511958464900125825992095589628989571, -404219230504456338498371436845429384091651174792607648764023994652329760837/932916114589500044916762670865903017426229041285297471799789240122530182705, 21804750870072860420652676923209902911676183098861890375034124063452/66476974719270038559898469801995107635804690295495296460880750713679, 241727/868202, 117146156077/242486504336, -5530557837727570/189812277124128937, 86057531682911527965126/630818231221649040608687, -4263319447049118219645823398/15539572305226467117089872103, -626479810068831602783627511333111963/1888029072362190553786926939880989197, 995567422404347997365451496703865956552617/2311187368017408512430195823812884029711266, -625596120826964419926349456008743342017213762421/2983250795332892284993719009526384793982334095349, -80072622998699613941116183248748399581534789019056877/334523069254241044080458019762838884444114825866485750, -153163237094573245296715014538200567657340372576952271288683/329395225909696053692088548634112821880591916979092622381499, 723385251010972874412135511357641580804501133508535025926432484496/2626271218313907529135601489176323225180442982178978046460488893211, 408212260613260796642812349426850020577121011866667436338071000141382129/1719991111142560692590964053564941634999213127657572530157951315988455395, 977314969883054408195187842991954190734717905359402965996564739143345281759/44544233398386262926962841773173530789428215994066414303689427442227089855653, -343648903482937069617374564248240555367298274783955084561771354815332274529/932916114589500044916762670865903017426229041285297471799789240122530182705, -11073409830836252912686828450413774130017531377183084789487914941846/66476974719270038559898469801995107635804690295495296460880750713679, -2354785850108258533655615940210734330800750775008838654441/10391934415525003919294656518835930581447646166714246544571, 77535/868202, -34412210143/484973008672, -208454854112961535/569436831372386811, 63257691093231170479784/630818231221649040608687, 124088049703258826385692269386/264172729188849940990527825751, -747752879918412029817205989926823582/1888029072362190553786926939880989197, -108081781045259739527307682024978228314485/2311187368017408512430195823812884029711266, -55459560170196011632532954595337820264786712875/2983250795332892284993719009526384793982334095349, -27927194929903795393848172861270577214036192602181454/301070762328816939672412217786554995999703343279837175, -459261787874821350340492656842337005230056270029155618734220/988185677729088161076265645902338465641775750937277867144497, 370669828554543839700127643864781169637609100026807817743886197077/2626271218313907529135601489176323225180442982178978046460488893211, -808672160996022815911927672753203917399244421067929802741313447205144558/1719991111142560692590964053564941634999213127657572530157951315988455395, -144693412319701409804861738060914396010100646750661424505982867621367499814606/311809633788703840488739892412214715525997511958464900125825992095589628989571, -86512965019036351524624872712075971041661493229097965343025038490031135361/186583222917900008983352534173180603485245808257059494359957848024506036541, 31849299974613226495300373665044645824997445861560496965459384308435/66476974719270038559898469801995107635804690295495296460880750713679, 101166263632887172408891740260809519313428285698304259157/10391934415525003919294656518835930581447646166714246544571, -191989148758645447506247101975094375216638592/1196027683097307358496628719610868018966772943, -340297/868202, 65231315605/242486504336, 262733846745580442/569436831372386811, 67239516750683034056009/630818231221649040608687, 311684064047762341416397619843/792518187566549822971583477253, -816460794378605765179566024664495187/1888029072362190553786926939880989197, 8016280945391463717351370953564936829341/770395789339136170810065274604294676570422, -728029459115887482458699167656602305189357134123/2983250795332892284993719009526384793982334095349, -520665736464202809116116564499471501346773544133154522/1505353811644084698362061088932774979998516716399185875, -36340423381567319083464984620415669558641617572180135856342/988185677729088161076265645902338465641775750937277867144497, -832876607418991873200014523107994861853733888992268761258544924390/2626271218313907529135601489176323225180442982178978046460488893211, -450915345060465438415256893253664029828254962985877570243888568127612238/1719991111142560692590964053564941634999213127657572530157951315988455395, 8508085963155829698493031739594333656292950617871903643710606069082640466552/44544233398386262926962841773173530789428215994066414303689427442227089855653, -10233564055635028854360236925423638044480108290945612472014712989650891863/186583222917900008983352534173180603485245808257059494359957848024506036541, -1559616544078366872229090481054738721373052231527942807589051616115/66476974719270038559898469801995107635804690295495296460880750713679, -4135959304225457720094676764721355726703362139296897694922/10391934415525003919294656518835930581447646166714246544571, -595668642924450317071194185435146297071841750/1196027683097307358496628719610868018966772943, -132192626172725351092175654045/609408965562881017205598255127, 76871/434101, -174262165411/484973008672, -244576921117145843/569436831372386811, 138074166752472970009555/630818231221649040608687, 327980138732158610923555263827/792518187566549822971583477253, 160094339663633167919550056756084257/1888029072362190553786926939880989197, 534293118359744886602141444728055802600956/1155593684008704256215097911906442014855633, 898041608108932552418998092139536668557729778980/2983250795332892284993719009526384793982334095349, -1369620832815092255988133969883469318454985005310865607/3010707623288169396724122177865549959997033432798371750, 197765180390485819905617593136182306476884007093589296519299/988185677729088161076265645902338465641775750937277867144497, -496539703539779090066362506925063452319670205061511385162538467053/2626271218313907529135601489176323225180442982178978046460488893211, 92169637443483383101009134169582673232569912075134294521654361757953909/343998222228512138518192810712988326999842625531514506031590263197691079, -3205584621933330898224948845102552025934980723645293384902270655743099788025/103936544596234613496246630804071571841999170652821633375275330698529876329857, 279447701255816570225697669730963221172564195917570915113305942591466743734/932916114589500044916762670865903017426229041285297471799789240122530182705, -3793727958087460211474387877395919062447354257034665894473575608912/9496710674181434079985495685999301090829241470785042351554392959097, -2279289249476770440481986242714189859546322583218087504509/10391934415525003919294656518835930581447646166714246544571, 156477514543168262833077192757344636477817777/398675894365769119498876239870289339655590981, 3262216451358191496811825623834/10359952414568977292495170337159, -611264439152846/3755310072932229] }
(hist.len, cnt): (377, 4560)
[(0, 1), (1, 2), (1, 3), (0, 3), (1, 2), (1, 3), (0, 3), (0, 4), (1, 2), (3, 4), (0, 5), (0, 4), (3, 4), (0, 5), (1, 3), (0, 5), (2, 3), (3, 5), (1, 6), (0, 1), (1, 5), (3, 4), (1, 5), (3, 4), (1, 6), (0, 1), (2, 3), (4, 5), (1, 6), (0, 1), (2, 3), (2, 4), (2, 6), (1, 2), (1, 3), (2, 4), (3, 4), (2, 7), (0, 2), (2, 4), (3, 4), (2, 5), (1, 6), (0, 1), (3, 4), (2, 5), (3, 5), (2, 6), (4, 5), (2, 7), (1, 2), (4, 6), (3, 8), (2, 3), (4, 7), (3, 8), (0, 3), (2, 4), (2, 5), (1, 6), (2, 5), (3, 8), (1, 3), (3, 8), (1, 3), (2, 7), (2, 4), (5, 8), (6, 7), (5, 6), (5, 8), (1, 5), (0, 3), (1, 3), (4, 5), (4, 9), (0, 4), (0, 2), (3, 4), (3, 5), (6, 7), (5, 9), (0, 5), (4, 5), (3, 8), (0, 3), (1, 2), (1, 5), (2, 6), (3, 4), (4, 7), (2, 4), (3, 4), (5, 8), (1, 5), (3, 4), (2, 5), (4, 5), (3, 7), (5, 9), (2, 5), (1, 6), (5, 10), (0, 5), (1, 2), (2, 7), (1, 2), (4, 6), (3, 4), (5, 6), (5, 7), (3, 8), (2, 3), (4, 5), (5, 6), (2, 7), (1, 2), (3, 8), (2, 3), (3, 4), (4, 9), (0, 4), (2, 3), (2, 5), (5, 6), (2, 7), (3, 5), (4, 5), (5, 7), (4, 9), (0, 4), (2, 3), (4, 5), (4, 6), (6, 7), (5, 6), (4, 9), (0, 4), (3, 4), (2, 7), (0, 2), (4, 5), (4, 9), (0, 4), (1, 3), (4, 9), (1, 4), (5, 10), (1, 5), (2, 3), (4, 5), (5, 10), (1, 5), (8, 9), (4, 8), (2, 4), (6, 7), (5, 6), (3, 5), (5, 10), (0, 5), (1, 2), (2, 3), (4, 5), (4, 6), (3, 7), (4, 9), (3, 4), (2, 4), (3, 4), (5, 6), (7, 8), (6, 7), (5, 6), (5, 10), (0, 5), (2, 4), (2, 4), (4, 6), (2, 7), (0, 2), (4, 5), (3, 8), (1, 3), (3, 7), (2, 3), (4, 5), (5, 10), (1, 5), (0, 2), (1, 2), (1, 4), (5, 6), (5, 9), (4, 5), (4, 9), (0, 4), (2, 3), (5, 7), (2, 5), (4, 5), (6, 7), (8, 11), (3, 8), (0, 3), (0, 3), (3, 6), (4, 5), (3, 6), (6, 11), (1, 6), (0, 1), (3, 6), (8, 9), (6, 11), (1, 6), (0, 1), (5, 8), (3, 5), (6, 7), (7, 9), (6, 7), (4, 6), (2, 4), (3, 4), (4, 8), (2, 4), (3, 4), (3, 5), (5, 10), (1, 5), (6, 9), (5, 6), (5, 7), (6, 11), (1, 6), (0, 1), (4, 7), (4, 9), (1, 4), (5, 10), (0, 5), (3, 5), (3, 6), (8, 9), (6, 8), (7, 8), (8, 10), (5, 8), (4, 5), (6, 7), (6, 11), (1, 6), (0, 1), (2, 3), (4, 6), (4, 9), (3, 4), (6, 7), (7, 12), (2, 7), (0, 2), (3, 4), (5, 9), (6, 11), (1, 6), (0, 1), (1, 2), (1, 3), (2, 3), (5, 8), (5, 10), (0, 5), (4, 8), (2, 4), (3, 4), (5, 6), (8, 11), (5, 8), (2, 5), (3, 5), (6, 7), (3, 8), (2, 3), (7, 9), (10, 11), (8, 10), (5, 8), (3, 8), (2, 3), (3, 4), (11, 12), (9, 11), (11, 12), (10, 11), (7, 10), (5, 7), (3, 5), (4, 5), (5, 10), (0, 5), (3, 5), (4, 5), (3, 6), (4, 6), (7, 10), (2, 7), (6, 11), (1, 6), (0, 1), (1, 5), (4, 6), (3, 4), (5, 7), (4, 5), (6, 8), (10, 12), (8, 10), (5, 8), (0, 5), (1, 2), (0, 5), (2, 3), (5, 7), (4, 5), (9, 11), (7, 12), (2, 7), (0, 2), (1, 4), (2, 3), (3, 6), (1, 6), (0, 1), (3, 4), (3, 8), (1, 3), (5, 6), (4, 5), (11, 12), (8, 13), (3, 8), (0, 3), (1, 3), (2, 4), (0, 5), (1, 4), (2, 5), (3, 7), (4, 5), (9, 13), (6, 9), (3, 6), (1, 4), (0, 1), (2, 4), (3, 4), (4, 5), (5, 6), (1, 5), (2, 3), (3, 4), (6, 7), (10, 11), (7, 12), (2, 7), (0, 2), (3, 4), (4, 9), (0, 4), (2, 4), (7, 12), (2, 7), (0, 2), (1, 3), (4, 5), (6, 9)]
