results/deeplll05/svpchallengedim40seed4dim10delta1.txt: 17.007 sec
b: [[364651438234, 270340944798, 417794202265, 394887844252, 240366663920, 466646941257, 99850270203, 257071431344, -215168076885, 152475866540],
 [643849487641, -211487045811, -120382894241, 108325475065, 370326338130, 83778871564, 257394064438, 448378553870, -187222607446, -250118978730],
 [-684663620698, 416213788799, -392047582121, -135978610533, -76889254684, 170726084080, -93962673645, 222864391868, -412250201207, -278937591046],
 [-197946795480, -9923158511, -375301568557, -262582109487, -361928425616, 709411333985, 114001383938, -299908242844, -358525810650, 322303204103],
 [493668360804, -27776882905, -344932679343, 190642291213, 653628501271, 303852881922, 272720953087, 384544101263, 727138800320, 619236224892],
 [414079919528, -236380909217, -109691924555, 241924323360, -872691275897, -274530160092, 641391086304, 132731593658, -386332815497, 117274231822],
 [27165214814, 118021615623, 60076953010, -312214958697, 737487809774, -714170319054, 11944422149, -318898638987, -783579597395, -287884560659],
 [254626264492, 667702964267, 672303033691, -230748429533, -568629482702, -162796857490, 510281886910, 186295597206, 129820243068, -300716683804],
 [-255216499528, -785374938763, 1121507005489, 157377663450, 250740818861, 84783931281, 508885741291, 77829819008, 228455121967, -650219494162],
 [-129741754010, -65036169117, 969967139022, -394902843274, -466494548171, 40136703852, -181794283294, 807276683128, -293845360782, 472848473775]], shape=[10, 10], strides=[10, 1], layout=Cc (0x5), const ndim=2
v_norms: [957680792193561957558108, 757718358557121455203315761111786325352692030223/957680792193561957558108, 807312779535425378917371878749503461608945122106412157690174088874784949/757718358557121455203315761111786325352692030223, 797205466098643513645211574955796411481717164679544325815787055978454203015429672195986050402841/807312779535425378917371878749503461608945122106412157690174088874784949, 1132808371341379527830618305530919515283297120384675710273909589706567005197520569034567300515841186762838056216002245162/797205466098643513645211574955796411481717164679544325815787055978454203015429672195986050402841, 666883383598786096592010880756337466755750419107807206881164595657342504420482067702323867267363440103904453679772487772750762249477686896731463/566404185670689763915309152765459757641648560192337855136954794853283502598760284517283650257920593381419028108001122581, 1532182444584625430522053640966949522162900469976974025306805278617985490890067196018356821497431708795152828839521199367515726923601189555518712176548207184211171999681/1333766767197572193184021761512674933511500838215614413762329191314685008840964135404647734534726880207808907359544975545501524498955373793462926, 1602873746310540735712680171848598096396764175968222316416510743640865208913388808372096903598016376736940067288139900789734771972207256865877612644810510186519344858463592979873635927063838356/1532182444584625430522053640966949522162900469976974025306805278617985490890067196018356821497431708795152828839521199367515726923601189555518712176548207184211171999681, 2621563626640109378054418461508605332718075615112565005450342758354941670553640324730139514682934759548281875290724897653728581051911229987275772857426441207782959537995731476072523278002166928014557148760783945112039/1602873746310540735712680171848598096396764175968222316416510743640865208913388808372096903598016376736940067288139900789734771972207256865877612644810510186519344858463592979873635927063838356, 4276004080986662250556170150571682084661652708811008860820343595371977250993691951408982529005301818073582930400216010607001999500303394702071829521757444159996645323454281158344057771824138679224276609066488857242630567308043703839472400369/2621563626640109378054418461508605332718075615112565005450342758354941670553640324730139514682934759548281875290724897653728581051911229987275772857426441207782959537995731476072523278002166928014557148760783945112039], shape=[10], strides=[1], layout=CFcf (0xf), const ndim=1
Mu { arr: [441310836456664755264583/957680792193561957558108, -22151839895392077418091/106408976910395773062012, -187692330401021861350832099389554828575184353535/757718358557121455203315761111786325352692030223, -5122070700331717363009/159613465365593659593018, -39356439180549064460881217751636051401945747766/108245479793874493600473680158826617907527432889, 277230595445794361182564383609194640318390610884040321536014061498306908/807312779535425378917371878749503461608945122106412157690174088874784949, 233314852557891861055307/478840396096780978779054, 373476573168052923663239040317694741224124556946/757718358557121455203315761111786325352692030223, -346509215908195086940002692420812616110955418142868152113534263822791319/807312779535425378917371878749503461608945122106412157690174088874784949, 104458485081551770957286478269243139721272648552331858711624742642842018557549954289558373661715/797205466098643513645211574955796411481717164679544325815787055978454203015429672195986050402841, -476568180652340018266/239420198048390489389527, 266530483788265217092628081511662220977971021360/757718358557121455203315761111786325352692030223, -141800443464654012345293206172432729539433059929929839724433640157047205/807312779535425378917371878749503461608945122106412157690174088874784949, 318187357776347290471897615580444669276119430311973110742609806936461598382092261596114657861622/797205466098643513645211574955796411481717164679544325815787055978454203015429672195986050402841, -242925093436809876051644403191456683837295954553669110918292821599672653765461660761044018190669139221553811888613259953/566404185670689763915309152765459757641648560192337855136954794853283502598760284517283650257920593381419028108001122581, -1559789801824458720266/8867414742532981088501, 307587383901697705425685939647840717974480444880/757718358557121455203315761111786325352692030223, 186717838516310041115620897857328852272504398710191491687381967212602872/807312779535425378917371878749503461608945122106412157690174088874784949, -330007592987381982676118445317637695335898337681307303408033006111754928946068829655660585924723/797205466098643513645211574955796411481717164679544325815787055978454203015429672195986050402841, -469858809703890823958032101969854987418805309788238011993521438265019517585296405229563242507083326406493323087026452417/1132808371341379527830618305530919515283297120384675710273909589706567005197520569034567300515841186762838056216002245162, -267156806684852523946445553572621413341039315972003983787936887456902039586100203916459741533252794332911813677478385829577031456131967472518943/666883383598786096592010880756337466755750419107807206881164595657342504420482067702323867267363440103904453679772487772750762249477686896731463, 30614607474570693725053/106408976910395773062012, -161465688966166206877635117416107875882221568543/757718358557121455203315761111786325352692030223, -55439797702327343693197087922456964962721465113873894715512891426533665/807312779535425378917371878749503461608945122106412157690174088874784949, -263941935990458817138484490919812977465195555075585826426206003523254139378509049193767703232560/797205466098643513645211574955796411481717164679544325815787055978454203015429672195986050402841, -407055591203140512341051862407648413892314384227052117472490412194021029757965872608124210594961118039221535243932110945/1132808371341379527830618305530919515283297120384675710273909589706567005197520569034567300515841186762838056216002245162, 110271847259121303419307719397466282946563033516495303005779656148447772862578798937256407988384830654008241036784282951276148729255556570185272/222294461199595365530670293585445822251916806369269068960388198552447501473494022567441289089121146701301484559924162590916920749825895632243821, -203693635735030484611289420529684332977231236609770968609658997685879301872145428878417761054459605097157921221255471462476557165883371000040352422742609480440910192391/1532182444584625430522053640966949522162900469976974025306805278617985490890067196018356821497431708795152828839521199367515726923601189555518712176548207184211171999681, 13759814021486795404747/53204488455197886531006, 148806046577983281113848588150826064097379769030/757718358557121455203315761111786325352692030223, -357087015101270642978332168300113340146994019825663247915389686057915258/807312779535425378917371878749503461608945122106412157690174088874784949, -375438234766464064543409167888374500460804458739472028153779071029418685815904636568762764740409/797205466098643513645211574955796411481717164679544325815787055978454203015429672195986050402841, -77189884570206107022339120654930213387226007284497744500464790329630897542394327635425785274498125559677000650818374939/161829767334482789690088329361559930754756731483525101467701369958081000742502938433509614359405883823262579459428892166, -179482510876595178058346397819003154215155710698937717428560554184184494849076941811603369642377242462774749679763577787816392226408971567201461/666883383598786096592010880756337466755750419107807206881164595657342504420482067702323867267363440103904453679772487772750762249477686896731463, -638436061062970694716513025158281705821806024720107019844138816527624651979673172552066238816086885603042363832112539121871863294258663640004095930972444294441184073493/1532182444584625430522053640966949522162900469976974025306805278617985490890067196018356821497431708795152828839521199367515726923601189555518712176548207184211171999681, 148326438575265196927225439009277362866001454521314624877700307409380310502250833207678824802085285260596908842003632889416065290445969488590722742941517169414992088669339529185043598819827267/1602873746310540735712680171848598096396764175968222316416510743640865208913388808372096903598016376736940067288139900789734771972207256865877612644810510186519344858463592979873635927063838356, 103927868969413594055410/239420198048390489389527, -324044614091314161445640610345051995032170064636/757718358557121455203315761111786325352692030223, -25103049628832523740946543875903386861182461046390368947488840748607528/807312779535425378917371878749503461608945122106412157690174088874784949, -113093473513375114703849753708593744713605803499594050767594440344366697020365702059900423457682/797205466098643513645211574955796411481717164679544325815787055978454203015429672195986050402841, -181949435195408462703058847557387128902374816967813060626429693930190665206210888415934571923288225438662232599364606193/566404185670689763915309152765459757641648560192337855136954794853283502598760284517283650257920593381419028108001122581, 163971006673991813045118626078364728264084582534404092198897697961594151946220125821680452465407046997484234361329548320577892503524172513669072/666883383598786096592010880756337466755750419107807206881164595657342504420482067702323867267363440103904453679772487772750762249477686896731463, -374818438379344990110790235228473866700638675791146346987597363662445870029171787750341633640194390242074300516626458370556845377885811177370457593969666609487364966562/1532182444584625430522053640966949522162900469976974025306805278617985490890067196018356821497431708795152828839521199367515726923601189555518712176548207184211171999681, 166574776617639543579065514240916402300201893708662541918758422255155447294986495653667743854566876318815516589067986497815034187465330802684956767875574542898631692247591846292623233792666053/801436873155270367856340085924299048198382087984111158208255371820432604456694404186048451799008188368470033644069950394867385986103628432938806322405255093259672429231796489936817963531919178, 309854073084539512829946466360451622169534323636112815203251246292053596682147459090196315087060907469917027520984780226264977435650349252083578220191446753864044241140092738429218908514534195037317877550747722166194/2621563626640109378054418461508605332718075615112565005450342758354941670553640324730139514682934759548281875290724897653728581051911229987275772857426441207782959537995731476072523278002166928014557148760783945112039] }
(hist.len, cnt): (905, 7142)
[(0, 1), (0, 1), (0, 1), (0, 1), (0, 1), (0, 1), (0, 1), (0, 1), (0, 1), (0, 1), (0, 1), (0, 1), (0, 1), (0, 1), (0, 1), (0, 1), (0, 1), (0, 1), (0, 1), (0, 1), (0, 1), (0, 1), (0, 1), (0, 1), (0, 1), (0, 1), (0, 1), (0, 1), (0, 1), (0, 1), (0, 1), (0, 1), (0, 1), (0, 1), (0, 1), (0, 1), (0, 1), (0, 1), (0, 1), (0, 1), (0, 1), (0, 1), (0, 1), (0, 1), (0, 1), (0, 1), (0, 1), (0, 1), (0, 1), (0, 1), (0, 1), (0, 1), (0, 1), (0, 1), (0, 1), (0, 1), (0, 1), (0, 1), (0, 1), (0, 1), (0, 1), (0, 1), (0, 1), (0, 1), (0, 1), (0, 1), (0, 1), (0, 1), (0, 1), (0, 1), (0, 1), (0, 1), (0, 1), (0, 1), (0, 1), (0, 1), (0, 1), (0, 1), (0, 1), (0, 1), (1, 2), (0, 2), (0, 2), (1, 2), (0, 2), (0, 2), (0, 2), (0, 1), (0, 2), (0, 2), (0, 2), (0, 2), (0, 2), (0, 2), (0, 2), (0, 2), (0, 2), (0, 1), (1, 2), (0, 2), (0, 2), (0, 2), (0, 2), (0, 2), (0, 1), (0, 2), (0, 1), (0, 2), (0, 2), (0, 2), (0, 2), (0, 2), (0, 1), (0, 2), (0, 1), (0, 2), (0, 1), (0, 2), (0, 1), (0, 2), (0, 2), (0, 2), (0, 1), (0, 2), (1, 2), (0, 2), (0, 2), (0, 2), (1, 2), (0, 2), (0, 2), (0, 2), (0, 2), (0, 2), (1, 2), (0, 2), (0, 2), (0, 2), (0, 1), (0, 2), (0, 2), (0, 2), (1, 2), (0, 3), (1, 3), (0, 3), (1, 2), (0, 3), (0, 2), (1, 2), (0, 3), (1, 2), (0, 3), (1, 3), (0, 3), (1, 2), (0, 3), (0, 2), (1, 2), (0, 3), (1, 2), (0, 3), (0, 3), (1, 2), (0, 3), (1, 2), (0, 3), (1, 3), (0, 2), (0, 3), (0, 1), (0, 2), (1, 3), (0, 3), (0, 3), (0, 2), (0, 3), (0, 3), (0, 3), (0, 1), (0, 2), (0, 3), (0, 3), (0, 3), (0, 3), (0, 2), (0, 2), (1, 2), (0, 3), (0, 3), (0, 3), (1, 2), (0, 3), (0, 3), (0, 3), (0, 3), (0, 3), (1, 2), (0, 3), (1, 3), (0, 3), (0, 3), (0, 2), (1, 2), (1, 3), (0, 4), (0, 3), (2, 3), (0, 4), (0, 4), (0, 3), (0, 2), (0, 4), (1, 3), (0, 4), (0, 4), (0, 4), (0, 2), (0, 4), (0, 4), (0, 4), (1, 2), (0, 4), (0, 3), (1, 3), (0, 4), (0, 3), (0, 2), (1, 2), (0, 4), (1, 2), (2, 3), (0, 4), (0, 3), (2, 3), (1, 4), (0, 4), (0, 3), (1, 2), (0, 3), (0, 4), (1, 3), (0, 4), (2, 3), (0, 4), (1, 3), (0, 4), (1, 2), (0, 4), (1, 3), (1, 3), (0, 4), (2, 3), (0, 4), (1, 2), (0, 4), (1, 3), (0, 4), (0, 4), (0, 4), (2, 3), (1, 4), (0, 4), (1, 3), (1, 5), (2, 4), (0, 5), (1, 4), (0, 5), (1, 2), (0, 5), (1, 3), (2, 3), (2, 4), (3, 4), (0, 5), (2, 5), (0, 5), (1, 5), (2, 3), (1, 5), (2, 3), (0, 4), (0, 5), (1, 2), (1, 4), (1, 5), (0, 4), (3, 4), (0, 5), (1, 2), (1, 3), (2, 3), (0, 5), (1, 2), (0, 3), (1, 2), (0, 3), (0, 4), (0, 5), (2, 3), (0, 5), (1, 3), (0, 5), (1, 2), (0, 5), (1, 5), (0, 5), (2, 3), (3, 4), (0, 5), (2, 5), (0, 4), (0, 5), (1, 2), (0, 4), (1, 2), (1, 3), (2, 3), (0, 5), (0, 5), (0, 5), (1, 2), (0, 5), (0, 4), (0, 3), (0, 5), (1, 2), (0, 3), (0, 4), (0, 4), (3, 4), (0, 5), (3, 4), (0, 5), (2, 3), (0, 4), (1, 6), (0, 1), (1, 2), (0, 5), (4, 5), (1, 6), (0, 1), (1, 2), (0, 3), (0, 4), (2, 3), (4, 5), (3, 5), (4, 5), (1, 6), (0, 1), (2, 3), (2, 4), (3, 4), (1, 6), (2, 3), (1, 4), (3, 4), (1, 6), (2, 4), (3, 4), (1, 6), (2, 3), (4, 5), (1, 6), (0, 1), (0, 5), (2, 3), (1, 4), (3, 4), (1, 5), (2, 5), (1, 6), (0, 1), (0, 4), (1, 6), (0, 1), (1, 2), (3, 4), (2, 5), (3, 4), (1, 6), (0, 1), (3, 4), (1, 6), (0, 1), (1, 2), (0, 4), (1, 3), (2, 3), (4, 5), (1, 6), (0, 1), (2, 4), (1, 6), (1, 5), (2, 3), (1, 6), (0, 1), (2, 4), (3, 4), (1, 6), (0, 1), (4, 5), (1, 6), (4, 5), (3, 5), (4, 5), (2, 6), (3, 5), (1, 6), (3, 4), (1, 6), (0, 1), (1, 3), (1, 6), (0, 1), (1, 3), (2, 3), (1, 6), (0, 1), (3, 4), (2, 5), (1, 6), (0, 1), (0, 3), (1, 2), (0, 4), (2, 4), (1, 6), (0, 1), (2, 3), (1, 5), (4, 5), (1, 6), (2, 3), (2, 4), (1, 6), (2, 3), (1, 6), (0, 1), (2, 3), (4, 6), (5, 6), (2, 7), (1, 2), (5, 6), (2, 7), (0, 2), (1, 2), (3, 5), (2, 7), (0, 2), (1, 2), (3, 6), (2, 3), (2, 7), (0, 2), (1, 2), (3, 4), (1, 6), (0, 1), (2, 3), (3, 5), (4, 5), (2, 7), (0, 2), (1, 2), (1, 3), (5, 6), (3, 7), (1, 3), (2, 3), (1, 4), (2, 3), (4, 5), (1, 6), (0, 1), (3, 4), (0, 5), (4, 5), (1, 6), (3, 5), (2, 7), (1, 2), (1, 6), (0, 1), (2, 3), (4, 5), (1, 6), (2, 5), (4, 5), (4, 6), (3, 4), (5, 6), (2, 7), (0, 2), (1, 4), (4, 5), (2, 7), (1, 2), (3, 5), (3, 6), (2, 7), (1, 2), (3, 4), (4, 6), (2, 7), (0, 2), (3, 4), (2, 5), (3, 4), (2, 5), (4, 5), (2, 7), (0, 2), (1, 3), (1, 4), (1, 3), (2, 7), (0, 2), (2, 4), (0, 5), (3, 5), (1, 6), (1, 3), (0, 5), (1, 6), (0, 1), (2, 4), (5, 6), (2, 7), (0, 2), (3, 5), (3, 7), (0, 3), (1, 2), (4, 5), (5, 6), (2, 7), (0, 2), (4, 5), (2, 7), (0, 2), (3, 4), (1, 5), (3, 6), (2, 3), (2, 7), (0, 2), (2, 5), (3, 5), (2, 7), (1, 2), (4, 6), (5, 6), (3, 7), (5, 6), (5, 7), (3, 8), (0, 3), (3, 7), (2, 3), (4, 6), (2, 7), (0, 2), (1, 2), (3, 7), (5, 7), (3, 8), (4, 6), (5, 7), (4, 8), (2, 4), (1, 6), (0, 1), (1, 2), (1, 5), (2, 3), (6, 7), (4, 6), (3, 4), (0, 5), (3, 4), (3, 5), (1, 6), (0, 1), (1, 2), (3, 5), (3, 8), (0, 3), (1, 2), (2, 3), (4, 5), (1, 6), (5, 6), (4, 5), (2, 7), (3, 4), (4, 5), (3, 6), (4, 6), (3, 8), (1, 3), (2, 7), (0, 2), (1, 5), (3, 8), (0, 3), (3, 4), (2, 7), (0, 2), (3, 4), (4, 6), (3, 8), (0, 3), (1, 2), (0, 5), (2, 3), (5, 6), (2, 7), (0, 2), (3, 5), (3, 8), (0, 3), (2, 3), (1, 5), (3, 4), (1, 6), (3, 5), (4, 5), (3, 6), (4, 5), (3, 7), (2, 3), (1, 3), (2, 3), (2, 5), (5, 7), (3, 5), (3, 5), (3, 8), (0, 3), (1, 4), (0, 5), (1, 6), (1, 3), (4, 6), (5, 6), (2, 7), (0, 2), (1, 3), (2, 7), (0, 2), (2, 4), (3, 4), (2, 5), (3, 7), (2, 3), (4, 5), (3, 8), (1, 3), (3, 4), (4, 5), (3, 7), (4, 5), (3, 8), (0, 3), (1, 2), (4, 5), (4, 6), (3, 7), (6, 7), (3, 8), (0, 3), (2, 3), (3, 4), (5, 6), (3, 8), (0, 3), (3, 5), (4, 5), (2, 6), (1, 2), (2, 3), (3, 4), (5, 7), (4, 5), (3, 8), (0, 3), (1, 3), (2, 3), (1, 5), (4, 6), (3, 7), (1, 3), (2, 3), (0, 4), (5, 7), (6, 7), (5, 8), (1, 5), (0, 3), (1, 2), (0, 5), (1, 4), (5, 6), (3, 8), (0, 3), (1, 3), (2, 3), (3, 5), (4, 5), (2, 7), (0, 2), (0, 4), (1, 2), (5, 6), (5, 7), (1, 5), (2, 3), (2, 4), (7, 8), (4, 9), (0, 4), (3, 6), (4, 5), (3, 7), (0, 3), (1, 3), (2, 3), (5, 8), (1, 5), (3, 4), (4, 9), (0, 4), (1, 2), (2, 3), (1, 4), (4, 9), (0, 4), (2, 3), (2, 4), (4, 5), (4, 6), (4, 8), (5, 9), (2, 5), (2, 4), (1, 5), (2, 4), (2, 5), (6, 8), (7, 8), (4, 9), (0, 4), (2, 4), (4, 6), (5, 6), (6, 8), (2, 6), (1, 4), (6, 7), (4, 9), (0, 4), (2, 5), (3, 4), (3, 5), (4, 5), (4, 7), (3, 4), (5, 6), (2, 5), (4, 5), (3, 8), (1, 3), (2, 4), (4, 5), (4, 6), (5, 7), (2, 5), (6, 7), (5, 6), (5, 9), (2, 5), (2, 6), (1, 2), (3, 7), (1, 3), (2, 3), (2, 6), (3, 5), (4, 5), (6, 7), (4, 9), (1, 4), (2, 3), (3, 4), (4, 9), (0, 4), (4, 5), (3, 8), (2, 3), (4, 9), (0, 4), (1, 3), (5, 6), (6, 9), (2, 6), (1, 2), (0, 2), (1, 2), (0, 4), (1, 2), (2, 3), (1, 6), (0, 3), (1, 2), (7, 8), (4, 9), (0, 4), (2, 3), (1, 4), (2, 3), (0, 5), (4, 9), (0, 4), (3, 4), (5, 6), (3, 7), (6, 9), (4, 6), (3, 5), (1, 3), (4, 5), (1, 6), (0, 1), (2, 7), (0, 2), (1, 3), (4, 5), (3, 8), (0, 3), (0, 2), (3, 4), (2, 6), (3, 4), (4, 7), (3, 4), (6, 8), (5, 6), (5, 9), (1, 5), (2, 4), (3, 4), (2, 5), (3, 4), (7, 9), (5, 7), (1, 5), (1, 4), (2, 3), (2, 4), (3, 4), (0, 5), (4, 5), (3, 8), (1, 3), (2, 4), (3, 4), (4, 5), (4, 9), (0, 4), (4, 9), (0, 4), (2, 6), (5, 6), (4, 7), (3, 4), (3, 8), (0, 3), (3, 4), (4, 5), (5, 6), (3, 5), (5, 6), (4, 9), (0, 4), (2, 5), (6, 7), (5, 6), (4, 5), (5, 9), (1, 5), (2, 3), (4, 5), (3, 8), (0, 3), (1, 2), (1, 3), (5, 6), (4, 5), (5, 7)]
