results/deeplll05/svpchallengedim40seed2dim15delta1.txt: 65.171 sec
b: [[911081113, -1008266732, 4342830411, -1093556078, -5954466876, 1570493539, -2860886178, 4768098692, -2646047084, 152766116, 2766701359, 29534054, -15234, 0, 0],
 [-1900329318, -244371088, 2491921127, -1225907173, -2356719241, -2393117767, -5838127238, -2452947798, -6416556622, 1527539285, 2649238908, 31154455, -16064, 0, 0],
 [2277211506, 2086757, -1860583947, -7484417083, -4479677016, 2935310288, -1130178408, 3318167142, 3476662054, 2433059108, 1131157875, -51410741, 26609, 0, 0],
 [4674154132, -3051765195, 3916345424, -4348990601, -1430580533, 673229109, -2884215914, -1224498735, -3854278303, 8238555957, -133125432, 84719410, -43737, 0, 0],
 [867609668, -3296616142, 4617989916, 3222712637, 4981251084, 2377636934, 803216103, -1162552503, 1011677144, 329449231, 6552030360, 77020002, -39776, 0, 0],
 [-4542129377, 2241332803, -336498888, -7261123846, 231353287, 1149191634, 1898430764, 884754912, 1192962832, -3432585375, -6019876801, -95950409, 49588, 0, 0],
 [2264561907, 1529257104, 2410074601, -1615910427, 1904070752, 5359805193, 2600674011, -203373897, -7087218395, 248725728, -796870148, 43013803, -22263, 0, 0],
 [467901037, 1722822466, 2282270852, 4247027513, 130705474, 4115652658, 4329428735, -3903927523, 2850288097, -1692741019, -7083080988, 130490326, -67436, 0, 0],
 [2251364526, 42148955, -1935018464, -968323161, 3001900339, -3436321286, 899680542, -2082851933, -2486133091, -9122215181, -202431407, -21174630, 10771, 0, 0],
 [-5126275673, 739321701, 4519168119, 30108230, -2528307271, 828768883, 3514208563, 2257985568, -2706083835, -2072981489, 3368015227, -113341391, 58384, 0, 0],
 [1457759519, -4233761261, 542305693, -885613510, -3116963283, 2159398187, -604227083, 697550647, 4588832739, 4732134774, 2878466382, 164611420, -84495, 0, 0],
 [4960272162, -175680555, -3258243884, -4471416486, 2417222999, 615425054, -396803304, -4547717058, -2871985470, 1114352174, -5062047934, -495810250, 254366, 0, 0],
 [-1766782658, 2087120666, 3067292619, 3695216367, -5517023474, 4735678447, -1639112554, 3222428930, -406633641, 181606471, 7410887985, 102408474, -51924, 0, 0],
 [4018224775, -919634063, -1531622026, 2538930704, -1388229978, 258722189, 2581434471, 1429818771, 537957648, -452131874, 810708619, -228758911, 117113, 1, 0],
 [-1339237083, 705108746, -3661049397, 2661781657, 1294583457, -3415096570, 1319593382, -1224711117, -3614736188, 4308277637, -833595815, -159022483, 81623, 0, 1]], shape=[15, 15], strides=[15, 1], layout=Cc (0x5), const ndim=2
v_norms: [105424683392718777108, 335472982358684465152799325912951347243/3765167264025670611, 210723263586273693230073349215800651246094677573133813170761/2348310876510791256069595281390659430701, 80521355720593426292934113746657137055986075008844008599026670229537835931559381/842893054345094772920293396863202604984378710292535252683044, 7400448982573686102883451766627338170356475727112967958453059068817031007310948226501581971603209014/80521355720593426292934113746657137055986075008844008599026670229537835931559381, 280878780974754007536882468376139824585881156683042533551545055871304507399947131280929051015719672807291164340534113958/3700224491286843051441725883313669085178237863556483979226529534408515503655474113250790985801604507, 9398885584652562282366901308333592074096276176510326112399648565268888288585544052415196386925606832862225911906933414208535337281347212449/140439390487377003768441234188069912292940578341521266775772527935652253699973565640464525507859836403645582170267056979, 1050706016370450320435971651374893584865340005340453808927348483583827246111032096277104617441947827753802109672750483632216032092149011266990698402543274107455/18797771169305124564733802616667184148192552353020652224799297130537776577171088104830392773851213665724451823813866828417070674562694424898, 14894417444268575315809034390761174633269520962322177034612835158518921236614799636807187910370675141706007805701217057797111320972684749168313366112129547274990365880481762686339/210141203274090064087194330274978716973068001068090761785469696716765449222206419255420923488389565550760421934550096726443206418429802253398139680508654821491, 337606231778367645794744001699927548186332683928116949406010873065380619829224016960056996192332808334856372472111709750518718680093442719509946506705605229563570535895581148482388152811754567284959/14894417444268575315809034390761174633269520962322177034612835158518921236614799636807187910370675141706007805701217057797111320972684749168313366112129547274990365880481762686339, 17901377235604109308970428145769663477392337568582804250904610528596123924731639356767635972712422013360507254832209152234402198804516558430632262891137536941320966756478068192523885287580441405528034443375050562907281/3376062317783676457947440016999275481863326839281169494060108730653806198292240169600569961923328083348563724721117097505187186800934427195099465067056052295635705358955811484823881528117545672849590, 6744651257902576974313494337261342130948818454783810458214709119242279791152234624261896302880832036365525642723097382146908774355104515528330893705979979181105410517654382528120591539592956090099223313119200465202501491067340461815935/17901377235604109308970428145769663477392337568582804250904610528596123924731639356767635972712422013360507254832209152234402198804516558430632262891137536941320966756478068192523885287580441405528034443375050562907281, 3468287585974050604774439085108554766681095904449490782532408558820799971446912200169098884155278262402657048060314007695099477058350627510176872515581723540506379642904992102434614917531819511246695382788173343454302248117102540610188816001/6744651257902576974313494337261342130948818454783810458214709119242279791152234624261896302880832036365525642723097382146908774355104515528330893705979979181105410517654382528120591539592956090099223313119200465202501491067340461815935, 1, 1], shape=[15], strides=[1], layout=CFcf (0xf), const ndim=1
Mu { arr: [3607215526179954775/7530334528051341222, 11704004809186127761/26356170848179694277, -134868600630446333036448672413793139925/335472982358684465152799325912951347243, 17393100941513011501/35141561130906259036, 305182816406675383597772773742328175155/670945964717368930305598651825902694486, 202393657725967755134969246153686450014286979127911902535407/421446527172547386460146698431601302492189355146267626341522, 396787417129542547/17570780565453129518, -8741093212710928428950539464786327573/335472982358684465152799325912951347243, -96535152298556885521125803815683280250285762722390383089404/210723263586273693230073349215800651246094677573133813170761, 24727085012936267964206843251084415649738107315901386398663620265085180443265796/80521355720593426292934113746657137055986075008844008599026670229537835931559381, -250517354880049364/1255055754675223537, -72182147533227932450353484410136455893/335472982358684465152799325912951347243, 90148342238041246438399826632067347828339912459293968916312/210723263586273693230073349215800651246094677573133813170761, -29763044245957987174474113832808454294273370777392274066692630587253811041872118/80521355720593426292934113746657137055986075008844008599026670229537835931559381, -1726029097028946218022800635353410102207506172067239852101649623374012735339709351158394330890271687/3700224491286843051441725883313669085178237863556483979226529534408515503655474113250790985801604507, 18012487600812702673/105424683392718777108, 48409804504519021208724986208725763641/670945964717368930305598651825902694486, -65722391733669476014736211815364256978390323416272408452837/421446527172547386460146698431601302492189355146267626341522, 34029895330891703635860460701834208114862697471360722636728149905568021043417197/80521355720593426292934113746657137055986075008844008599026670229537835931559381, -159212915005050879046825286898702873688173275319306434433112429857981816265180175731734348204975285/3700224491286843051441725883313669085178237863556483979226529534408515503655474113250790985801604507, 64659535228845558711639160774268082894978542809074672539268356658662161320707300895230351825296138127566579495637020970/140439390487377003768441234188069912292940578341521266775772527935652253699973565640464525507859836403645582170267056979, -409681614979987063/885921709182510732, -323565748822544903813830094300468531173/670945964717368930305598651825902694486, -183958631341127283793440004386046813320782914653420578069821/421446527172547386460146698431601302492189355146267626341522, 17515956305619982626197485520251599547707141245458253994486444857699044391910497/80521355720593426292934113746657137055986075008844008599026670229537835931559381, -2497029421578384650585249389271098440486967437832758012604728951065319158953823439066926639503054035/7400448982573686102883451766627338170356475727112967958453059068817031007310948226501581971603209014, 41605415900074494379805277192964418205506623419685601466689724222462050256379087074713983767689198426851600466250198556/140439390487377003768441234188069912292940578341521266775772527935652253699973565640464525507859836403645582170267056979, 923087905919778172331053289871773431584353948779025811357157689657743589899027131920687256169738281217537244155164920137487479891926407113/9398885584652562282366901308333592074096276176510326112399648565268888288585544052415196386925606832862225911906933414208535337281347212449, -36488259548256683897/105424683392718777108, 90678682307642166966416146895465890445/670945964717368930305598651825902694486, -119808468597125152400650824916098116848008573578332003735173/421446527172547386460146698431601302492189355146267626341522, -34000802577096408019366814054375937259449030669508877706604531554534719640942897/80521355720593426292934113746657137055986075008844008599026670229537835931559381, -428759285379283172583848714296800456215822911434101476448711330926710536405604009159354641799730927/7400448982573686102883451766627338170356475727112967958453059068817031007310948226501581971603209014, 23229460441762202733572169114171931888168156246850934703211064623316378000285192227579741518094872550576211248061180318/140439390487377003768441234188069912292940578341521266775772527935652253699973565640464525507859836403645582170267056979, 2817441607872560275173300072609788280924929685095854915496491318769004612225636527580001737108023236925795374419564395727920198495656891758/9398885584652562282366901308333592074096276176510326112399648565268888288585544052415196386925606832862225911906933414208535337281347212449, -76142201082984123315316833401427737727638317493010167543475540236859224117474081878795199477826789751493511075298069695218890518716557123054051011093130277413/210141203274090064087194330274978716973068001068090761785469696716765449222206419255420923488389565550760421934550096726443206418429802253398139680508654821491, 7900783911189778317/17570780565453129518, -3336686995337041141245887299087431534/335472982358684465152799325912951347243, -82354978833654185896216582159689645068222094322897008171398/210723263586273693230073349215800651246094677573133813170761, -25876317923943516838954424926039074705772762182341280591899207954794352970538494/80521355720593426292934113746657137055986075008844008599026670229537835931559381, 1172508637105074743659079479039519836154902355257401911274489613673268984915890609039512673518563823/7400448982573686102883451766627338170356475727112967958453059068817031007310948226501581971603209014, 65830032278101757732839403723574240893852761094049520866276052148362296403691812197240802867094932500420833937732976420/140439390487377003768441234188069912292940578341521266775772527935652253699973565640464525507859836403645582170267056979, 1174246420884836154799649251362167093245469979340355714066926308462285960840752951574586057075216093159165717699020182155564218246552959251/9398885584652562282366901308333592074096276176510326112399648565268888288585544052415196386925606832862225911906933414208535337281347212449, -10761132697030721816472295833212163451088319438908863953856405144557879007868849684163578969668251845730423708455771848437135959981353019359325528222762988829/210141203274090064087194330274978716973068001068090761785469696716765449222206419255420923488389565550760421934550096726443206418429802253398139680508654821491, -4685191160524045835790303696642714915620272419136553481778403659213937159727304338257265016486465157828461356725936773695673027405608366591249666635150551791746235759735337421555/14894417444268575315809034390761174633269520962322177034612835158518921236614799636807187910370675141706007805701217057797111320972684749168313366112129547274990365880481762686339, 32475659105415258857/105424683392718777108, -191614546701552269906640184624127080721/670945964717368930305598651825902694486, 179846216236940878221026418013503813093818702868629044340955/421446527172547386460146698431601302492189355146267626341522, 25752105142946484347529771142593725616345266655695358255682488707003834540571591/80521355720593426292934113746657137055986075008844008599026670229537835931559381, 1409989770946644992484928293373752153765928808434956733972311980106578856893216864678923352032092004/3700224491286843051441725883313669085178237863556483979226529534408515503655474113250790985801604507, -90619054662998304837141212711537856441639209273575123697338087643428571673160929211526502503388917374329642963451872133/280878780974754007536882468376139824585881156683042533551545055871304507399947131280929051015719672807291164340534113958, -3933975702695525686286634829126724988262216239110782160003250258166980046854402767241796541299392815950959380810756627219970091729897237259/9398885584652562282366901308333592074096276176510326112399648565268888288585544052415196386925606832862225911906933414208535337281347212449, 83624275570749262239655941473885771889074449190319948006396151997923466705401729848141893202871561218672319296370176258629340517798615142467002296558466276146/350235338790150106811990550458297861621780001780151269642449494527942415370344032092368205813982609251267369890916827877405344030716337088996899467514424702485, -2783521322285715123970580159317627428657051090166803217919494809809541299854790785805580493047189648260189073142070081664982058629484101839862459797853002370355619896335609380978/14894417444268575315809034390761174633269520962322177034612835158518921236614799636807187910370675141706007805701217057797111320972684749168313366112129547274990365880481762686339, 63552957861704704520009493107570673392176824438032473183046618279211810691922490616246061919857708445114796864413119281501781854880786394058222370540833758636538504600775829680695184413446882033856/337606231778367645794744001699927548186332683928116949406010873065380619829224016960056996192332808334856372472111709750518718680093442719509946506705605229563570535895581148482388152811754567284959, -7464932473804249113/17570780565453129518, 84494896483414041913759678885270734972/335472982358684465152799325912951347243, 101206139503842436957045363000123411740080117688722141588647/210723263586273693230073349215800651246094677573133813170761, 38960440429290747055754977361639867024227277777608503136709753800408137009181016/80521355720593426292934113746657137055986075008844008599026670229537835931559381, -2794048679365072223526653012382658662607225543208545466081311049013788260039936883775559522617782485/7400448982573686102883451766627338170356475727112967958453059068817031007310948226501581971603209014, 32372098203073955752411953043893950558129604048037488214576606639424752149187283758295214739195293411971136421527231789/280878780974754007536882468376139824585881156683042533551545055871304507399947131280929051015719672807291164340534113958, 4279728040444809157978663032136860239172495149966407448067943763968448920465274175051695846794876573545582663350515911012163721663979957060/9398885584652562282366901308333592074096276176510326112399648565268888288585544052415196386925606832862225911906933414208535337281347212449, 33246862758132293795945509505157053563426949951971773362184891856259468825391701937294364500599052349899818462542629855730154373427055777223605054775865169467/1050706016370450320435971651374893584865340005340453808927348483583827246111032096277104617441947827753802109672750483632216032092149011266990698402543274107455, 7427258725489870245442914526049417537038037173916343800010436441319648538616250965942416877078591299750725629763078641723963231405913443622876755204174193156387556928339888512334/14894417444268575315809034390761174633269520962322177034612835158518921236614799636807187910370675141706007805701217057797111320972684749168313366112129547274990365880481762686339, -124428204328772785771615074992743636967964709805576490647821663042446436475703219242129683029157253204126489959555255077102079924466152003620906957670786754715534987511146194076421966060149734269746/337606231778367645794744001699927548186332683928116949406010873065380619829224016960056996192332808334856372472111709750518718680093442719509946506705605229563570535895581148482388152811754567284959, 6952257228578542513573101044905734926226561489220690428006798302984087362062608270898731612599322518795500800664595607987356631030110178995525605477936241051712907778390639155420886258316237584428166513199868730420859/17901377235604109308970428145769663477392337568582804250904610528596123924731639356767635972712422013360507254832209152234402198804516558430632262891137536941320966756478068192523885287580441405528034443375050562907281, 87518661726785170153/105424683392718777108, -76099734780607007504088009811204333459/670945964717368930305598651825902694486, -102122212191694848252494006969495681004716226566806354379631/421446527172547386460146698431601302492189355146267626341522, -27828585242678527508669928450378207886483594196234476928470924716244851489175077/80521355720593426292934113746657137055986075008844008599026670229537835931559381, 3424238375536977508455959344893002969719695982397648257030124032542269887612084000758171680805757763/7400448982573686102883451766627338170356475727112967958453059068817031007310948226501581971603209014, -45801679938705320009802260098302927480875587455937176487849371476536024303808625964462624874616733016550667044890690442/140439390487377003768441234188069912292940578341521266775772527935652253699973565640464525507859836403645582170267056979, 2410403732845708338657589471542014141198328537206015177176051368141826895259040127885291003167418883079060797077952735853035648680442923784/9398885584652562282366901308333592074096276176510326112399648565268888288585544052415196386925606832862225911906933414208535337281347212449, 89843296186634141970739004237529362188983575402851976273703777518247244744740491392099185065176294909599731646507456339078192218726258646582243362431497931553/210141203274090064087194330274978716973068001068090761785469696716765449222206419255420923488389565550760421934550096726443206418429802253398139680508654821491, -7347738211768852251696054138322828752971387334870799820867648649940526747129631002424879332937637108972610114782189908262742907956658733860721988080332406327885720762623664489676/14894417444268575315809034390761174633269520962322177034612835158518921236614799636807187910370675141706007805701217057797111320972684749168313366112129547274990365880481762686339, 59883507998258800776823662064512307698962128241101589441581817714364927234518080122129288762163309402585722311552094768343114973772541708355704748327000563595994018769151121099780626825710252895334/337606231778367645794744001699927548186332683928116949406010873065380619829224016960056996192332808334856372472111709750518718680093442719509946506705605229563570535895581148482388152811754567284959, -6857426210054264117286436326690605137859506639366547273887497627886285543448100659829907646517434736640116910363273761665224224073798382333508027058719735394686524426247932299251025734601547923421000752437813618208500/17901377235604109308970428145769663477392337568582804250904610528596123924731639356767635972712422013360507254832209152234402198804516558430632262891137536941320966756478068192523885287580441405528034443375050562907281, -1401128977834669870268599072437751742190873555149084017078225242878498520002375613507305525079764425607954267984593231556572585710442108017756855726588728563418213774309301452036790457391217311070874090119173116840900260421280238992052/6744651257902576974313494337261342130948818454783810458214709119242279791152234624261896302880832036365525642723097382146908774355104515528330893705979979181105410517654382528120591539592956090099223313119200465202501491067340461815935, 4008645838784045155/105424683392718777108, -257446941539569206852743046105351831469/670945964717368930305598651825902694486, -56475225179769355697551590174054337109762180760088445533683/421446527172547386460146698431601302492189355146267626341522, 9210799446171238288126456160815589172294217523878890606318536487069757305816599/80521355720593426292934113746657137055986075008844008599026670229537835931559381, -194689211312967884146963609919847751668515160944678604132077923318134622703284762637240567604642829/7400448982573686102883451766627338170356475727112967958453059068817031007310948226501581971603209014, -123053993154523256485841660537186880748090000974142794126952496865110512457796031944659265297371489658593623156329137233/280878780974754007536882468376139824585881156683042533551545055871304507399947131280929051015719672807291164340534113958, 1542017519474777515108654191504370121454338301062832349270879763702273852154214216371214696155951514629649144445618001206086900587819552366/9398885584652562282366901308333592074096276176510326112399648565268888288585544052415196386925606832862225911906933414208535337281347212449, -23272893352596578751136805459477032352814285243916452654026876466336637755120945118754465718075548809141675432672872970073342914335124543353025601150956036417/350235338790150106811990550458297861621780001780151269642449494527942415370344032092368205813982609251267369890916827877405344030716337088996899467514424702485, 430968171930967742029788459414646261578949877120779744383934715205767048255430256763998460179485771655877809135524485928925097417990396637368443452625557175229768079728764173261/2127773920609796473687004912965882090467074423188882433516119308359845890944971376686741130052953591672286829385888151113873045853240678452616195158875649610712909411497394669477, 85401392003374731083547090018544191993199553517831518921199836975254431213869873975094234647304798422440901490639737297280973522434891384907051991395656540793035541253566527194692213163235619752629/337606231778367645794744001699927548186332683928116949406010873065380619829224016960056996192332808334856372472111709750518718680093442719509946506705605229563570535895581148482388152811754567284959, 5187349858988366496421868292101359075399246778251497882171484090214559854200612889039468829830379467027602355303339411310347670892229299203902481135234460821192394049787571043402749490115577444041522166678029216139113/17901377235604109308970428145769663477392337568582804250904610528596123924731639356767635972712422013360507254832209152234402198804516558430632262891137536941320966756478068192523885287580441405528034443375050562907281, 2967710908356692241039130423594070737471541254452902023408658877655041328935195181821268746364531175716920436353953352827788675767450169900482489422312325236607963825491761692426854971433413889936233573631764191020357246269110694553996/6744651257902576974313494337261342130948818454783810458214709119242279791152234624261896302880832036365525642723097382146908774355104515528330893705979979181105410517654382528120591539592956090099223313119200465202501491067340461815935, -606068279240325689406361519908566814144920062370333806238603603642344513570788023995033823686978882493446857881952951333/1862333908291971846728892702367709548909033201502282088409025244582901344757537354732760419115383647972932235283186626751, -11838664362150119717/35141561130906259036, 263436744506014427619087058322384217471/670945964717368930305598651825902694486, -50353208493533888210069858013139900863224101823658553672061/421446527172547386460146698431601302492189355146267626341522, 13111473385751366279638097959289606000650002355088616040914898904221958671996139/80521355720593426292934113746657137055986075008844008599026670229537835931559381, -2149019366663905315586809443246733856659738412587257358458490973989021882894637549546457293178603419/7400448982573686102883451766627338170356475727112967958453059068817031007310948226501581971603209014, -52502990162157458014377310678995643985485850522119740316402893061382117972543984982435531811103440311858393318119396273/140439390487377003768441234188069912292940578341521266775772527935652253699973565640464525507859836403645582170267056979, 44729032933007344117416966461015332678183933646058368931071618146603509445733921659818614881222119855256327544380237999035888673637996634/408647199332720099233343535144938785830272877239579396191289068055169056025458437061530277692417688385314170082910148443849362490493357063, -385369052643283703216771966524370993701378107276555449478120532111550835100963267875645475681381539532994652856386549995638266587892177662965118850349076228237/1050706016370450320435971651374893584865340005340453808927348483583827246111032096277104617441947827753802109672750483632216032092149011266990698402543274107455, -6143987571971533150323449609795579671453419441555726156930603330859979506342812339813394823690220800717108206531877363291602725174337625059660978569480672163115882006264322104498/14894417444268575315809034390761174633269520962322177034612835158518921236614799636807187910370675141706007805701217057797111320972684749168313366112129547274990365880481762686339, 122834277790681061025287350726731364266977736296137891820077316401587024196759816350780340225373634552414575394424973580253349806498237205344139271330993628873526680803039071949706143548596294486615/337606231778367645794744001699927548186332683928116949406010873065380619829224016960056996192332808334856372472111709750518718680093442719509946506705605229563570535895581148482388152811754567284959, 5142255988610143779273695604454802070477989067416967395293059367112096783377997709841965041711708007984369324914677811531707812280640982756482740727346742517994849924134080066011578133919552518257325469314585090922016/17901377235604109308970428145769663477392337568582804250904610528596123924731639356767635972712422013360507254832209152234402198804516558430632262891137536941320966756478068192523885287580441405528034443375050562907281, 1285802895571993224566884058378849332379807414078357442163432871423907804701234797397652508722320082357612434785755885432510094088764384818210082741879704026522744696064122932024982623912099251163260802113763016878944077535175990109233/6744651257902576974313494337261342130948818454783810458214709119242279791152234624261896302880832036365525642723097382146908774355104515528330893705979979181105410517654382528120591539592956090099223313119200465202501491067340461815935, -606520537066650095976495265001490027092039143225805031002370251325477955701252251571511944793024838996699904156613280384/1862333908291971846728892702367709548909033201502282088409025244582901344757537354732760419115383647972932235283186626751, 0] }
(hist.len, cnt): (1185, 10791)
[(0, 1), (0, 1), (0, 1), (0, 1), (0, 1), (0, 1), (0, 1), (0, 1), (0, 1), (0, 1), (0, 1), (0, 1), (0, 1), (0, 1), (0, 1), (0, 1), (0, 1), (0, 1), (0, 1), (0, 1), (0, 1), (0, 1), (0, 1), (0, 1), (0, 1), (0, 1), (0, 1), (0, 1), (0, 1), (0, 1), (0, 1), (0, 1), (0, 1), (0, 1), (0, 1), (0, 1), (0, 1), (0, 1), (0, 1), (0, 1), (0, 1), (0, 1), (0, 1), (0, 1), (0, 1), (0, 1), (0, 1), (0, 1), (0, 1), (0, 1), (0, 1), (0, 1), (0, 1), (0, 1), (0, 1), (0, 1), (0, 1), (0, 1), (0, 1), (0, 1), (0, 1), (0, 1), (0, 1), (0, 1), (0, 1), (0, 1), (0, 1), (0, 1), (0, 1), (0, 1), (0, 1), (0, 1), (0, 1), (0, 1), (0, 1), (0, 1), (0, 2), (0, 2), (0, 2), (0, 1), (0, 2), (0, 2), (1, 2), (0, 2), (0, 2), (0, 2), (0, 2), (0, 2), (0, 2), (0, 2), (1, 2), (1, 2), (0, 2), (0, 2), (0, 2), (0, 2), (0, 2), (0, 1), (0, 2), (0, 2), (0, 2), (0, 2), (0, 2), (0, 2), (0, 2), (0, 1), (0, 1), (0, 2), (0, 2), (0, 2), (0, 2), (0, 1), (0, 2), (0, 2), (0, 2), (0, 2), (0, 2), (0, 2), (0, 2), (0, 2), (1, 2), (0, 2), (0, 2), (0, 2), (0, 2), (0, 2), (0, 1), (0, 2), (0, 2), (1, 2), (0, 3), (0, 2), (1, 2), (0, 3), (0, 2), (0, 3), (0, 3), (0, 3), (1, 3), (0, 3), (1, 3), (0, 3), (0, 3), (1, 3), (0, 3), (0, 2), (0, 3), (0, 3), (0, 3), (1, 3), (0, 3), (1, 2), (0, 3), (1, 2), (1, 3), (0, 2), (0, 3), (0, 3), (1, 2), (0, 3), (0, 2), (1, 2), (0, 3), (0, 1), (1, 3), (0, 3), (1, 2), (0, 2), (0, 3), (0, 3), (0, 3), (0, 3), (0, 3), (1, 3), (0, 3), (0, 3), (1, 2), (0, 3), (1, 3), (0, 3), (0, 3), (0, 3), (0, 1), (1, 3), (0, 3), (1, 2), (0, 3), (0, 3), (1, 2), (0, 3), (1, 2), (0, 3), (0, 3), (1, 4), (0, 4), (0, 2), (0, 4), (0, 3), (1, 4), (0, 2), (1, 2), (0, 4), (1, 4), (1, 4), (2, 3), (0, 4), (0, 3), (1, 4), (0, 4), (0, 2), (1, 2), (2, 3), (0, 4), (1, 4), (1, 4), (1, 4), (1, 4), (2, 3), (1, 4), (0, 3), (1, 3), (0, 4), (1, 2), (1, 3), (1, 4), (0, 3), (0, 4), (1, 3), (0, 4), (0, 3), (1, 2), (0, 4), (1, 2), (0, 4), (0, 4), (0, 2), (0, 4), (1, 4), (1, 3), (0, 4), (1, 3), (1, 3), (0, 4), (1, 4), (1, 3), (0, 4), (0, 4), (1, 2), (1, 4), (0, 4), (0, 4), (0, 2), (0, 4), (1, 2), (0, 4), (2, 3), (0, 4), (1, 2), (1, 3), (0, 4), (1, 2), (0, 4), (1, 2), (2, 3), (1, 3), (2, 3), (0, 4), (0, 2), (1, 4), (0, 5), (1, 3), (0, 5), (1, 2), (1, 5), (2, 3), (0, 5), (0, 2), (0, 5), (1, 4), (0, 5), (1, 2), (2, 3), (0, 4), (0, 5), (1, 2), (0, 3), (3, 4), (0, 5), (1, 3), (0, 4), (1, 3), (0, 4), (1, 2), (3, 4), (0, 5), (2, 3), (1, 3), (2, 3), (1, 4), (0, 5), (3, 4), (0, 5), (2, 3), (0, 4), (2, 4), (1, 5), (0, 5), (1, 3), (1, 3), (0, 4), (2, 4), (3, 4), (1, 5), (2, 5), (0, 5), (0, 5), (1, 3), (2, 5), (0, 5), (1, 2), (0, 4), (0, 2), (3, 4), (0, 5), (1, 3), (1, 3), (0, 4), (2, 3), (0, 5), (2, 3), (1, 4), (0, 5), (3, 4), (1, 5), (2, 3), (3, 4), (0, 5), (0, 4), (1, 2), (0, 5), (1, 5), (1, 5), (0, 5), (1, 2), (0, 4), (1, 2), (2, 5), (1, 6), (0, 1), (2, 3), (3, 4), (2, 6), (3, 5), (1, 6), (0, 1), (2, 4), (1, 5), (3, 5), (4, 5), (2, 6), (1, 5), (1, 3), (1, 6), (0, 1), (2, 3), (1, 6), (0, 1), (3, 5), (1, 6), (2, 3), (1, 5), (3, 4), (2, 6), (3, 4), (1, 6), (0, 1), (3, 4), (1, 6), (0, 1), (2, 3), (2, 4), (1, 6), (0, 1), (0, 2), (1, 5), (1, 6), (0, 1), (1, 2), (1, 4), (1, 3), (3, 5), (1, 6), (0, 1), (0, 2), (3, 4), (0, 5), (1, 6), (0, 1), (2, 3), (1, 6), (0, 1), (1, 3), (2, 3), (1, 6), (0, 1), (2, 3), (3, 6), (2, 3), (2, 5), (1, 6), (0, 1), (1, 2), (2, 3), (0, 4), (1, 2), (1, 5), (2, 3), (0, 5), (1, 6), (0, 4), (2, 3), (4, 5), (1, 6), (0, 1), (1, 6), (0, 1), (2, 3), (2, 4), (0, 5), (1, 6), (0, 1), (2, 3), (2, 6), (2, 5), (1, 6), (0, 1), (0, 5), (3, 6), (1, 3), (2, 5), (4, 6), (1, 4), (4, 6), (2, 7), (0, 2), (1, 2), (3, 5), (1, 6), (4, 6), (2, 7), (0, 2), (4, 5), (1, 6), (0, 1), (1, 4), (3, 4), (5, 6), (2, 7), (0, 2), (3, 5), (1, 6), (0, 1), (4, 5), (1, 6), (0, 1), (1, 6), (3, 4), (1, 5), (1, 6), (0, 1), (5, 6), (2, 7), (0, 2), (2, 3), (2, 5), (3, 5), (1, 6), (0, 1), (1, 2), (2, 3), (1, 5), (1, 6), (4, 5), (3, 6), (2, 7), (1, 2), (1, 3), (3, 4), (1, 6), (0, 1), (1, 3), (0, 5), (2, 4), (2, 4), (4, 5), (1, 6), (0, 1), (3, 4), (5, 6), (4, 7), (2, 4), (4, 5), (2, 6), (2, 7), (2, 4), (3, 4), (2, 5), (2, 7), (1, 2), (0, 3), (1, 2), (1, 3), (1, 6), (0, 1), (1, 2), (3, 4), (2, 6), (3, 4), (4, 5), (2, 7), (0, 2), (2, 3), (1, 5), (2, 7), (0, 2), (4, 5), (2, 7), (0, 2), (3, 4), (2, 7), (1, 2), (2, 4), (3, 6), (2, 3), (3, 5), (4, 5), (2, 7), (0, 2), (2, 3), (4, 5), (1, 6), (4, 5), (2, 7), (0, 2), (3, 4), (2, 7), (0, 2), (1, 2), (3, 5), (4, 7), (0, 4), (1, 3), (0, 5), (2, 3), (5, 6), (2, 7), (0, 2), (0, 3), (5, 6), (2, 7), (1, 2), (4, 5), (3, 8), (1, 3), (1, 3), (1, 5), (2, 4), (3, 4), (5, 7), (2, 5), (3, 4), (6, 7), (3, 8), (0, 3), (3, 4), (0, 5), (4, 5), (3, 8), (0, 3), (1, 3), (4, 5), (3, 8), (0, 3), (2, 4), (2, 5), (3, 4), (1, 6), (0, 1), (3, 4), (1, 5), (3, 8), (0, 3), (1, 5), (3, 4), (1, 5), (4, 5), (1, 6), (3, 4), (3, 6), (2, 5), (3, 4), (4, 5), (6, 7), (3, 8), (1, 3), (1, 3), (2, 4), (5, 6), (6, 7), (3, 8), (1, 3), (3, 4), (4, 6), (2, 7), (0, 2), (1, 2), (1, 3), (0, 4), (2, 3), (5, 7), (3, 8), (0, 3), (1, 4), (3, 4), (3, 8), (1, 3), (2, 3), (2, 5), (4, 6), (3, 4), (3, 6), (2, 3), (4, 5), (2, 7), (0, 2), (3, 4), (2, 5), (4, 7), (1, 4), (3, 4), (3, 8), (0, 3), (1, 4), (1, 6), (0, 1), (4, 6), (2, 7), (0, 2), (2, 3), (5, 6), (3, 5), (3, 8), (2, 3), (3, 4), (5, 7), (1, 5), (3, 8), (1, 3), (2, 5), (3, 6), (3, 8), (0, 3), (2, 3), (0, 5), (1, 2), (1, 3), (5, 6), (3, 8), (1, 3), (3, 4), (5, 6), (2, 5), (3, 4), (4, 5), (3, 8), (0, 3), (1, 2), (3, 5), (3, 5), (1, 6), (4, 5), (4, 7), (3, 8), (0, 3), (0, 5), (2, 7), (3, 4), (6, 7), (5, 9), (3, 5), (3, 6), (5, 7), (4, 5), (3, 8), (0, 3), (1, 2), (2, 4), (0, 5), (4, 5), (6, 7), (3, 6), (2, 3), (4, 6), (3, 8), (0, 3), (1, 3), (3, 4), (2, 6), (2, 7), (0, 2), (2, 4), (3, 4), (2, 5), (3, 7), (2, 3), (4, 6), (1, 4), (4, 5), (3, 8), (0, 3), (1, 3), (2, 3), (3, 4), (4, 5), (3, 8), (0, 3), (2, 4), (2, 5), (3, 5), (3, 8), (0, 3), (2, 3), (4, 9), (0, 4), (2, 5), (4, 9), (1, 4), (3, 4), (4, 6), (3, 4), (3, 8), (2, 3), (3, 5), (6, 9), (3, 6), (4, 5), (2, 6), (1, 2), (6, 9), (3, 6), (1, 5), (2, 3), (2, 5), (2, 7), (0, 2), (3, 8), (4, 5), (5, 6), (4, 9), (0, 4), (3, 5), (3, 6), (2, 3), (6, 7), (7, 8), (4, 9), (0, 4), (2, 4), (3, 4), (5, 6), (3, 5), (6, 7), (8, 9), (4, 8), (1, 4), (0, 4), (1, 2), (0, 3), (1, 2), (1, 3), (5, 6), (4, 5), (5, 8), (3, 5), (2, 5), (2, 7), (0, 2), (3, 4), (4, 8), (1, 4), (2, 3), (1, 4), (4, 9), (0, 4), (2, 5), (4, 6), (3, 4), (3, 8), (0, 3), (2, 4), (0, 5), (4, 5), (6, 8), (3, 6), (1, 3), (4, 6), (4, 9), (0, 4), (2, 5), (4, 5), (2, 7), (1, 2), (4, 6), (3, 6), (4, 5), (3, 7), (5, 9), (2, 5), (0, 5), (1, 4), (3, 8), (0, 3), (4, 5), (4, 7), (2, 4), (5, 6), (5, 9), (2, 5), (2, 5), (3, 4), (2, 7), (0, 2), (1, 2), (4, 5), (1, 6), (0, 1), (4, 8), (4, 9), (0, 4), (2, 3), (1, 4), (4, 9), (1, 4), (2, 4), (6, 7), (3, 8), (2, 3), (2, 6), (4, 5), (4, 9), (1, 4), (2, 3), (3, 5), (2, 7), (0, 2), (3, 5), (4, 5), (4, 6), (0, 4), (2, 3), (2, 5), (4, 9), (0, 4), (2, 3), (1, 4), (2, 4), (2, 4), (1, 5), (2, 4), (3, 8), (1, 3), (2, 4), (4, 5), (4, 9), (0, 4), (3, 7), (3, 8), (0, 3), (2, 4), (2, 5), (3, 5), (4, 5), (6, 10), (2, 6), (2, 4), (5, 6), (3, 8), (0, 3), (1, 2), (5, 7), (6, 7), (5, 10), (0, 5), (2, 4), (5, 6), (2, 7), (1, 2), (2, 4), (3, 5), (5, 10), (0, 5), (3, 4), (6, 9), (3, 6), (5, 7), (4, 8), (3, 4), (5, 8), (5, 10), (1, 5), (2, 3), (4, 5), (4, 9), (1, 4), (5, 6), (7, 8), (8, 9), (5, 10), (1, 5), (1, 3), (4, 7), (4, 6), (6, 7), (7, 9), (5, 10), (0, 5), (0, 3), (7, 8), (5, 9), (4, 5), (5, 10), (0, 5), (1, 4), (5, 7), (4, 8), (1, 4), (2, 3), (6, 7), (5, 6), (5, 9), (3, 5), (1, 6), (8, 9), (7, 8), (6, 10), (2, 6), (3, 4), (3, 5), (3, 6), (1, 3), (2, 3), (5, 7), (4, 8), (1, 4), (3, 4), (1, 5), (2, 3), (7, 9), (4, 7), (1, 4), (2, 4), (3, 4), (8, 9), (5, 10), (0, 5), (3, 5), (4, 5), (4, 9), (1, 4), (3, 5), (4, 5), (5, 6), (3, 5), (6, 7), (5, 10), (0, 5), (1, 2), (0, 4), (5, 9), (8, 9), (6, 8), (5, 10), (0, 5), (1, 2), (0, 3), (5, 6), (4, 5), (3, 8), (2, 3), (3, 4), (1, 6), (0, 1), (2, 7), (1, 2), (5, 10), (0, 5), (1, 2), (2, 3), (3, 4), (4, 5), (5, 6), (3, 8), (0, 3), (2, 3), (4, 9), (0, 4), (2, 5), (4, 5), (2, 6), (3, 7), (8, 9), (7, 10), (4, 7), (2, 4), (3, 4), (3, 5), (0, 5), (3, 4), (1, 5), (2, 5), (3, 5), (4, 5), (3, 8), (0, 3), (1, 4), (3, 4), (1, 5), (3, 6), (1, 3), (2, 3), (2, 7), (1, 2), (5, 6), (7, 8), (3, 7), (2, 3), (5, 7), (6, 7), (9, 10), (6, 11), (1, 6), (0, 1), (1, 2), (1, 6), (4, 6), (7, 8), (8, 9), (5, 10), (1, 5), (3, 5), (8, 10), (6, 8), (5, 6), (6, 7), (7, 11), (2, 7), (1, 2), (0, 3), (5, 7), (6, 11), (1, 6), (5, 7), (4, 8), (4, 9), (0, 4), (6, 10), (1, 6), (1, 3), (3, 4), (4, 5), (1, 6), (2, 3), (8, 9), (6, 11), (1, 6), (0, 1), (2, 3), (0, 4), (5, 7), (3, 8), (4, 5), (4, 9), (2, 4), (5, 6), (8, 9), (5, 10), (1, 5), (4, 5), (4, 6), (3, 4), (5, 6), (6, 11), (1, 6), (0, 1), (1, 2), (3, 4), (3, 5), (4, 5), (6, 7), (6, 11), (1, 6), (0, 1), (4, 6), (3, 4), (5, 7), (5, 8), (4, 9), (0, 4), (2, 3), (4, 5), (3, 6), (2, 3), (5, 7), (2, 5), (6, 7), (9, 11), (7, 12), (2, 7), (0, 2), (0, 4), (1, 2), (4, 6), (1, 4), (5, 6), (7, 9), (8, 10), (7, 12), (2, 7), (0, 2), (1, 2), (0, 3), (6, 11), (1, 6), (0, 1), (2, 3), (4, 5), (6, 11), (1, 6), (0, 1), (3, 5), (4, 5), (6, 10), (1, 6), (4, 5), (5, 9), (3, 5), (4, 5), (6, 11), (1, 6), (0, 1), (1, 5), (5, 6), (4, 9), (2, 4), (3, 4), (4, 5), (1, 6), (7, 8), (6, 11), (1, 6), (0, 1), (3, 5), (4, 5), (8, 9), (5, 10), (2, 5), (7, 8), (6, 10), (4, 6), (7, 11), (4, 7), (1, 4), (2, 4), (3, 4), (6, 7), (9, 10), (7, 12), (2, 7), (0, 2), (1, 3), (2, 3), (1, 5), (3, 5), (8, 10), (9, 11)]
