results/deeplll05/svpchallengedim40seed3dim10delta1.txt: 16.053 sec
b: [[137268613592, -239541678851, -205464702063, 133923184980, -277312356718, 250797761039, -345597979118, 793020417673, -235042114959, 60217103947],
 [253860086908, -324835462955, 126374150188, 324193865998, 413488435303, 499997826832, -298637604738, 432345830657, 356802159833, 426834711902],
 [-29968786658, -431706422749, 155888610880, 255599601674, -167707383579, 65554204519, -12089024202, -266077982449, -878691065018, -322625678058],
 [667025665350, -539259520665, 307834129312, -195105476848, 422673266186, 168797809670, 153610242803, 588160668541, -110257822039, -142106593552],
 [46153010935, 623012609527, -8772130161, -113749123098, -564616401496, -283332113225, -698341539558, -465072384621, 365568357209, -470596215452],
 [-409689571371, 76556009061, 144083398724, -132445504446, 295362234270, 359803548795, -689311470648, 517446026177, 680060256575, -423530241119],
 [-22497212821, -545103622974, 784187547128, 98503611672, -533485767359, -284482729474, -330695830679, -247430158783, 270331665363, 134711770278],
 [-47279415689, -395259963442, -65338349186, -433446227903, -316463786235, 917783060840, -161844126312, -456900339553, -297269089962, 390202020935],
 [-88344192306, 458642233085, 864707583155, 545567210021, -204859891458, 231614378430, 127523238901, 171667711133, 52036266726, 739184058059],
 [196914514831, -290147693782, 1055396954, 133033229724, -155327147759, 991406868598, 540016707880, 410210483942, 560110973350, -443204844761]], shape=[10, 10], strides=[10, 1], layout=Cc (0x5), const ndim=2
v_norms: [1083365953012785217313422, 1126208401548622345516760631504194873846382086903/1083365953012785217313422, 1188570421038008460560810443282342653484714959572213303417853030296840076/1126208401548622345516760631504194873846382086903, 99086223173125449319480000565258919122888346876183798205150873221016944185564050830061009516843/99047535086500705046734203606861887790392913297684441951487752524736673, 30511101559890158917918662589816198747438088916111340517271292390779073530201614590061464549461920303338297997223935876/27023515410852395268949091063252432488060458238959217692313874514822802959699286590016638959139, 330160698681032702574343118259591052105833717367360011802096749481337199135170846437003753948568255306985044567872897354868521135176893948284759/335622117158791748097105288487978186221818978077224745689984216298569808832217760490676110044081123336721277969463294636, 776975928026734421362255811366489400446927047034941910582397741269364422365842596741258677317398406829648273579915220113384419059810725886817752747284876593654640788981/660321397362065405148686236519182104211667434734720023604193498962674398270341692874007507897136510613970089135745794709737042270353787896569518, 52967606225056636743656367416053089825399019225233994366818088507091818524196697087612502719204339845921424674336411861573507519336193598821455167906854198845237103875166200965340395046662796/36998853715558781969631229112689971449853668906425805265828463869969734398373456987678984634161828896649917789519772386351639002848129804134178702251660790174030513761, 639281958246905898893006157590149206145829391036214140947140026352833471925200185822472807470517509184226962403237479673661685061039436603423946045399233523894283637339122968487544073528456498074739168179048333842169/556159865363094685808391857868557443166689701864956940851589929324464094504065319419931278551645568382174959080532324546521828953030032787625279263021969087874989590689245110136074147989959358, 3555822303820348596126553004628936474041015535377025692352552146379066324338315123754919151117534890525948044022890187454352924360155754362269122969205393295793750186796242258607490889162196269041214588937709727697784976369467234839970239849/2557127832987623595572024630360596824583317564144856563788560105411333887700800743289891229882070036736907849612949918694646740244157746413695784181596934095577134549356491873950176294113825992298956672716193335368676], shape=[10], strides=[1], layout=CFcf (0xf), const ndim=1
Mu { arr: [528750025154285780070923/1083365953012785217313422, 144721682610405795907901/1083365953012785217313422, -470901999274636701876738004343754068908426739349/1126208401548622345516760631504194873846382086903, 487174231572723004557997/1083365953012785217313422, 487480598979737440967850830120978897830665040623/1126208401548622345516760631504194873846382086903, 48530804683157322212058508238494675748595386322773180918019584889837539/198095070173001410093468407213723775580785826595368883902975505049473346, -312545735996415248457065/1083365953012785217313422, -32767602658355437396141566013320660814135696155/66247553032271902677456507735540874932140122759, -490034129810504846777985553420898888868702934598367750013357547338410241/1188570421038008460560810443282342653484714959572213303417853030296840076, -8224407959055065777255707266848385091871554532424029420846840338977761538427196442281603524583/18015676940568263512632727375501621658706972159306145128209249676548535306466191060011092639426, 349636225878035507692377/1083365953012785217313422, 508340868106573122995744460709280941650614977611/1126208401548622345516760631504194873846382086903, -561854417322582656735957794249570981133538632779215391719619551037996901/1188570421038008460560810443282342653484714959572213303417853030296840076, -22431213331682844696485469396893879011877042987209033746199213299366772034726699485699174461305/198172446346250898638960001130517838245776693752367596410301746442033888371128101660122019033686, 14541379424763599148710104119692869232160666963959777401323473780778991890423047367347948812244353687628698915100556631/30511101559890158917918662589816198747438088916111340517271292390779073530201614590061464549461920303338297997223935876, -40603117249686087181537/541682976506392608656711, 135348478949343871929395892933663324324144887328/1126208401548622345516760631504194873846382086903, 344803546804714627555476719893566550547735435236765780142328371085287179/1188570421038008460560810443282342653484714959572213303417853030296840076, -21835221511011233815662998825999636380595600532427161661510919078210359712062892829088342706319/198172446346250898638960001130517838245776693752367596410301746442033888371128101660122019033686, 28039932925773073957925271733048003237886079494298782354714000247796981908519157317629176868940975376469933585092747037/61022203119780317835837325179632397494876177832222681034542584781558147060403229180122929098923840606676595994447871752, -74498359603215235420972560513636453657930797457484654363718262310680700626690607818318633758755954086471288407421563414214325583634813834587423/660321397362065405148686236519182104211667434734720023604193498962674398270341692874007507897136510613970089135745794709737042270353787896569518, 74237015888827645144086/541682976506392608656711, 145674325344605355208205821718621860662210292584/1126208401548622345516760631504194873846382086903, 129388051166343301196193233986375809246886040839919509983293295880926550/297142605259502115140202610820585663371178739893053325854463257574210019, -28386603233972006837978234180773696274366531495162189870485247626362335636071533473859400840219/99086223173125449319480000565258919122888346876183798205150873221016944185564050830061009516843, -4254704266639020708485507046935464025726778282327664560754491836147301505404941139646987998032713818980211588071939011/61022203119780317835837325179632397494876177832222681034542584781558147060403229180122929098923840606676595994447871752, -70295594299408681821318680985774698531609351981305722783446502853279847683938892090805040666967963776473557274264447752967393592592857170772631/660321397362065405148686236519182104211667434734720023604193498962674398270341692874007507897136510613970089135745794709737042270353787896569518, 739942982857920977379961604910333254960401756962759159176965174518863621296273377008408872766611531813685046431458256988915602497304475964709456067672482561188602429/36998853715558781969631229112689971449853668906425805265828463869969734398373456987678984634161828896649917789519772386351639002848129804134178702251660790174030513761, 6324989687622789559886/541682976506392608656711, 552380203844414392556865189701810550964230815004/1126208401548622345516760631504194873846382086903, 799160197813703917370672246934261295765964178255122782807398453550390/99047535086500705046734203606861887790392913297684441951487752524736673, -40877111432216261675444819691177933408993963724589329803756481517045880261120508587272828358803/99086223173125449319480000565258919122888346876183798205150873221016944185564050830061009516843, -8902220341318064396265033018367381534585474961147125977189074069539537576975501526968449385659565159068623884171471629/61022203119780317835837325179632397494876177832222681034542584781558147060403229180122929098923840606676595994447871752, -220639425811800203021775984563411736296143617360663868025130518363964069200281499551107428794197597810678076405822991738128829665355876277374737/660321397362065405148686236519182104211667434734720023604193498962674398270341692874007507897136510613970089135745794709737042270353787896569518, 321272138811817956210083946449792361161952839438043652360665534057910383399582446072830350059236378299750556441952386849738848681605731211479131892606728788310661521796/776975928026734421362255811366489400446927047034941910582397741269364422365842596741258677317398406829648273579915220113384419059810725886817752747284876593654640788981, -2447667298430117016417157795996778482554911951888825080001918119018513122926400489200872018923261606847745369741367521010829024798052505915069413727126948595092324960373547628873103547604468/13241901556264159185914091854013272456349754806308498591704522126772954631049174271903125679801084961480356168584102965393376879834048399705363791976713549711309275968791550241335098761665699, 386187221854308616407945/1083365953012785217313422, 495368987982503207014109872320558925912777515831/1126208401548622345516760631504194873846382086903, -90867905488608604239849109754762302795722518932988525604922542925774351/1188570421038008460560810443282342653484714959572213303417853030296840076, 66858314504071605290451996899389326077917259244420871028244796730566214542550848508274830338931/198172446346250898638960001130517838245776693752367596410301746442033888371128101660122019033686, -4117844694685299121917756989185881768244441124590630743991001790763066509351853427382617224195548195261680750779313855/61022203119780317835837325179632397494876177832222681034542584781558147060403229180122929098923840606676595994447871752, 204373594101197736389811818210190911063000493893526992893225164134063690536177753276012777266679910053387245283506700041325449589080497171329853/660321397362065405148686236519182104211667434734720023604193498962674398270341692874007507897136510613970089135745794709737042270353787896569518, -76551380302079609172203843048005953452058187298024108739844253316250552260241730203296526534680193101155344772782104564469570763186920189289417451658100804277804451550/776975928026734421362255811366489400446927047034941910582397741269364422365842596741258677317398406829648273579915220113384419059810725886817752747284876593654640788981, 16338622879935781960459442643229611516561797965589915479671841617908868676630719573147896220135475710437523387167745231007611439003539076497249902551445144798314505353438541815235937176985335/52967606225056636743656367416053089825399019225233994366818088507091818524196697087612502719204339845921424674336411861573507519336193598821455167906854198845237103875166200965340395046662796, 87080467155932191944631036195385541878730577643219227836905478113548840475528562895934414706914327707351900131310509793498980339616015855422706233073768682700829686251347722364385907258080329126321831340219308034135/639281958246905898893006157590149206145829391036214140947140026352833471925200185822472807470517509184226962403237479673661685061039436603423946045399233523894283637339122968487544073528456498074739168179048333842169] }
(hist.len, cnt): (858, 6762)
[(0, 1), (0, 1), (0, 1), (0, 1), (0, 1), (0, 1), (0, 1), (0, 1), (0, 1), (0, 1), (0, 1), (0, 1), (0, 1), (0, 1), (0, 1), (0, 1), (0, 1), (0, 1), (0, 1), (0, 1), (0, 1), (0, 1), (0, 1), (0, 1), (0, 1), (0, 1), (0, 1), (0, 1), (0, 1), (0, 1), (0, 1), (0, 1), (0, 1), (0, 1), (0, 1), (0, 1), (0, 1), (0, 1), (0, 1), (0, 1), (0, 1), (0, 1), (0, 1), (0, 1), (0, 1), (0, 1), (0, 1), (0, 1), (0, 1), (0, 1), (0, 1), (0, 1), (0, 1), (0, 1), (0, 1), (0, 1), (0, 1), (0, 1), (0, 1), (0, 1), (0, 1), (0, 1), (0, 1), (0, 1), (0, 1), (0, 1), (0, 1), (0, 1), (0, 1), (0, 1), (0, 1), (0, 1), (0, 1), (0, 1), (0, 1), (0, 1), (0, 1), (0, 2), (0, 2), (0, 1), (0, 2), (0, 2), (0, 1), (1, 2), (0, 2), (0, 2), (0, 2), (0, 2), (0, 1), (0, 2), (1, 2), (0, 2), (0, 2), (0, 2), (0, 2), (0, 2), (1, 2), (0, 2), (0, 1), (0, 2), (0, 2), (0, 2), (0, 2), (0, 2), (0, 2), (0, 2), (0, 2), (0, 2), (0, 2), (0, 1), (0, 2), (0, 2), (1, 2), (0, 2), (0, 2), (0, 2), (0, 2), (0, 2), (0, 2), (0, 2), (0, 2), (0, 2), (0, 2), (0, 1), (0, 1), (0, 2), (0, 2), (0, 2), (0, 2), (0, 2), (0, 2), (0, 2), (0, 2), (1, 2), (0, 2), (0, 2), (0, 2), (2, 3), (0, 3), (0, 3), (1, 2), (0, 3), (0, 2), (0, 3), (0, 3), (0, 3), (1, 2), (0, 3), (0, 3), (0, 3), (0, 3), (0, 3), (1, 2), (1, 3), (0, 2), (0, 3), (0, 3), (0, 3), (0, 2), (1, 3), (0, 3), (0, 3), (0, 3), (0, 3), (0, 3), (0, 2), (0, 2), (1, 2), (0, 3), (1, 3), (0, 3), (0, 3), (0, 3), (0, 3), (0, 3), (1, 3), (0, 3), (0, 3), (1, 3), (0, 3), (0, 3), (0, 2), (0, 2), (1, 2), (0, 3), (1, 2), (0, 3), (0, 2), (0, 3), (0, 3), (1, 2), (0, 3), (0, 2), (0, 3), (0, 3), (1, 2), (0, 3), (0, 3), (1, 3), (1, 3), (0, 3), (1, 3), (0, 3), (0, 4), (0, 4), (2, 3), (0, 4), (0, 3), (2, 3), (1, 4), (1, 4), (2, 3), (0, 4), (1, 4), (0, 4), (0, 4), (0, 2), (0, 3), (0, 3), (0, 4), (1, 2), (2, 3), (0, 4), (2, 3), (0, 4), (2, 3), (0, 4), (2, 3), (1, 3), (2, 3), (0, 4), (2, 3), (1, 4), (0, 4), (1, 2), (1, 3), (0, 4), (1, 2), (0, 4), (1, 2), (0, 4), (1, 2), (0, 4), (2, 3), (0, 4), (0, 4), (0, 4), (0, 4), (1, 2), (0, 4), (1, 2), (1, 3), (2, 3), (0, 4), (0, 2), (0, 4), (0, 4), (1, 2), (0, 4), (1, 3), (0, 4), (1, 3), (0, 4), (2, 3), (0, 4), (2, 3), (1, 4), (0, 3), (0, 4), (2, 3), (0, 4), (1, 5), (0, 5), (2, 3), (0, 5), (1, 2), (1, 3), (2, 5), (1, 5), (2, 4), (3, 4), (1, 5), (1, 3), (3, 4), (0, 5), (0, 4), (1, 2), (1, 3), (0, 5), (0, 5), (2, 3), (0, 4), (3, 4), (0, 5), (1, 3), (0, 5), (0, 2), (1, 3), (0, 5), (2, 3), (1, 5), (3, 4), (0, 5), (1, 2), (0, 5), (0, 5), (0, 5), (3, 4), (0, 5), (2, 4), (2, 4), (0, 5), (0, 4), (1, 2), (2, 3), (0, 5), (1, 4), (0, 5), (1, 2), (1, 4), (3, 4), (0, 5), (1, 2), (0, 4), (2, 3), (0, 5), (0, 5), (0, 5), (2, 3), (0, 4), (1, 2), (0, 5), (0, 5), (3, 4), (2, 5), (0, 5), (1, 2), (1, 3), (2, 3), (1, 4), (0, 4), (0, 5), (1, 5), (1, 4), (2, 3), (1, 6), (0, 1), (1, 2), (2, 3), (1, 6), (0, 1), (1, 2), (3, 4), (1, 6), (0, 1), (2, 4), (2, 5), (1, 6), (0, 1), (2, 4), (3, 4), (1, 6), (0, 1), (1, 6), (2, 3), (2, 6), (4, 5), (1, 6), (3, 4), (1, 6), (0, 1), (1, 5), (1, 6), (3, 4), (2, 6), (3, 4), (1, 6), (1, 4), (3, 5), (2, 4), (3, 4), (1, 6), (0, 4), (0, 5), (1, 6), (0, 1), (3, 4), (0, 5), (0, 2), (1, 2), (0, 3), (1, 2), (2, 3), (4, 5), (1, 6), (0, 1), (3, 4), (0, 5), (1, 6), (0, 1), (2, 3), (0, 4), (3, 4), (2, 5), (4, 5), (1, 6), (0, 1), (1, 2), (3, 5), (4, 5), (1, 6), (2, 4), (3, 5), (1, 6), (0, 1), (2, 4), (3, 4), (3, 5), (1, 6), (4, 5), (1, 6), (0, 1), (1, 5), (0, 3), (4, 5), (2, 6), (2, 5), (4, 5), (1, 6), (0, 1), (0, 5), (2, 3), (1, 6), (0, 1), (1, 2), (1, 4), (2, 5), (4, 5), (2, 6), (3, 6), (2, 3), (2, 7), (1, 2), (2, 4), (4, 5), (5, 6), (3, 5), (4, 5), (2, 7), (1, 2), (3, 4), (2, 5), (2, 6), (3, 5), (2, 7), (1, 2), (2, 4), (5, 6), (2, 7), (5, 6), (4, 5), (3, 7), (0, 3), (0, 2), (3, 4), (0, 5), (1, 6), (2, 3), (4, 6), (2, 7), (0, 2), (0, 1), (3, 4), (2, 6), (4, 5), (2, 7), (3, 5), (2, 6), (2, 6), (3, 4), (2, 7), (0, 2), (0, 3), (4, 5), (2, 7), (0, 2), (1, 2), (3, 4), (1, 5), (2, 4), (3, 6), (2, 7), (0, 2), (0, 4), (0, 2), (3, 5), (2, 7), (0, 2), (3, 6), (1, 3), (2, 7), (0, 2), (1, 3), (2, 3), (2, 7), (0, 2), (2, 3), (2, 4), (1, 6), (0, 1), (3, 4), (4, 5), (2, 6), (2, 7), (0, 2), (4, 5), (5, 6), (2, 7), (0, 2), (0, 3), (2, 4), (5, 6), (2, 7), (0, 2), (1, 3), (2, 4), (5, 6), (2, 7), (0, 2), (1, 2), (1, 5), (2, 4), (2, 7), (0, 2), (1, 2), (3, 5), (1, 6), (0, 1), (1, 3), (2, 3), (4, 5), (2, 7), (0, 2), (1, 3), (4, 5), (2, 7), (0, 2), (3, 4), (4, 5), (2, 6), (2, 7), (0, 2), (1, 2), (1, 4), (2, 6), (2, 7), (0, 2), (3, 5), (3, 5), (1, 6), (0, 1), (2, 4), (2, 6), (3, 4), (4, 5), (2, 7), (1, 2), (5, 6), (2, 7), (0, 2), (1, 3), (1, 5), (2, 7), (0, 2), (0, 2), (3, 4), (4, 5), (3, 7), (4, 8), (2, 4), (5, 6), (3, 8), (1, 3), (3, 4), (3, 5), (1, 6), (0, 1), (4, 5), (4, 7), (2, 4), (3, 4), (3, 8), (0, 3), (1, 3), (3, 4), (2, 5), (3, 4), (1, 6), (2, 7), (0, 2), (3, 7), (2, 3), (2, 4), (3, 8), (0, 3), (1, 6), (0, 1), (5, 6), (5, 7), (3, 8), (1, 3), (1, 6), (0, 1), (4, 8), (0, 4), (1, 2), (2, 5), (4, 7), (0, 4), (1, 3), (1, 4), (2, 3), (3, 4), (3, 8), (0, 3), (1, 2), (2, 5), (1, 6), (0, 1), (2, 3), (1, 4), (5, 6), (4, 7), (3, 8), (0, 3), (2, 4), (5, 6), (3, 5), (2, 7), (0, 2), (1, 2), (3, 8), (0, 3), (3, 4), (2, 7), (0, 2), (3, 4), (2, 5), (4, 5), (1, 6), (2, 3), (3, 5), (3, 8), (1, 3), (2, 3), (4, 5), (3, 8), (0, 3), (1, 6), (6, 7), (3, 8), (1, 3), (3, 6), (3, 8), (0, 3), (4, 5), (4, 6), (2, 7), (1, 2), (3, 8), (1, 3), (3, 4), (1, 5), (3, 8), (0, 3), (2, 3), (6, 7), (3, 8), (0, 3), (1, 2), (5, 6), (4, 8), (1, 4), (2, 3), (1, 4), (1, 5), (4, 5), (1, 6), (0, 1), (0, 2), (2, 7), (4, 5), (3, 8), (0, 3), (1, 2), (2, 4), (4, 8), (2, 4), (2, 7), (0, 2), (0, 2), (3, 4), (0, 5), (2, 7), (1, 2), (3, 4), (6, 7), (3, 8), (0, 3), (2, 3), (2, 5), (6, 7), (3, 8), (4, 9), (0, 4), (3, 4), (3, 8), (1, 3), (6, 7), (4, 9), (0, 4), (2, 4), (5, 9), (1, 5), (3, 5), (4, 5), (6, 7), (7, 8), (5, 7), (4, 5), (4, 9), (0, 4), (1, 2), (1, 3), (2, 3), (1, 4), (1, 3), (5, 6), (4, 5), (5, 6), (3, 7), (1, 3), (0, 2), (1, 2), (3, 8), (0, 3), (1, 2), (3, 4), (1, 6), (0, 1), (2, 3), (4, 5), (4, 6), (3, 7), (2, 3), (4, 9), (0, 4), (1, 2), (2, 5), (5, 7), (2, 5), (3, 8), (0, 3), (2, 3), (2, 7), (5, 7), (4, 9), (0, 4), (0, 2), (3, 8), (0, 3), (3, 5), (1, 6), (2, 3), (3, 4), (2, 5), (6, 7), (3, 8), (1, 3), (2, 3), (1, 4), (3, 4), (2, 5), (4, 6), (4, 8), (0, 4), (5, 9), (0, 5), (1, 2), (2, 7), (0, 2), (3, 4), (5, 8), (4, 5), (4, 9), (0, 4), (1, 2), (2, 3), (3, 4), (4, 9), (0, 4), (1, 6), (0, 1), (2, 7), (1, 2), (2, 5), (4, 5), (4, 9), (0, 4), (2, 4), (4, 6), (2, 7), (1, 2), (5, 6), (4, 5), (4, 7), (5, 8), (6, 7), (6, 8), (4, 9), (1, 4), (2, 3), (4, 6), (7, 8), (4, 7), (5, 6), (4, 9), (2, 4), (4, 9), (0, 4), (1, 2), (1, 4), (4, 5), (6, 7), (4, 9), (0, 4), (3, 4), (3, 6), (6, 8), (2, 6), (1, 3), (2, 3), (4, 5), (1, 6), (2, 4), (3, 4), (2, 7), (1, 2), (3, 5), (7, 8), (4, 9), (2, 4), (3, 6), (5, 7), (4, 9), (1, 4), (2, 3), (4, 6)]
