results/deeplll05/svpchallengedim40seed1dim15delta0.98999995.txt: 59.864 sec
b: [[-870602027, 3214044551, -3194195676, -3717821916, -2889845653, 163578569, -103797338, -451193857, 2903222387, 2306689028, -2687198425, 630344438, 1, 0, 0],
 [3048269768, 6027689735, -77430742, 2328098264, -1386490252, 2152267755, 390273542, 2508972552, 1859793086, -605100613, -1270588210, 4789728248, 0, 0, 0],
 [-5683999061, -5300226015, 1041870529, -30613196, -2261357487, 2024855090, -1408165165, -1995424961, 668169127, 4780993682, 3949873298, 3665682380, 0, 0, 0],
 [6312158167, -533309560, 1660347741, 853758210, -3765324924, -1770627469, 2445458514, 947005975, 3238478278, 985549943, -7435279408, 261284006, 1, 0, 0],
 [1012782655, -2063394104, -3885768717, 3521753407, -32124320, -3938979, 1221819251, -7587876274, -2136802794, 3441603236, 3874358431, 3502535478, 0, 0, 0],
 [-2310681143, -133198168, 1978025395, 5626939038, -5393275952, -4386379704, -1089397836, -4855556909, -543759232, -1262758562, -3590102167, 89963269, 1, 0, 0],
 [4703979428, -626336765, 3707819196, -5562776071, -3483018158, -706163175, -5763608301, 4795672449, 65505111, 4240103304, 324151492, 1239237152, 0, 0, 0],
 [178111653, 1315895642, -214292801, -3022652054, -61264792, -8077812139, 1231174219, -4006533716, 900379319, -3956056185, 6045231477, -3399628374, 1, 0, 0],
 [-1078783514, 2856551766, -2325327506, -1675123218, -792116389, 9816922223, 2284637984, -6750938855, -1163166115, -3380423741, -775741130, 4061001088, 0, 0, 0],
 [3346009386, 3226277267, 7414089929, -905986535, -2588640227, -653408518, 3266229433, 1601362970, -6253201662, -1920849083, -5774050310, 69724025, -1, 0, 0],
 [4057399882, -3091454337, 374183433, 5436167124, -1039025321, 5267080820, 563081192, 7166595037, 2786981815, 1177979538, 1846314944, -1596032206, 1, 0, 0],
 [4257396312, -2080031980, -1388528514, -5339719130, -2390584838, 742394383, -2273514519, 4426677134, 2587777239, -2582881423, -2595861086, 3785965324, 3, 0, 0],
 [-1224476361, 9067983357, -673704871, -3973319874, -2007220960, 1968337631, -1385640920, 1178796032, 1854673767, -2097049810, -4291533244, 734942780, 6, 0, 0],
 [3946777144, -2940131903, -1702996920, -3310470, 3904657507, -4234297944, 3799637102, 373202767, -1357357290, 3674413305, 950505790, -3608036873, -1, 1, 0],
 [1627250764, 2897918727, -2579778244, -5449724731, 2071039521, -1125951969, -4177861315, -1813232659, 2296523659, -2368477166, 311698358, -3168966191, 1, 0, 1]], shape=[15, 15], strides=[15, 1], layout=Cc (0x5), const ndim=2
v_norms: [65073315697379394248, 691730133959861082359937314712973052825/8134164462172424281, 630426277277906284845215954513936796935994372228366700539693/5533841071678888658879498517703784422600, 62946687046128490338059327835857785768346736850712313426837003533559836159286674/630426277277906284845215954513936796935994372228366700539693, 178008934570737520872365784328807879988610118897713900776427435094014179735194830561171347821820153/1656491764371802377317350732522573309693335180281902984916763250883153583139123, 346376400814553391303789483622368154663298176963931862811562154794734629373246655461981590386615190508270918436721989628/3382169756844012896574949902247349719783592259056564114752121266786269414968701780662255608614582907, 33215985540442670598606761447458427165466812867609567349300901444968479178115448163133000269437632030309821438268050127964519435447816826145/346376400814553391303789483622368154663298176963931862811562154794734629373246655461981590386615190508270918436721989628, 2987768145283782519204931646104791605898682770637088470252649222039013771517856241830556733187362593785035814984358410764912461275947064142918041534119872249232/33215985540442670598606761447458427165466812867609567349300901444968479178115448163133000269437632030309821438268050127964519435447816826145, 307771366750714293217784018821474583235475603533385510832472478684939587644830638634301287434693287371076515425788112899107950404425642306846374415272520150776834065633606759358695/2987768145283782519204931646104791605898682770637088470252649222039013771517856241830556733187362593785035814984358410764912461275947064142918041534119872249232, 41746156246784491301980040085569398565157392391071254255208292785919917509005310076590092262086949962403504588499654514698040428106012502810160601288572652825129995191911509240343473004941332990826981/615542733501428586435568037642949166470951207066771021664944957369879175289661277268602574869386574742153030851576225798215900808851284613692748830545040301553668131267213518717390, 1715569163686748923111621087796457379638019289893549895960843385240105220391306944182310299781086960334869938292535776599769746174298502437242322317941615637190952923440897713588055822490771957439697008119799341509685851/41746156246784491301980040085569398565157392391071254255208292785919917509005310076590092262086949962403504588499654514698040428106012502810160601288572652825129995191911509240343473004941332990826981, 52957650661631523804434548084600604286336943090648275863691754229850484914637940493890756987609353069658821523928604444283386998202296265444243231663409918191119975437557430475687370744906002981587815105431514137816149361695114272164510441/1715569163686748923111621087796457379638019289893549895960843385240105220391306944182310299781086960334869938292535776599769746174298502437242322317941615637190952923440897713588055822490771957439697008119799341509685851, 1984083717671826650609068492491545474568058220941746014967236068107902685534469572773757007874341231374906887799917497788436679281525975919995230620271736429153086793429180102932127637234353921652915495645689402607670627759947945034459581929/52957650661631523804434548084600604286336943090648275863691754229850484914637940493890756987609353069658821523928604444283386998202296265444243231663409918191119975437557430475687370744906002981587815105431514137816149361695114272164510441, 1, 1], shape=[15], strides=[1], layout=CFcf (0xf), const ndim=1
Mu { arr: [5483672056592987725/16268328924344848562, -2723442653055197083/65073315697379394248, -580493616491562536263060629401570625839/1383460267919722164719874629425946105650, 13021775382763663939/32536657848689697124, 243799368536900711801250198637813400017/691730133959861082359937314712973052825, -219252909680203082198475085243054165629924603978607909778858/630426277277906284845215954513936796935994372228366700539693, -11274217404849788701/65073315697379394248, -159072372849481391864094224096982707429/1383460267919722164719874629425946105650, 293863446956379462857663944932086417188716330278469252086323/630426277277906284845215954513936796935994372228366700539693, -83194924789980501581012917024756957066880825279445034678554760938163244487848/1656491764371802377317350732522573309693335180281902984916763250883153583139123, -817476940896340649/16268328924344848562, -29467184340449343107862523892790359632/691730133959861082359937314712973052825, 46249841454718648195451629946031496169975029179070800966268/630426277277906284845215954513936796935994372228366700539693, 1249082490174180340661288356530230103294001470221427907755461043249407636406251/2861213047551295015366333083448081171288488038668741519401681978798174370876667, 43565945012891633702921448212776312964235196473895511498101045888518366351996844016761489490022718/178008934570737520872365784328807879988610118897713900776427435094014179735194830561171347821820153, 10497372984003806979/32536657848689697124, 10445955655584775940948103344904217809/138346026791972216471987462942594610565, 84780901432757227076127053560238298250685647205100289139470/630426277277906284845215954513936796935994372228366700539693, 10469005362621719634507835519119048911874455121568716787009602916280440990656109/31473343523064245169029663917928892884173368425356156713418501766779918079643337, -86645834534830872345846218527766018984910449395767135654269970777528364076070349663835464041104997/178008934570737520872365784328807879988610118897713900776427435094014179735194830561171347821820153, -127889030968369392240214726840709367781679793711669140321005988512322984578622321750636180621177424243134079484663811971/346376400814553391303789483622368154663298176963931862811562154794734629373246655461981590386615190508270918436721989628, -8366985663603907537/65073315697379394248, -691303199204475025248380079445749789791/1383460267919722164719874629425946105650, -238791851282926983723901781802849547349990152076263840113533/630426277277906284845215954513936796935994372228366700539693, -10170350657525467246052792570372953929644031059570396243577068934826433337848567/31473343523064245169029663917928892884173368425356156713418501766779918079643337, 45926435761122576284880068781822036171656903149448506014771478979027337442013943366378504395954693/178008934570737520872365784328807879988610118897713900776427435094014179735194830561171347821820153, 89927547440416896878027447929522658728643469970277973352332226398124049171754920119253416136363023025435296330790072149/346376400814553391303789483622368154663298176963931862811562154794734629373246655461981590386615190508270918436721989628, 7768602428184419029947588420249401862707281563831274887257659079222698618046360416577461246324067099130895253242988013207553543808930388317/33215985540442670598606761447458427165466812867609567349300901444968479178115448163133000269437632030309821438268050127964519435447816826145, 5987323788499382819/16268328924344848562, 232938449910782220457435684589303405916/691730133959861082359937314712973052825, 157407649360664616557691404938989385145257111016311778763116/630426277277906284845215954513936796935994372228366700539693, -24513870726494693042519922760768045594231397480146574430202569805328176737671423/62946687046128490338059327835857785768346736850712313426837003533559836159286674, 73635767477546261476548688569718753992539769891567040811911904654611136527535128214462466436231966/178008934570737520872365784328807879988610118897713900776427435094014179735194830561171347821820153, -10023216016339918117514684047711851191585060277559521259854063661970504976299753234197727397611790222047484989272991953/173188200407276695651894741811184077331649088481965931405781077397367314686623327730990795193307595254135459218360994814, -16225420306792807871066120991579537170728295431048122935540648883162521493675105117618271611534309669230359085722211591732806607980671166114/33215985540442670598606761447458427165466812867609567349300901444968479178115448163133000269437632030309821438268050127964519435447816826145, -990086758389691845097395982064908207852839182138034574678786883828955643602676863611050340904048547609827550113991602202954300444450902527667974464874099170959/2987768145283782519204931646104791605898682770637088470252649222039013771517856241830556733187362593785035814984358410764912461275947064142918041534119872249232, -13570332569050525223/65073315697379394248, 589171073355914289688920344186054807239/1383460267919722164719874629425946105650, -292825157559261447463491457101537661882504995871152558672443/630426277277906284845215954513936796935994372228366700539693, 14630302687891518444086955344073427686576630288624567440617259692532993191789486/31473343523064245169029663917928892884173368425356156713418501766779918079643337, -49543278055030727016113543301843775720678488199529812912584731363275407568031499287437928518151183/178008934570737520872365784328807879988610118897713900776427435094014179735194830561171347821820153, 7119893094195090137995838863412733048650186143515780743902574915802417986809839953897830593114881105534409106309461796/28864700067879449275315790301864012888608181413660988567630179566227885781103887955165132532217932542355909869726832469, 7735101978363035119544411916106833549316790981361745152138822510771126782196221211042056520672679479566192163535084228713493425962928192576/33215985540442670598606761447458427165466812867609567349300901444968479178115448163133000269437632030309821438268050127964519435447816826145, -43177101421244115017264103476036591753849755091385966392822069220247496160780834128610855482306436634910124689837299668208865847120390628024151733453449492793/229828318867983270708071665084983969684514059279776036173280709387616443962912018602350517937489430291156601152642954674224035482765158780224464733393836326864, 131251313959522764744371800090083456290843903339444344026724018356610106183981357412993361646387711899719929130195569003019966736228200461333511488872420809261513956856009270252613/307771366750714293217784018821474583235475603533385510832472478684939587644830638634301287434693287371076515425788112899107950404425642306846374415272520150776834065633606759358695, -29461138699509814163/65073315697379394248, 679179923911705253088253364342969780573/1383460267919722164719874629425946105650, 92352713861950307452499913165006301267384012987814497530749/630426277277906284845215954513936796935994372228366700539693, 10778564345903259134027175526373162243961102179769056454878730267415905838403924/31473343523064245169029663917928892884173368425356156713418501766779918079643337, -53344578272845906628607393122002763377983828278285372007403151119004422820686676464579358756809346/178008934570737520872365784328807879988610118897713900776427435094014179735194830561171347821820153, -81667619265030712212596825571738095483996087688613589439179297799869885674639763702582249385125574412766653416704775749/173188200407276695651894741811184077331649088481965931405781077397367314686623327730990795193307595254135459218360994814, -4773480802841042332722724779211907661347351403863204647690259726939345100263687930567105818006068065045892470400092100059458729624657311686/33215985540442670598606761447458427165466812867609567349300901444968479178115448163133000269437632030309821438268050127964519435447816826145, -36141954168401521725287450135161319204342031071520467168183813466533467756978281390829588331500795161431261603810034463324600354368901728668163926716229676231/186735509080236407450308227881549475368667673164818029390790576377438360719866015114409795824210162111564738436522400672807028829746691508932377595882492015577, -86430004819848366032422201695598740332174825756226679997422176875102392436102611059573170327169982530116332594015864147813588935059902340167922704528693521875510863089004747364912/307771366750714293217784018821474583235475603533385510832472478684939587644830638634301287434693287371076515425788112899107950404425642306846374415272520150776834065633606759358695, -20491145565913315835954831828850527052621542968434317908615558350814331860277840681879880586683554058407237209197280714904905518695034319177471840702053259996829362841246430826453597218111907716397744/41746156246784491301980040085569398565157392391071254255208292785919917509005310076590092262086949962403504588499654514698040428106012502810160601288572652825129995191911509240343473004941332990826981, 30081144090282844979/65073315697379394248, 68052055866519653496845113553646304029/276692053583944432943974925885189221130, -56112308479358338264741654703352297627528459944734963121665/630426277277906284845215954513936796935994372228366700539693, 9653535666480416327001031305087328887131849842086211551287893556920162391572985/31473343523064245169029663917928892884173368425356156713418501766779918079643337, -63664566912818967205742660287198402570573602665435200928789910387351363590859038430729333460599798/178008934570737520872365784328807879988610118897713900776427435094014179735194830561171347821820153, -34698092263697042432760170918594647711047122961778275692479841004401448526473318641016157311655802068396379660685142984/86594100203638347825947370905592038665824544240982965702890538698683657343311663865495397596653797627067729609180497407, 1878809789076072981030541133197941716900358115387649533154132688807156863964713689444016467836766643071121629946541493400796092939742356852/6643197108088534119721352289491685433093362573521913469860180288993695835623089632626600053887526406061964287653610025592903887089563365229, 110603917369575570735957995216587890734392901210906345397451902551367468710156425235762475078932296040097030688292457600504733851180755379612448621713726663885/1493884072641891259602465823052395802949341385318544235126324611019506885758928120915278366593681296892517907492179205382456230637973532071459020767059936124616, 72228520570586175993911712869137897275231093869314302924771687177459010979235049592316332533539167694672112364769439112658635393208295495254772960006484557932720919576480805921942/307771366750714293217784018821474583235475603533385510832472478684939587644830638634301287434693287371076515425788112899107950404425642306846374415272520150776834065633606759358695, -2290956339580894615788841823743472549770579539706857068215002649703283167424185263626929278284271913322222346613165636806818417505977536215497152245880917857094108509796990741937732167662761125664718/5963736606683498757425720012224199795022484627295893465029756112274273929857901439512870323155278566057643512642807787814005775443716071830022943041224664689304285027415929891477639000705904712975283, -542848208893208432451562485049805144110250192792433980565493996888939746337443039585462023825960172810227048830553735313999377072415973787874670406274237703763698908934390376672892115515876821065758025538892385733352024/1715569163686748923111621087796457379638019289893549895960843385240105220391306944182310299781086960334869938292535776599769746174298502437242322317941615637190952923440897713588055822490771957439697008119799341509685851, 8176528625245145723/8134164462172424281, 348197286612157479672854011707637923434/691730133959861082359937314712973052825, -198684827005283692844412855169575239888049323113844920636016/630426277277906284845215954513936796935994372228366700539693, -20796685815669247139875737426456859550232527591037064434496554923435964817749643/62946687046128490338059327835857785768346736850712313426837003533559836159286674, -59312337655917377243521954334498648806476767106023841790061133290716299907722147320410403353200005/178008934570737520872365784328807879988610118897713900776427435094014179735194830561171347821820153, 26978842208327547919993821377149534603213490802265825955456008923068552012411302947231807971008578998022384681616679949/115458800271517797101263161207456051554432725654643954270520718264911543124415551820660530128871730169423639478907329876, 355835832058556870141339900268638289182984957494595504893060073685610970615775410764242131328883137935472676756615896211086554461440609339/33215985540442670598606761447458427165466812867609567349300901444968479178115448163133000269437632030309821438268050127964519435447816826145, -17618421938065789419391892359803942477014149196315666445086797003468014530571967707455971039992251182166143723100255826505085375257805745357107296062905958816/186735509080236407450308227881549475368667673164818029390790576377438360719866015114409795824210162111564738436522400672807028829746691508932377595882492015577, 83644895219389003512249106335375817583277248485756521909436639953259288461857422954953846206037385052456379196692761201572939050674754573998106366891140103121708034130440254794648/307771366750714293217784018821474583235475603533385510832472478684939587644830638634301287434693287371076515425788112899107950404425642306846374415272520150776834065633606759358695, 4139155041334050410865562122671320055434391473346061230073093516104082748745822778515795458498815438672570577164111256152620460450493099232090109125969350017848275776680720377603010968034001688064391/41746156246784491301980040085569398565157392391071254255208292785919917509005310076590092262086949962403504588499654514698040428106012502810160601288572652825129995191911509240343473004941332990826981, -240116551201212086847901286527554953327657202833350463461698579112107650441757535980287655433241202196278928919811879066087951277110385856258064917171577906885617026380275307792584888088705550441644582697765423390561896/1715569163686748923111621087796457379638019289893549895960843385240105220391306944182310299781086960334869938292535776599769746174298502437242322317941615637190952923440897713588055822490771957439697008119799341509685851, -9754699454228581653545740569854566078589429147390297243134462258596827522053700960888251907723616265894159386596515714634476721621561943966309903105962262297660935879818750912873797210838292255746697713387660319315080275069194425038938674/52957650661631523804434548084600604286336943090648275863691754229850484914637940493890756987609353069658821523928604444283386998202296265444243231663409918191119975437557430475687370744906002981587815105431514137816149361695114272164510441, -10133267877477822909/32536657848689697124, -277218023964957240406160168701650000493/691730133959861082359937314712973052825, -221810919893865368089268436013716872939565847622945130988018/630426277277906284845215954513936796935994372228366700539693, 14807939681390404610059924558736403871476918282926510110278052556475885292244509/62946687046128490338059327835857785768346736850712313426837003533559836159286674, 61947570056230896497499790772042923094427055509173207675884451848061147373557489134983628473769043/178008934570737520872365784328807879988610118897713900776427435094014179735194830561171347821820153, -79696688688062302071447538016262910528229108744681455067297379851980981170450110721702067164536460585148700818475872831/173188200407276695651894741811184077331649088481965931405781077397367314686623327730990795193307595254135459218360994814, 765811452881052810596499694059249049066369409785562278353793482841499754202583342987938446740327136512424704789184530709883897557463614194/33215985540442670598606761447458427165466812867609567349300901444968479178115448163133000269437632030309821438268050127964519435447816826145, 380394107337576531774374679277660257754571188222919884764725821399254813968601218812076971244298558082039644749404134742633518264965393955635068982490387149329/2987768145283782519204931646104791605898682770637088470252649222039013771517856241830556733187362593785035814984358410764912461275947064142918041534119872249232, -145364932764602585809570003017237490133370046288716180657497536606527343649332870684657068938065777559182291157290944709207742071478042897364423366108830750985001013935547706642553/307771366750714293217784018821474583235475603533385510832472478684939587644830638634301287434693287371076515425788112899107950404425642306846374415272520150776834065633606759358695, 10847860098592403539664777309540792798702393317794693206924621164987330808971533330608013483144531201967067488487856623596921489974170854159809108153687190894376156032541285911163372366535401854390144/41746156246784491301980040085569398565157392391071254255208292785919917509005310076590092262086949962403504588499654514698040428106012502810160601288572652825129995191911509240343473004941332990826981, 118974612646677450771123070270019013472340465319985166682406242450933633844062140771250571737825667269775944288154401284799241719642443480397767532341431199181458887839483369867001853483941852924609539921711053580944819/1715569163686748923111621087796457379638019289893549895960843385240105220391306944182310299781086960334869938292535776599769746174298502437242322317941615637190952923440897713588055822490771957439697008119799341509685851, -7218763749878240464106930615642920664535463922620161652816282850901910584296577964716449088532580622784589589721774177438543409057401706664025424301960948552576459267857498206936953946671237625963226460779495777490469786945048885358840681/52957650661631523804434548084600604286336943090648275863691754229850484914637940493890756987609353069658821523928604444283386998202296265444243231663409918191119975437557430475687370744906002981587815105431514137816149361695114272164510441, -57954783790902348399246902306674904722619985885484675191637547802402583436214718155859320481288580961158674396434872522/1408575066395762469947214215373888294986441237923810644278654083600103921866923675086342934757553425663776809470240755923, 14925110921181886863/32536657848689697124, -34922380768443635212658023817582068443/138346026791972216471987462942594610565, -290660860126163077292756031034127072171864218600325021608690/630426277277906284845215954513936796935994372228366700539693, -2214460258636957898559157121494078679719482843577365614732964791643706009918543/5722426095102590030732666166896162342576976077337483038803363957596348741753334, -4326634221232575191680573516443242417636395820902490512157205208036113329938174365573100138590790/178008934570737520872365784328807879988610118897713900776427435094014179735194830561171347821820153, -8882646177613390483474262418143437625147515666497503853161298138819484504545663126419622040478879987956208949302700670/86594100203638347825947370905592038665824544240982965702890538698683657343311663865495397596653797627067729609180497407, 1980803977551205739098251485997189165811359685823582847779984897841389096551877610962144145950549010455085993600077274050950954466930040692/6643197108088534119721352289491685433093362573521913469860180288993695835623089632626600053887526406061964287653610025592903887089563365229, 456973910890363789452032319606987721348817245360418442761702623802274523806978367772909604276119231294532267732524703197720357232690911068363623581911454822605/2987768145283782519204931646104791605898682770637088470252649222039013771517856241830556733187362593785035814984358410764912461275947064142918041534119872249232, 10269221861192190396889764194735546297352254297738160543277841216279404874975399468037515956164201366621908255507341600884446887045632847243612087096310209598225464647896453540111/61554273350142858643556803764294916647095120706677102166494495736987917528966127726860257486938657474215303085157622579821590080885128461369274883054504030155366813126721351871739, -20318548731603738152379667649882844981404635211041496469903243807578627341571018782836844271319740246466348023733253274747101826193832383057389980828221000067041890409140952068295337962691359931544800/41746156246784491301980040085569398565157392391071254255208292785919917509005310076590092262086949962403504588499654514698040428106012502810160601288572652825129995191911509240343473004941332990826981, -521598000620182109961337700129361575820169546925043126707961099363276797203556627232028129094239914984419063126756142704899202483933670490159815103940789872609053224913984814676118231438750632013293699412331503645290372/1715569163686748923111621087796457379638019289893549895960843385240105220391306944182310299781086960334869938292535776599769746174298502437242322317941615637190952923440897713588055822490771957439697008119799341509685851, -13274772277497621949572210503997989416969504934133562086841082306608273269158174633204020343793368147285535053896103227271207015443739131978468813076776633430228575348854093858587867750112439329580444655352168782029970255745425917268719667/52957650661631523804434548084600604286336943090648275863691754229850484914637940493890756987609353069658821523928604444283386998202296265444243231663409918191119975437557430475687370744906002981587815105431514137816149361695114272164510441, 294622487433260103755961580444601152970687495685472430216638246883035577265197299830608367542624034623215788329003279131/1408575066395762469947214215373888294986441237923810644278654083600103921866923675086342934757553425663776809470240755923, 0] }
(hist.len, cnt): (1145, 10227)
[(0, 1), (0, 1), (0, 1), (0, 1), (0, 1), (0, 1), (0, 1), (0, 1), (0, 1), (0, 1), (0, 1), (0, 1), (0, 1), (0, 1), (0, 1), (0, 1), (0, 1), (0, 1), (0, 1), (0, 1), (0, 1), (0, 1), (0, 1), (0, 1), (0, 1), (0, 1), (0, 1), (0, 1), (0, 1), (0, 1), (0, 1), (0, 1), (0, 1), (0, 1), (0, 1), (0, 1), (0, 1), (0, 1), (0, 1), (0, 1), (0, 1), (0, 1), (0, 1), (0, 1), (0, 1), (0, 1), (0, 1), (0, 1), (0, 1), (0, 1), (0, 1), (0, 1), (0, 1), (0, 1), (0, 1), (0, 1), (0, 1), (0, 1), (0, 1), (0, 1), (0, 1), (0, 1), (0, 1), (0, 1), (0, 1), (0, 1), (0, 1), (0, 1), (0, 1), (0, 1), (0, 1), (0, 1), (0, 1), (0, 1), (0, 1), (0, 1), (0, 1), (0, 1), (0, 1), (0, 1), (0, 1), (0, 1), (0, 2), (0, 2), (0, 2), (0, 2), (0, 2), (0, 2), (0, 2), (0, 2), (0, 2), (0, 2), (1, 2), (0, 2), (0, 2), (0, 2), (0, 2), (0, 2), (0, 2), (0, 2), (0, 1), (0, 2), (0, 2), (0, 1), (0, 2), (0, 2), (0, 2), (0, 2), (0, 2), (0, 2), (0, 2), (0, 1), (0, 2), (0, 2), (0, 2), (0, 2), (0, 2), (0, 2), (1, 2), (0, 2), (0, 2), (1, 2), (0, 2), (0, 2), (0, 1), (0, 2), (0, 2), (0, 2), (0, 2), (0, 2), (0, 2), (0, 2), (0, 2), (0, 2), (0, 1), (0, 2), (0, 1), (0, 2), (0, 2), (0, 2), (0, 1), (0, 2), (0, 2), (0, 2), (1, 2), (0, 2), (0, 3), (0, 3), (0, 3), (1, 2), (0, 3), (0, 3), (1, 2), (0, 3), (0, 3), (0, 3), (0, 3), (0, 3), (1, 2), (0, 3), (0, 1), (0, 3), (1, 2), (0, 3), (0, 3), (0, 3), (1, 2), (0, 3), (0, 3), (1, 2), (0, 3), (1, 3), (0, 3), (1, 2), (0, 3), (1, 3), (0, 3), (0, 3), (0, 3), (2, 3), (0, 3), (0, 2), (1, 2), (0, 3), (1, 2), (0, 3), (1, 3), (0, 3), (1, 2), (0, 3), (0, 3), (1, 2), (0, 3), (1, 2), (0, 3), (1, 3), (0, 3), (0, 3), (1, 2), (1, 3), (0, 3), (0, 2), (0, 3), (1, 3), (0, 3), (0, 2), (1, 2), (0, 4), (2, 3), (0, 4), (0, 2), (0, 4), (1, 4), (2, 3), (0, 4), (1, 3), (0, 4), (2, 3), (0, 4), (0, 4), (0, 4), (1, 2), (2, 3), (0, 4), (0, 2), (2, 3), (1, 4), (1, 4), (0, 4), (1, 2), (2, 3), (0, 4), (1, 3), (0, 4), (1, 4), (0, 4), (0, 4), (0, 3), (1, 2), (0, 4), (1, 3), (1, 3), (0, 4), (1, 3), (0, 4), (0, 3), (1, 3), (0, 4), (1, 3), (0, 4), (1, 2), (2, 3), (0, 4), (1, 2), (1, 4), (2, 3), (0, 4), (0, 3), (0, 4), (1, 3), (0, 4), (1, 2), (1, 3), (0, 4), (1, 2), (0, 3), (0, 4), (2, 3), (0, 4), (0, 3), (0, 4), (1, 3), (0, 4), (0, 2), (0, 3), (0, 4), (0, 5), (2, 4), (1, 5), (0, 5), (1, 2), (2, 3), (0, 4), (1, 2), (2, 3), (3, 4), (0, 5), (1, 3), (1, 4), (2, 3), (0, 5), (1, 2), (0, 5), (1, 5), (2, 3), (2, 4), (3, 4), (0, 5), (1, 2), (0, 4), (3, 4), (0, 5), (1, 2), (0, 5), (0, 5), (2, 4), (3, 4), (0, 5), (0, 3), (0, 4), (2, 3), (0, 5), (1, 2), (2, 3), (0, 5), (2, 3), (0, 4), (2, 3), (0, 4), (2, 3), (0, 5), (1, 3), (2, 3), (2, 5), (1, 4), (2, 3), (0, 5), (2, 3), (1, 4), (1, 3), (3, 4), (0, 5), (1, 5), (2, 3), (2, 4), (1, 5), (1, 3), (0, 4), (0, 3), (2, 3), (0, 5), (0, 4), (1, 4), (0, 5), (0, 5), (1, 6), (0, 1), (1, 4), (2, 3), (1, 6), (0, 1), (4, 5), (1, 6), (0, 1), (2, 3), (2, 4), (1, 6), (2, 3), (4, 5), (1, 6), (3, 5), (1, 6), (0, 1), (2, 4), (1, 5), (1, 4), (1, 6), (0, 1), (2, 4), (0, 5), (2, 5), (3, 6), (4, 5), (1, 6), (0, 1), (1, 3), (1, 6), (1, 5), (4, 5), (1, 6), (0, 1), (3, 4), (4, 5), (1, 6), (3, 4), (1, 6), (0, 1), (3, 4), (1, 5), (1, 4), (0, 5), (1, 5), (1, 6), (0, 1), (2, 5), (4, 5), (1, 6), (0, 1), (1, 2), (2, 3), (0, 5), (3, 4), (1, 6), (0, 1), (3, 4), (0, 5), (1, 2), (3, 4), (0, 5), (3, 5), (4, 5), (1, 6), (0, 1), (1, 4), (1, 6), (2, 3), (2, 4), (3, 4), (3, 5), (1, 6), (0, 1), (3, 4), (2, 5), (1, 6), (0, 1), (1, 3), (1, 6), (2, 4), (0, 5), (0, 3), (0, 5), (0, 5), (1, 2), (2, 4), (1, 6), (2, 3), (2, 4), (3, 4), (1, 6), (0, 1), (2, 4), (3, 4), (1, 6), (1, 5), (4, 5), (1, 6), (2, 3), (3, 4), (1, 6), (3, 4), (4, 5), (2, 7), (0, 2), (3, 4), (0, 5), (4, 5), (2, 7), (0, 2), (1, 2), (2, 3), (0, 5), (2, 3), (2, 5), (3, 4), (3, 7), (2, 7), (0, 2), (2, 3), (3, 5), (3, 5), (1, 6), (0, 1), (1, 2), (2, 7), (0, 2), (0, 5), (3, 5), (4, 6), (2, 7), (0, 2), (1, 6), (0, 1), (2, 3), (0, 5), (2, 3), (5, 6), (2, 7), (1, 2), (3, 5), (2, 7), (0, 2), (1, 2), (1, 4), (1, 6), (0, 1), (1, 2), (3, 5), (2, 7), (0, 2), (1, 2), (0, 4), (2, 3), (2, 4), (3, 4), (1, 6), (0, 1), (1, 2), (3, 4), (2, 5), (5, 6), (2, 7), (0, 2), (3, 4), (4, 5), (1, 6), (0, 1), (4, 5), (2, 7), (0, 2), (1, 2), (4, 6), (2, 7), (1, 2), (1, 3), (3, 4), (3, 6), (0, 3), (1, 3), (3, 4), (0, 5), (1, 3), (2, 5), (2, 7), (0, 2), (1, 2), (1, 5), (3, 4), (2, 6), (4, 5), (3, 6), (3, 7), (2, 3), (3, 4), (4, 6), (2, 7), (0, 2), (2, 3), (1, 5), (2, 3), (3, 4), (4, 5), (3, 6), (4, 6), (2, 7), (2, 4), (3, 4), (1, 5), (2, 3), (4, 5), (2, 7), (3, 4), (3, 8), (0, 3), (1, 2), (0, 3), (1, 2), (4, 5), (4, 7), (5, 6), (4, 5), (3, 8), (2, 3), (5, 6), (4, 5), (5, 6), (2, 7), (0, 2), (3, 8), (0, 3), (2, 3), (3, 8), (1, 3), (1, 6), (3, 8), (0, 3), (3, 7), (5, 6), (5, 8), (3, 5), (5, 6), (3, 8), (0, 3), (0, 2), (3, 7), (2, 3), (3, 8), (2, 3), (2, 7), (0, 2), (2, 3), (3, 8), (0, 3), (2, 3), (3, 4), (3, 5), (1, 6), (0, 1), (0, 3), (2, 3), (0, 5), (3, 8), (2, 3), (1, 5), (3, 8), (0, 3), (3, 4), (4, 6), (3, 8), (2, 3), (3, 6), (2, 3), (3, 8), (0, 3), (1, 2), (3, 5), (2, 7), (0, 2), (3, 8), (0, 3), (1, 2), (2, 3), (3, 4), (4, 8), (1, 4), (2, 5), (1, 6), (0, 1), (3, 8), (0, 3), (1, 2), (2, 3), (3, 4), (4, 5), (1, 6), (0, 1), (4, 5), (4, 8), (1, 4), (1, 3), (2, 3), (1, 4), (4, 6), (3, 5), (4, 5), (4, 7), (3, 4), (4, 5), (2, 6), (0, 2), (4, 5), (3, 8), (0, 3), (0, 2), (1, 2), (3, 4), (4, 5), (5, 6), (3, 8), (0, 3), (3, 8), (1, 3), (2, 3), (0, 4), (1, 2), (3, 5), (4, 5), (3, 6), (1, 3), (0, 5), (2, 7), (0, 2), (1, 2), (2, 4), (3, 8), (1, 3), (2, 3), (4, 6), (2, 7), (0, 2), (1, 2), (0, 4), (4, 5), (5, 7), (4, 5), (4, 8), (0, 4), (0, 4), (1, 2), (3, 5), (2, 6), (1, 2), (2, 7), (0, 2), (1, 2), (5, 7), (4, 5), (6, 7), (3, 8), (1, 3), (2, 3), (0, 4), (1, 6), (0, 1), (1, 2), (2, 7), (1, 2), (2, 4), (4, 5), (4, 6), (4, 9), (0, 4), (2, 3), (3, 4), (4, 5), (2, 7), (1, 2), (4, 5), (6, 7), (5, 9), (2, 5), (4, 5), (1, 6), (0, 1), (2, 7), (2, 4), (3, 8), (0, 3), (1, 3), (2, 3), (3, 4), (3, 5), (5, 6), (2, 5), (4, 5), (3, 8), (1, 3), (1, 4), (3, 4), (2, 5), (3, 4), (7, 8), (4, 9), (0, 4), (3, 4), (5, 7), (4, 5), (4, 8), (0, 4), (0, 4), (4, 8), (1, 4), (4, 9), (0, 4), (1, 2), (2, 3), (3, 4), (5, 8), (0, 5), (3, 4), (5, 9), (1, 5), (2, 5), (7, 8), (4, 9), (0, 4), (0, 2), (3, 5), (4, 5), (3, 6), (2, 3), (4, 5), (2, 7), (0, 2), (2, 5), (4, 9), (1, 4), (4, 5), (2, 6), (0, 2), (1, 2), (2, 3), (4, 5), (5, 6), (3, 8), (0, 3), (1, 6), (2, 3), (3, 5), (5, 9), (2, 5), (4, 9), (0, 4), (1, 3), (1, 4), (2, 7), (0, 2), (4, 6), (2, 7), (1, 2), (6, 7), (4, 6), (5, 6), (5, 7), (4, 9), (0, 4), (2, 5), (2, 7), (0, 2), (2, 7), (0, 2), (2, 3), (4, 5), (4, 9), (0, 4), (2, 3), (3, 4), (4, 9), (0, 4), (1, 2), (3, 4), (6, 7), (6, 8), (5, 6), (4, 9), (0, 4), (4, 5), (2, 7), (1, 2), (4, 5), (5, 6), (2, 7), (1, 4), (4, 8), (2, 4), (5, 9), (4, 5), (7, 8), (5, 9), (1, 5), (2, 4), (3, 4), (2, 5), (1, 6), (5, 10), (0, 5), (3, 4), (5, 7), (6, 9), (2, 6), (1, 6), (0, 1), (5, 6), (4, 5), (7, 9), (5, 10), (0, 5), (1, 4), (3, 6), (2, 3), (3, 4), (4, 8), (0, 4), (1, 2), (5, 7), (4, 9), (0, 4), (0, 3), (2, 3), (5, 10), (0, 5), (2, 3), (1, 5), (6, 9), (5, 10), (1, 5), (2, 4), (3, 5), (3, 6), (5, 6), (3, 8), (2, 3), (5, 10), (0, 5), (3, 4), (2, 6), (3, 4), (5, 8), (3, 5), (3, 5), (4, 9), (0, 4), (1, 3), (0, 5), (6, 7), (5, 10), (2, 5), (3, 5), (4, 5), (5, 10), (0, 5), (1, 2), (0, 5), (1, 3), (5, 6), (3, 8), (0, 3), (4, 7), (3, 4), (8, 9), (3, 8), (2, 3), (5, 10), (1, 5), (3, 5), (5, 6), (3, 8), (1, 3), (6, 9), (4, 6), (3, 4), (4, 5), (8, 9), (5, 10), (0, 5), (1, 3), (1, 6), (0, 1), (2, 3), (4, 5), (6, 7), (5, 10), (0, 5), (3, 6), (6, 10), (5, 6), (4, 5), (4, 7), (3, 4), (4, 9), (0, 4), (2, 4), (1, 5), (3, 5), (5, 10), (0, 5), (1, 2), (2, 7), (5, 6), (3, 8), (0, 3), (4, 9), (0, 4), (1, 2), (1, 6), (4, 5), (4, 7), (5, 6), (8, 10), (3, 8), (1, 3), (3, 4), (5, 8), (3, 5), (4, 5), (7, 9), (5, 7), (3, 5), (4, 6), (8, 11), (4, 8), (1, 4), (3, 4), (1, 6), (2, 3), (2, 4), (3, 4), (6, 7), (7, 8), (6, 11), (1, 6), (0, 1), (4, 5), (2, 5), (3, 5), (4, 5), (1, 6), (2, 7), (4, 5), (4, 6), (4, 8), (3, 7), (9, 10), (6, 11), (1, 6), (0, 1), (4, 7), (6, 10), (3, 6), (4, 5), (7, 8), (6, 11), (2, 6), (3, 4), (3, 5), (5, 8), (4, 5), (6, 11), (3, 6), (0, 3), (1, 4), (2, 5), (6, 8), (1, 6), (0, 1), (1, 3), (5, 10), (0, 5), (3, 4), (5, 10), (0, 5), (3, 4), (4, 7), (3, 4), (5, 6), (6, 7), (3, 6), (2, 3), (6, 8), (5, 6), (8, 9), (7, 10), (4, 7), (1, 5), (3, 5), (8, 11), (6, 8), (1, 6), (0, 1), (5, 6), (6, 8), (3, 6), (0, 3), (1, 5), (6, 11), (1, 6), (0, 1), (1, 2), (4, 5), (3, 6), (5, 10), (0, 5), (3, 4), (4, 5), (2, 7), (6, 7), (7, 9), (2, 7), (5, 9), (4, 5), (6, 9), (6, 11), (1, 6), (0, 1), (3, 5), (4, 6), (5, 7), (7, 10), (6, 7), (8, 9), (6, 11), (3, 6), (2, 3), (1, 5), (3, 4), (6, 8), (7, 8), (7, 10), (6, 7), (9, 10), (6, 11), (1, 6), (0, 1), (6, 7), (4, 9), (0, 4), (3, 5), (6, 8), (3, 6), (5, 6), (7, 9), (5, 7), (6, 10), (1, 6), (0, 1), (2, 3), (2, 4), (1, 6), (2, 7), (1, 2), (3, 4), (5, 7), (3, 5), (4, 5), (8, 9), (6, 11), (1, 6), (0, 1), (1, 3), (1, 5), (3, 4), (5, 6), (2, 7), (0, 2), (3, 4), (6, 8), (7, 11), (3, 7), (2, 3), (4, 5), (8, 10), (8, 11), (4, 8), (0, 4), (1, 2), (2, 3), (3, 4), (2, 7), (0, 2), (7, 12), (2, 7), (0, 2), (4, 6), (3, 4), (5, 6), (11, 12)]
