results/deeplll05/svpchallengedim40seed3dim15delta1.txt: 77.370 sec
b: [[69982118, 382941085, 841058291, -48216151, 345584460, -719774232, 210063614, 700403951, 265310327, 147584411, 234284734, 507947805, 0, -722624543, 0],
 [1383603812, -495573570, 208144417, 267212631, 214352026, 19996797, 709575689, 352890020, -233610656, 575198686, 175292413, 151169302, 0, 545271746, 0],
 [-21026091, 3717972, 166719082, -1176294955, -673894942, -440766862, 1248163816, -452820709, -163610716, -166453116, -278392184, -556638711, 0, -214595150, 0],
 [-4895988, 246387697, 522521937, -675832948, -201550813, -642901463, 158620558, -1319806096, -440606645, 813516553, -88636107, 829563144, 0, 871038, 0],
 [-668551740, 42396955, -201399163, 126889644, 1059547602, -11559086, -1010083514, 566348428, -503678186, -450427291, -1389471254, -393091594, 0, 204302202, 0],
 [1181282663, 917299911, 865934729, 78472099, -1015323759, 708733023, 1060822631, 222322089, -4933454, 211109153, 3266537, -188230475, 0, -871608099, 0],
 [21887404, 489644014, -552205092, 501495850, -779660656, 833118011, 154852579, 607518243, 1268301220, 1085291212, -165687523, -38389928, 0, 68587635, 0],
 [579552428, 787359340, 203918458, -934198246, 734848007, -352666428, 204678435, 1249831809, -498846473, 234144378, 587695752, -521702387, 0, 692291728, 0],
 [-40281756, 166192526, -175521184, -451783872, 1135879342, -113146694, 1629189161, -142305931, -299355580, -502373927, 1125637564, -653303113, 0, 461364309, 0],
 [-735659666, -545946323, -55780753, 272983106, 232509880, 579630694, 157012116, -226841537, -733120572, 1747944700, 719547549, -91513753, 0, 1216854773, 0],
 [645281032, 238209981, -707291956, -593021089, -432712575, -1018212188, 364956409, -321597642, -1118860159, 371811310, -667209889, 549170920, 0, -523367261, 0],
 [303076507, 329290835, 438143140, 345012564, -420543873, -1350994618, 534100022, -549192100, 768409751, -116547378, -530331543, 196366160, 0, 936286985, 0],
 [222781323, -879434588, 575174849, 490972438, 10810768, -488900116, -437338916, -222107433, 339933448, -685675793, 55731662, -1636944838, 0, -513563411, 0],
 [534279548, -1057660827, 486400772, -199374929, -551329585, -719602076, 341136865, -106180430, 116129862, -872476660, 392147678, -380602790, 1, 196889263, 0],
 [267416263, 505564669, 217514999, 324368699, 570373970, 187827067, 161007812, -963660558, -810605855, -443441852, -466842091, -717062182, 0, -76761003, 1]], shape=[15, 15], strides=[15, 1], layout=Cc (0x5), const ndim=2
v_norms: [2960698465364462932, 2709348420991982267173819403016005332/740174616341115733, 46712133825918547395063254693886282502687663444637959127/10837393683967929068695277612064021328, 181803389998152191756061427557456833102858376256948780489672040784645948794/46712133825918547395063254693886282502687663444637959127, 716094805292576129320381776061063530061040571843557221794509630514604933242649525736504285671/181803389998152191756061427557456833102858376256948780489672040784645948794, 378673550260533251893697308954030673798048986755965061885784833857864749641984076477435164341151655506032695142/102299257898939447045768825151580504294434367406222460256358518644943561891807075105214897953, 9156872176233781392589188489376621157388185378628303100235393705985635487647993589071068425215417717487916196733737955351526763547/2650714851823732763255881162678214716586342907291755433200493837005053247493888535342046150388061588542228865994, 10949233591951556467620934130187457005503137208817157394382424200028446365100044479054811121488089212457285998977192389435661118714467060145980490851/3052290725411260464196396163125540385796061792876101033411797901995211829215997863023689475071805905829305398911245985117175587849, 88896542833803255010437983824785267207951960491822606861349545592617749733368567760906778735833552549329109141376559488359576484309299372090730584941421210727494125093/32847700775854669402862802390562371016509411626451472183147272600085339095300133437164433364464267637371857996931577168306983356143401180437941472553, 266142080346813118113452158493190264717412422130950794667977832162859045006464003263855847606276158237719766492510531814496552842875069326511614283588528854836245618147726047338998486010/88896542833803255010437983824785267207951960491822606861349545592617749733368567760906778735833552549329109141376559488359576484309299372090730584941421210727494125093, 123804240756151914012205228702679657453341305872136064898226855523761201865638183320196347813692259575168310934446252780887551519849356158078081651744229737964901012780044732923761723598838039260453852621/53228416069362623622690431698638052943482484426190158933595566432571809001292800652771169521255231647543953298502106362899310568575013865302322856717705770967249123629545209467799697202, 306247282636172824442608768611189770450280550482991843901492407454020968198179228492631148867684672399557966667727856466871739682114672371194708543621746177576943720368984987045815166987869782979708607018730078734713755719/123804240756151914012205228702679657453341305872136064898226855523761201865638183320196347813692259575168310934446252780887551519849356158078081651744229737964901012780044732923761723598838039260453852621, 3555822303820348596126553004628936474041015535377025692352552146379066324338315123754919151117534890525948044022890187454352924360155754362269122969205393295793750186796242258607490889162196269041214588937709727697784976369467234839970239849/1531236413180864122213043843055948852251402752414959219507462037270104840990896142463155744338423361997789833338639282334358698410573361855973542718108730887884718601844924935229075834939348914898543035093650393673568778595, 1, 1], shape=[15], strides=[1], layout=CFcf (0xf), const ndim=1
Mu { arr: [135936780278515581/1480349232682231466, -34577632115336391/2960698465364462932, -62550731600391529424126383788256163/5418696841983964534347638806032010664, 117806254693885836/740174616341115733, 20706029625596209230951472645826131/2709348420991982267173819403016005332, 17373963390549607514123552536078654132420950051691474506/46712133825918547395063254693886282502687663444637959127, -520026467040942233/2960698465364462932, -119150730932875101673849384299833127/285194570630734975491980989791158456, -2630875867207729890605058644733405306582139710628907513/6673161975131221056437607813412326071812523349233994161, -42594773636450928455490311135133202194019127803128884971008072082641150095/181803389998152191756061427557456833102858376256948780489672040784645948794, 1240853042591751421/2960698465364462932, 2241638267055433273251229121110079837/5418696841983964534347638806032010664, 20747399709468106338672409825020855180204408418653345767/46712133825918547395063254693886282502687663444637959127, -15435847018721194989776406491525444411765220331408307566880110696452728571/90901694999076095878030713778728416551429188128474390244836020392322974397, -44038007656290013400311381284982340839013794669166213392520957614241723707985285802205022908/102299257898939447045768825151580504294434367406222460256358518644943561891807075105214897953, -80463629140826657/740174616341115733, 252086698483222905419721060261171593/2709348420991982267173819403016005332, -10181028497262224946488066251276910432751902587967013346/46712133825918547395063254693886282502687663444637959127, -44733096764863453203758149638129392189386284363087594017232004248118162195/181803389998152191756061427557456833102858376256948780489672040784645948794, -335319161484835349112019107754225723317946379008419901776472613994210017659730598593383256857/716094805292576129320381776061063530061040571843557221794509630514604933242649525736504285671, 137286141216413002215610384798532402595764868982845562038033519100859087516511443860513028025723871994778464283/378673550260533251893697308954030673798048986755965061885784833857864749641984076477435164341151655506032695142, 1259426694013292609/2960698465364462932, 2188620956641660425011667731461795009/5418696841983964534347638806032010664, 5700819967116122212237391404564759650892679104943053619/46712133825918547395063254693886282502687663444637959127, -25476210378034400939163299851205540286384521595647092280117687806172396014/90901694999076095878030713778728416551429188128474390244836020392322974397, 224805172589110729519958321144903938741718545855227169320052903857941389849408865970254524540/716094805292576129320381776061063530061040571843557221794509630514604933242649525736504285671, -23955143503410817001323965244127098960269233896743917462314098747633853341468753721024305577329932426250189570/189336775130266625946848654477015336899024493377982530942892416928932374820992038238717582170575827753016347571, -64197086938163098819471492504772459565806940062092057532974403903938515416236077473439588500735496626169472502327475790371464986/3052290725411260464196396163125540385796061792876101033411797901995211829215997863023689475071805905829305398911245985117175587849, 48222340814504499/1480349232682231466, 434451503753590341615902997715185289/1354674210495991133586909701508002666, 405795112133045627057701771684478889034286448229846484/881361015583368818774778390450684575522408744238452059, -26526747513504251375766064658071193968015839650230686014358725651699609967/90901694999076095878030713778728416551429188128474390244836020392322974397, -58470262548078190280068104026653401839842028839465289673307708914269833652033803590856933092/716094805292576129320381776061063530061040571843557221794509630514604933242649525736504285671, -177823788684279668181836519710328936120811179321549536993284433504649626478127528221678580186028848929987296889/378673550260533251893697308954030673798048986755965061885784833857864749641984076477435164341151655506032695142, -3668374950192407149084629672625176285604153785529358574416579718384470489557910530672714152901918183372427375631225945437697554497/9156872176233781392589188489376621157388185378628303100235393705985635487647993589071068425215417717487916196733737955351526763547, 5047553632893973559053346010030173858461445580880054254358838505100745901132089514117340712887646380082572106242771087768439217252698660934115122182/10949233591951556467620934130187457005503137208817157394382424200028446365100044479054811121488089212457285998977192389435661118714467060145980490851, -1477144368573443125/2960698465364462932, 2213058683888458349426176762433798221/5418696841983964534347638806032010664, -206922699848491734869325842014856098756878502304487229/881361015583368818774778390450684575522408744238452059, 41262185050424214528645824464556411102231108868794935503021334836208857549/90901694999076095878030713778728416551429188128474390244836020392322974397, -52006387893608874372932646293530305038146183236908821371786807013993148072123875428095470998/716094805292576129320381776061063530061040571843557221794509630514604933242649525736504285671, -58684298777181515982264550570140520402438963963016605599739337631731544387643508248095064211399121934729549831/189336775130266625946848654477015336899024493377982530942892416928932374820992038238717582170575827753016347571, 3191011270685395077669477558637925708508187013145769471207688758955012154921988037112141910243058384901634555509380749704332911520/9156872176233781392589188489376621157388185378628303100235393705985635487647993589071068425215417717487916196733737955351526763547, 3948467670057640256644906649844135715440714769324044785091809414155749973953613526638851063764202314133231167961901342175790756586696404514829074894/10949233591951556467620934130187457005503137208817157394382424200028446365100044479054811121488089212457285998977192389435661118714467060145980490851, 31481004564747756595228133306749276913991030039433688282506689354793469200573782505290580123410133353343485177249533690357536009044751320709712337368947775410729534711/88896542833803255010437983824785267207951960491822606861349545592617749733368567760906778735833552549329109141376559488359576484309299372090730584941421210727494125093, 131858704043569659/1480349232682231466, 117160948167941262813646054708559087/677337105247995566793454850754001333, 22026356971129037825421734107751394845097397641652155456/46712133825918547395063254693886282502687663444637959127, 84915904947482768906720262638362318148857774418111709638849576766608928173/181803389998152191756061427557456833102858376256948780489672040784645948794, 215761924860540254575135458715905069265502255034017773859181550347899086608728743106493816069/716094805292576129320381776061063530061040571843557221794509630514604933242649525736504285671, 17092391595164270188634834609843177101461669037767190524056010006761210152103837935660239622368219437847235150/189336775130266625946848654477015336899024493377982530942892416928932374820992038238717582170575827753016347571, -82359408605227251549573230480796699861072688915435188075939194923437389165161866532419259096944655042311174234560856582937825208/3052290725411260464196396163125540385796061792876101033411797901995211829215997863023689475071805905829305398911245985117175587849, -455740052318497041896447380016822871114281343550099485289912382591642206913788992352159355434554396118685494395759951566749134563819913088016656602/10949233591951556467620934130187457005503137208817157394382424200028446365100044479054811121488089212457285998977192389435661118714467060145980490851, -28414691958395814248692664760548022951544590122530885615766855227109524959476319240014905502726434255043784060777218609603998858909749412313375247657293962068063840234/88896542833803255010437983824785267207951960491822606861349545592617749733368567760906778735833552549329109141376559488359576484309299372090730584941421210727494125093, -15598728888579215769086265213915424741248502052423217020224771794828348863695245529683383424940544465296765375587154242516666434806179550708080826290835730370622171931751929424549985853/53228416069362623622690431698638052943482484426190158933595566432571809001292800652771169521255231647543953298502106362899310568575013865302322856717705770967249123629545209467799697202, 539371705665608183/2960698465364462932, 975158203036846436695017317513293331/5418696841983964534347638806032010664, 13018565076047231112952046578132702804750806266683649961/46712133825918547395063254693886282502687663444637959127, 25176606961825088453069077571414510034469445275701449153884834706118220388/90901694999076095878030713778728416551429188128474390244836020392322974397, 17984434098434189238528990886243979111769162590876971829397080931194221602097586335709087996/716094805292576129320381776061063530061040571843557221794509630514604933242649525736504285671, -36270770924564824132042285984849878072344984807809291173308300301310358106852506824497231680301935253719834827/189336775130266625946848654477015336899024493377982530942892416928932374820992038238717582170575827753016347571, 2308209253582927895143011065320078903146261006852552419430568262646983270854094383936025609828191284579287577050486059073111087152/9156872176233781392589188489376621157388185378628303100235393705985635487647993589071068425215417717487916196733737955351526763547, -2523360332248683443335863294010898099371402661271647607314818529002236354424585278405490454804263373935712237086590506909840581357202119519060977319/10949233591951556467620934130187457005503137208817157394382424200028446365100044479054811121488089212457285998977192389435661118714467060145980490851, -3082588719473078874867868263613995051045639612032622683680601921117304518069768130362442673759009965941417606094737730539307510600570472880485532366018266124414410318/88896542833803255010437983824785267207951960491822606861349545592617749733368567760906778735833552549329109141376559488359576484309299372090730584941421210727494125093, -12664358543972162919036782747705964412015192582841285895948085735198961909742254550751779543755013456731613928917428147914918387131581709024525625229402282275468926647995371029236340981/26614208034681311811345215849319026471741242213095079466797783216285904500646400326385584760627615823771976649251053181449655284287506932651161428358852885483624561814772604733899848601, -47846030178245686170465652040421298747258451431784703349554155933381454827517534901984798217664056916623891920441080807293821589236950273426631145449813186268263337759128990357839943908452096873158069150/123804240756151914012205228702679657453341305872136064898226855523761201865638183320196347813692259575168310934446252780887551519849356158078081651744229737964901012780044732923761723598838039260453852621, -52804367116266224/740174616341115733, -276321243874683065280398018194811051/2709348420991982267173819403016005332, 3586526196786330060729211891746113083339102841018708102/46712133825918547395063254693886282502687663444637959127, -87383599321388604113895756608998124949010747861335644919024056426705467653/181803389998152191756061427557456833102858376256948780489672040784645948794, 34753481295224932245428590739314936505570365494964012799040034222851334310732015177369953407/716094805292576129320381776061063530061040571843557221794509630514604933242649525736504285671, -20850330332565156148841205153641262326060897394310425343415575471237838228416598868339278155384209626670435159/189336775130266625946848654477015336899024493377982530942892416928932374820992038238717582170575827753016347571, -1368869321602037808939000201781902306026643531534115335265635850390403831338642220463650198135986480092977016619018899098484506816/3052290725411260464196396163125540385796061792876101033411797901995211829215997863023689475071805905829305398911245985117175587849, -4146702706943512515643316374721149836197602632414080773052651192671996044099012042074023132209662471970323258095022366506183409138885597951320053689/10949233591951556467620934130187457005503137208817157394382424200028446365100044479054811121488089212457285998977192389435661118714467060145980490851, -22833192343706722396131111739737003167133212877785376329871722537472397713571439001228751254951792555631990833008373799190244729566042331414559403993181576164181505512/88896542833803255010437983824785267207951960491822606861349545592617749733368567760906778735833552549329109141376559488359576484309299372090730584941421210727494125093, 16609961908214023995813680185269789669845345074375884362183658007398875477735506444001614930390072096339862216346084497776248042340988237901408450298442036089161825822112868436248610019/133071040173406559056726079246595132358706211065475397333988916081429522503232001631927923803138079118859883246255265907248276421437534663255807141794264427418122809073863023669499243005, -58132986511941729825841244019912014848599435340953314385136217125286632194791753355804462623560336962343491541436079474478585477921317454215712366800558905198502537424796329946762614476993230307653912540/123804240756151914012205228702679657453341305872136064898226855523761201865638183320196347813692259575168310934446252780887551519849356158078081651744229737964901012780044732923761723598838039260453852621, 63225934233221688137874226021706995655875362741059204758886681593873539105865648014460266641370620660285783552502247537115223828815941968034155957134971625757732402924284146000839652529377626290684347160704030327705864617/306247282636172824442608768611189770450280550482991843901492407454020968198179228492631148867684672399557966667727856466871739682114672371194708543621746177576943720368984987045815166987869782979708607018730078734713755719, 34101414824259519/2960698465364462932, 1435680132776317449510531502775314265/5418696841983964534347638806032010664, 18004118096563252662676180259948625298056078120410565011/46712133825918547395063254693886282502687663444637959127, -39626254876107882560898135812796682601204419207922852947155931804665960785/181803389998152191756061427557456833102858376256948780489672040784645948794, -119810724169233064573979028055330412524646585776960240473767372975757640908511716414846750553/716094805292576129320381776061063530061040571843557221794509630514604933242649525736504285671, -144243808101315464815479013965813367447984610668682174727375459025169159711706836961461702461089013760810950347/378673550260533251893697308954030673798048986755965061885784833857864749641984076477435164341151655506032695142, -1434156823637375639166667888338033365036178541688741056471922301548145320085325134898605949904588735849910116063752188618082355923/3052290725411260464196396163125540385796061792876101033411797901995211829215997863023689475071805905829305398911245985117175587849, -3055876907927853060107935609726088560420791570124143821803712708592469921010858072890388649404544551078187432301046715844782473013015628212212713100/10949233591951556467620934130187457005503137208817157394382424200028446365100044479054811121488089212457285998977192389435661118714467060145980490851, -39789407784924692544255840938734561714877728145255783493993846574342437924089212208169601867304112992987492856264711793623825779058986496041973548507357647663780944804/88896542833803255010437983824785267207951960491822606861349545592617749733368567760906778735833552549329109141376559488359576484309299372090730584941421210727494125093, -13480387298157838530622474791439553010915999482457580280398478749219023884836699573092200500208107778156232698755118201575741674481199824021809215218352644649276826106740922921715623633/266142080346813118113452158493190264717412422130950794667977832162859045006464003263855847606276158237719766492510531814496552842875069326511614283588528854836245618147726047338998486010, -41531961688974992069318813312672212701152334115087795365134383375055275094124955557061914731834132647560192780010226153117028091394990192247220801368350452593865284731049031793649571364526882663144456617/123804240756151914012205228702679657453341305872136064898226855523761201865638183320196347813692259575168310934446252780887551519849356158078081651744229737964901012780044732923761723598838039260453852621, 73718735714138830484703914438935192666406235888687776624912988212048894287234954204701301576227814499321887991918742027588642856745506098939978535304435482609835452718496948704223275678727760452861514814945373468652624180/306247282636172824442608768611189770450280550482991843901492407454020968198179228492631148867684672399557966667727856466871739682114672371194708543621746177576943720368984987045815166987869782979708607018730078734713755719, 151786513204006062225628610973811256148511314265152232267607456794191733415514777299188128468097079506755656516448700307/1885688814152629107154277619922876764304596912286249014523708361083916319771495841954230015734021842775617758303354433043, -898233620131869807/2960698465364462932, -94304629968511524190648528580991685/5418696841983964534347638806032010664, 6089853858887023848434270057299098384059819314170498025/46712133825918547395063254693886282502687663444637959127, 10666385371013213445088331791220939010746268973419748800898296661241497726/90901694999076095878030713778728416551429188128474390244836020392322974397, 254670330166595582635912024393791752931037956359075585042287534893406123716074471633280437840/716094805292576129320381776061063530061040571843557221794509630514604933242649525736504285671, 148185877650993841255955175956214540078184517477482829394960914351735498885773161379980993450463319129746280207/378673550260533251893697308954030673798048986755965061885784833857864749641984076477435164341151655506032695142, -263295957787724579526414336084177468556185090231526457724848346885658619381072292191956216960732649861222259389190430250705089621/538639539778457728975834617022154185728716786978135476484434923881507969861646681710062848542083395146348011572572820903030986091, -5562363946747231876121555888718998483059023179634669956243748392473005986008881501744111244650676433337165916690963409848765853145775707943824020/10949233591951556467620934130187457005503137208817157394382424200028446365100044479054811121488089212457285998977192389435661118714467060145980490851, 43713255176611065999289227155501224899720166399883506581726399227694433510790902705489273668275978513945520156083572858037822230561238831102053768771006116390591991061/88896542833803255010437983824785267207951960491822606861349545592617749733368567760906778735833552549329109141376559488359576484309299372090730584941421210727494125093, -25286898758516246217382106130559584992806034215475137072572149056051885504974457624922067632951418245116715106957533008288375872827520557652072006821584539997904257274297644750650799403/266142080346813118113452158493190264717412422130950794667977832162859045006464003263855847606276158237719766492510531814496552842875069326511614283588528854836245618147726047338998486010, -3532640191412080509953566340811006262182542830373886482254046238465037588029141932617463102166618393254529036454291129345077666082427138464807011607359994328901516822179979045973985455815528552965629141/123804240756151914012205228702679657453341305872136064898226855523761201865638183320196347813692259575168310934446252780887551519849356158078081651744229737964901012780044732923761723598838039260453852621, 1132353467447852719832962506244670419274712031288044772180337736172859888881687983394695315319756436733688839431381298860622645728076107509221604757054570385425633543736687777391156631819882405149625387968205457858965455/5778250615776845744200165445494146612269444348735695167952686933094735249022249594200587714484616460369018239013733140884372446832352308890466198936259361841074409818282735604638022018639052509051105792806227900654976523, 697044415634131039669566354654269837973856066047533090244731114849137057233705106595909671932417941122189421598547170307/1885688814152629107154277619922876764304596912286249014523708361083916319771495841954230015734021842775617758303354433043, 0] }
(hist.len, cnt): (1338, 12812)
[(0, 1), (0, 1), (0, 1), (0, 1), (0, 1), (0, 1), (0, 1), (0, 1), (0, 1), (0, 1), (0, 1), (0, 1), (0, 1), (0, 1), (0, 1), (0, 1), (0, 1), (0, 1), (0, 1), (0, 1), (0, 1), (0, 1), (0, 1), (0, 1), (0, 1), (0, 1), (0, 1), (0, 1), (0, 1), (0, 1), (0, 1), (0, 1), (0, 1), (0, 1), (0, 1), (0, 1), (0, 1), (0, 1), (0, 1), (0, 1), (0, 1), (0, 1), (0, 1), (0, 1), (0, 1), (0, 1), (0, 1), (0, 1), (0, 1), (0, 1), (0, 1), (0, 1), (0, 1), (0, 1), (0, 1), (0, 1), (0, 1), (0, 1), (0, 1), (0, 1), (0, 1), (0, 1), (0, 1), (0, 1), (0, 1), (0, 1), (0, 1), (0, 1), (0, 1), (0, 1), (0, 1), (0, 1), (0, 1), (0, 1), (0, 1), (0, 1), (0, 1), (0, 2), (0, 2), (0, 1), (0, 2), (0, 2), (0, 1), (1, 2), (0, 2), (0, 2), (0, 2), (0, 2), (0, 1), (0, 2), (1, 2), (0, 2), (0, 2), (0, 2), (0, 2), (0, 2), (1, 2), (0, 2), (0, 1), (0, 2), (0, 2), (0, 2), (0, 2), (0, 2), (0, 2), (0, 2), (0, 2), (0, 2), (0, 2), (0, 1), (0, 2), (0, 2), (1, 2), (0, 2), (0, 2), (0, 2), (0, 2), (0, 2), (0, 2), (0, 2), (0, 2), (0, 2), (0, 2), (0, 1), (0, 1), (0, 2), (0, 2), (0, 2), (0, 2), (0, 2), (0, 2), (0, 2), (0, 2), (1, 2), (0, 2), (0, 2), (0, 2), (2, 3), (0, 3), (0, 3), (1, 2), (0, 3), (0, 2), (0, 3), (0, 3), (0, 3), (1, 2), (0, 3), (0, 3), (0, 3), (0, 3), (0, 3), (1, 2), (1, 3), (0, 2), (0, 3), (0, 3), (0, 3), (0, 2), (1, 3), (0, 3), (0, 3), (0, 3), (0, 3), (0, 3), (0, 2), (0, 2), (1, 2), (0, 3), (1, 3), (0, 3), (0, 3), (0, 3), (0, 3), (0, 3), (1, 3), (0, 3), (0, 3), (1, 3), (0, 3), (0, 3), (0, 2), (0, 2), (1, 2), (0, 3), (1, 2), (0, 3), (0, 2), (0, 3), (0, 3), (1, 2), (0, 3), (0, 2), (0, 3), (0, 3), (1, 2), (0, 3), (0, 3), (1, 3), (1, 3), (0, 3), (1, 3), (0, 3), (0, 4), (0, 4), (2, 3), (0, 4), (0, 3), (2, 3), (1, 4), (1, 4), (2, 3), (0, 4), (1, 4), (0, 4), (0, 4), (0, 2), (0, 3), (0, 3), (0, 4), (1, 2), (2, 3), (0, 4), (2, 3), (0, 4), (2, 3), (0, 4), (2, 3), (1, 3), (2, 3), (0, 4), (2, 3), (1, 4), (0, 4), (1, 2), (1, 3), (0, 4), (1, 2), (0, 4), (1, 2), (0, 4), (1, 2), (0, 4), (2, 3), (0, 4), (0, 4), (0, 4), (0, 4), (1, 2), (0, 4), (1, 2), (1, 3), (2, 3), (0, 4), (0, 2), (0, 4), (0, 4), (1, 2), (0, 4), (1, 3), (0, 4), (1, 3), (0, 4), (2, 3), (0, 4), (2, 3), (1, 4), (0, 3), (0, 4), (2, 3), (0, 4), (1, 5), (0, 5), (2, 3), (0, 5), (1, 2), (1, 3), (2, 5), (1, 5), (2, 4), (3, 4), (1, 5), (1, 3), (3, 4), (0, 5), (0, 4), (1, 2), (1, 3), (0, 5), (0, 5), (2, 3), (0, 4), (3, 4), (0, 5), (1, 3), (0, 5), (0, 2), (1, 3), (0, 5), (2, 3), (1, 5), (3, 4), (0, 5), (1, 2), (0, 5), (0, 5), (0, 5), (3, 4), (0, 5), (2, 4), (2, 4), (0, 5), (0, 4), (1, 2), (2, 3), (0, 5), (1, 4), (0, 5), (1, 2), (1, 4), (3, 4), (0, 5), (1, 2), (0, 4), (2, 3), (0, 5), (0, 5), (0, 5), (2, 3), (0, 4), (1, 2), (0, 5), (0, 5), (3, 4), (2, 5), (0, 5), (1, 2), (1, 3), (2, 3), (1, 4), (0, 4), (0, 5), (1, 5), (1, 4), (2, 3), (1, 6), (0, 1), (1, 2), (2, 3), (1, 6), (0, 1), (1, 2), (3, 4), (1, 6), (0, 1), (2, 4), (2, 5), (1, 6), (0, 1), (2, 4), (3, 4), (1, 6), (0, 1), (1, 6), (2, 3), (2, 6), (4, 5), (1, 6), (3, 4), (1, 6), (0, 1), (1, 5), (1, 6), (3, 4), (2, 6), (3, 4), (1, 6), (1, 4), (3, 5), (2, 4), (3, 4), (1, 6), (0, 4), (0, 5), (1, 6), (0, 1), (3, 4), (0, 5), (0, 2), (1, 2), (0, 3), (1, 2), (2, 3), (4, 5), (1, 6), (0, 1), (3, 4), (0, 5), (1, 6), (0, 1), (2, 3), (0, 4), (3, 4), (2, 5), (4, 5), (1, 6), (0, 1), (1, 2), (3, 5), (4, 5), (1, 6), (2, 4), (3, 5), (1, 6), (0, 1), (2, 4), (3, 4), (3, 5), (1, 6), (4, 5), (1, 6), (0, 1), (1, 5), (0, 3), (4, 5), (2, 6), (2, 5), (4, 5), (1, 6), (0, 1), (0, 5), (2, 3), (1, 6), (0, 1), (1, 2), (1, 4), (2, 5), (4, 5), (2, 6), (3, 6), (2, 3), (2, 7), (1, 2), (2, 4), (4, 5), (5, 6), (3, 5), (4, 5), (2, 7), (1, 2), (3, 4), (2, 5), (2, 6), (3, 5), (2, 7), (1, 2), (2, 4), (5, 6), (2, 7), (5, 6), (4, 5), (3, 7), (0, 3), (0, 2), (3, 4), (0, 5), (1, 6), (2, 3), (4, 6), (2, 7), (0, 2), (0, 1), (3, 4), (2, 6), (4, 5), (2, 7), (3, 5), (2, 6), (2, 6), (3, 4), (2, 7), (0, 2), (0, 3), (4, 5), (2, 7), (0, 2), (1, 2), (3, 4), (1, 5), (2, 4), (3, 6), (2, 7), (0, 2), (0, 4), (0, 2), (3, 5), (2, 7), (0, 2), (3, 6), (1, 3), (2, 7), (0, 2), (1, 3), (2, 3), (2, 7), (0, 2), (2, 3), (2, 4), (1, 6), (0, 1), (3, 4), (4, 5), (2, 6), (2, 7), (0, 2), (4, 5), (5, 6), (2, 7), (0, 2), (0, 3), (2, 4), (5, 6), (2, 7), (0, 2), (1, 3), (2, 4), (5, 6), (2, 7), (0, 2), (1, 2), (1, 5), (2, 4), (2, 7), (0, 2), (1, 2), (3, 5), (1, 6), (0, 1), (1, 3), (2, 3), (4, 5), (2, 7), (0, 2), (1, 3), (4, 5), (2, 7), (0, 2), (3, 4), (4, 5), (2, 6), (2, 7), (0, 2), (1, 2), (1, 4), (2, 6), (2, 7), (0, 2), (3, 5), (3, 5), (1, 6), (0, 1), (2, 4), (2, 6), (3, 4), (4, 5), (2, 7), (1, 2), (5, 6), (2, 7), (0, 2), (1, 3), (1, 5), (2, 7), (0, 2), (0, 2), (3, 4), (4, 5), (3, 7), (4, 8), (2, 4), (5, 6), (3, 8), (1, 3), (3, 4), (3, 5), (1, 6), (0, 1), (4, 5), (4, 7), (2, 4), (3, 4), (3, 8), (0, 3), (1, 3), (3, 4), (2, 5), (3, 4), (1, 6), (2, 7), (0, 2), (3, 7), (2, 3), (2, 4), (3, 8), (0, 3), (1, 6), (0, 1), (5, 6), (5, 7), (3, 8), (1, 3), (1, 6), (0, 1), (4, 8), (0, 4), (1, 2), (2, 5), (4, 7), (0, 4), (1, 3), (1, 4), (2, 3), (3, 4), (3, 8), (0, 3), (1, 2), (2, 5), (1, 6), (0, 1), (2, 3), (1, 4), (5, 6), (4, 7), (3, 8), (0, 3), (2, 4), (5, 6), (3, 5), (2, 7), (0, 2), (1, 2), (3, 8), (0, 3), (3, 4), (2, 7), (0, 2), (3, 4), (2, 5), (4, 5), (1, 6), (2, 3), (3, 5), (3, 8), (1, 3), (2, 3), (4, 5), (3, 8), (0, 3), (1, 6), (6, 7), (3, 8), (1, 3), (3, 6), (3, 8), (0, 3), (4, 5), (4, 6), (2, 7), (1, 2), (3, 8), (1, 3), (3, 4), (1, 5), (3, 8), (0, 3), (2, 3), (6, 7), (3, 8), (0, 3), (1, 2), (5, 6), (4, 8), (1, 4), (2, 3), (1, 4), (1, 5), (4, 5), (1, 6), (0, 1), (0, 2), (2, 7), (4, 5), (3, 8), (0, 3), (1, 2), (2, 4), (4, 8), (2, 4), (2, 7), (0, 2), (0, 2), (3, 4), (0, 5), (2, 7), (1, 2), (3, 4), (6, 7), (3, 8), (0, 3), (2, 3), (2, 5), (6, 7), (3, 8), (4, 9), (0, 4), (3, 4), (3, 8), (1, 3), (6, 7), (4, 9), (0, 4), (2, 4), (5, 9), (1, 5), (3, 5), (4, 5), (6, 7), (7, 8), (5, 7), (4, 5), (4, 9), (0, 4), (1, 2), (1, 3), (2, 3), (1, 4), (1, 3), (5, 6), (4, 5), (5, 6), (3, 7), (1, 3), (0, 2), (1, 2), (3, 8), (0, 3), (1, 2), (3, 4), (1, 6), (0, 1), (2, 3), (4, 5), (4, 6), (3, 7), (2, 3), (4, 9), (0, 4), (1, 2), (2, 5), (5, 7), (2, 5), (3, 8), (0, 3), (2, 3), (2, 7), (5, 7), (4, 9), (0, 4), (0, 2), (3, 8), (0, 3), (3, 5), (1, 6), (2, 3), (3, 4), (2, 5), (6, 7), (3, 8), (1, 3), (2, 3), (1, 4), (3, 4), (2, 5), (4, 6), (4, 8), (0, 4), (5, 9), (0, 5), (1, 2), (2, 7), (0, 2), (3, 4), (5, 8), (4, 5), (4, 9), (0, 4), (1, 2), (2, 3), (3, 4), (4, 9), (0, 4), (1, 6), (0, 1), (2, 7), (1, 2), (2, 5), (4, 5), (4, 9), (0, 4), (2, 4), (4, 6), (2, 7), (1, 2), (5, 6), (4, 5), (4, 7), (5, 8), (6, 7), (6, 8), (4, 9), (1, 4), (2, 3), (4, 6), (7, 8), (4, 7), (5, 6), (4, 9), (2, 4), (4, 9), (0, 4), (1, 2), (1, 4), (4, 5), (6, 7), (4, 9), (0, 4), (3, 4), (3, 6), (6, 8), (2, 6), (1, 3), (2, 3), (4, 5), (1, 6), (2, 4), (3, 4), (2, 7), (1, 2), (3, 5), (7, 8), (4, 9), (2, 4), (3, 6), (5, 7), (4, 9), (1, 4), (2, 3), (4, 6), (6, 10), (1, 6), (0, 1), (3, 4), (1, 5), (4, 5), (8, 9), (6, 10), (1, 6), (0, 1), (3, 6), (2, 3), (4, 7), (2, 4), (5, 10), (0, 5), (1, 4), (3, 4), (1, 5), (2, 7), (0, 2), (1, 5), (4, 8), (0, 4), (1, 3), (2, 4), (5, 10), (0, 5), (2, 3), (1, 6), (2, 3), (3, 4), (5, 9), (3, 5), (1, 5), (2, 4), (3, 5), (5, 10), (0, 5), (3, 5), (3, 5), (7, 8), (5, 10), (0, 5), (4, 5), (4, 6), (5, 8), (4, 5), (8, 10), (4, 8), (3, 4), (2, 5), (3, 4), (4, 5), (5, 10), (0, 5), (1, 3), (3, 4), (2, 5), (4, 5), (4, 7), (7, 9), (5, 10), (0, 5), (2, 4), (3, 4), (6, 7), (3, 8), (1, 3), (2, 3), (4, 9), (0, 4), (2, 4), (3, 8), (2, 3), (7, 9), (5, 10), (1, 5), (5, 6), (7, 8), (4, 9), (0, 4), (2, 3), (3, 7), (6, 8), (5, 10), (2, 5), (3, 4), (3, 5), (4, 5), (3, 7), (5, 10), (0, 5), (1, 2), (4, 7), (6, 7), (5, 10), (1, 5), (2, 3), (2, 4), (3, 4), (7, 8), (3, 7), (1, 3), (2, 3), (8, 10), (4, 8), (0, 4), (2, 4), (4, 9), (0, 4), (1, 3), (2, 3), (1, 4), (1, 3), (1, 5), (6, 7), (4, 9), (1, 4), (2, 3), (2, 4), (5, 10), (2, 5), (8, 9), (5, 10), (1, 5), (3, 4), (5, 6), (5, 9), (3, 5), (2, 7), (0, 2), (2, 4), (5, 9), (1, 5), (3, 4), (3, 5), (5, 10), (0, 5), (1, 4), (2, 3), (4, 5), (4, 6), (3, 4), (5, 7), (7, 8), (5, 10), (0, 5), (2, 5), (4, 5), (6, 9), (2, 6), (5, 8), (2, 5), (6, 7), (5, 6), (5, 10), (2, 5), (3, 4), (4, 5), (6, 7), (7, 11), (2, 7), (1, 2), (4, 5), (6, 10), (5, 6), (6, 11), (1, 6), (0, 1), (1, 3), (2, 5), (3, 6), (2, 3), (3, 8), (0, 3), (0, 3), (5, 7), (8, 9), (10, 11), (8, 13), (3, 8), (0, 3), (2, 3), (5, 6), (4, 9), (1, 4), (5, 10), (4, 7), (1, 4), (2, 3), (3, 4), (4, 5), (7, 8), (6, 7), (5, 6), (3, 5), (4, 5), (5, 10), (0, 5), (1, 3), (1, 4), (2, 3), (6, 7), (2, 6), (7, 8), (5, 10), (0, 5), (1, 2), (4, 5), (6, 7), (3, 8), (1, 3), (5, 10), (0, 5), (2, 3), (2, 4), (3, 4), (5, 7), (6, 8), (7, 9), (5, 7), (8, 9), (6, 11), (1, 6), (0, 1), (2, 3), (2, 5), (3, 4), (4, 5), (4, 6), (1, 4), (4, 5), (6, 8), (5, 6), (7, 9), (8, 9), (9, 11), (7, 9), (2, 7), (1, 2), (5, 6), (3, 5), (5, 7), (4, 5), (7, 8), (6, 7), (5, 10), (0, 5), (2, 3), (4, 5), (2, 6), (3, 4), (5, 8), (4, 5), (6, 7), (6, 11), (5, 6), (3, 5), (5, 6), (4, 5), (6, 7), (8, 9), (5, 10), (2, 5), (4, 5), (6, 7), (6, 10), (3, 6), (4, 5), (7, 10), (9, 11), (7, 9), (3, 7), (0, 3), (2, 3), (5, 8), (0, 5), (2, 5), (10, 11), (6, 10), (1, 6), (0, 1), (2, 3), (4, 5), (2, 6), (0, 2), (1, 2), (2, 4), (3, 5), (6, 11), (1, 6), (0, 1), (1, 2), (1, 3), (5, 7), (4, 5), (4, 6), (5, 6), (6, 11), (1, 6), (0, 1), (0, 3), (3, 7), (4, 5), (6, 9), (4, 6), (5, 9), (4, 5), (7, 8), (6, 10), (4, 6), (9, 10), (7, 9), (6, 11), (1, 6), (0, 1), (6, 11), (1, 6), (0, 1), (3, 4), (6, 7), (5, 8), (3, 5), (8, 10), (6, 11), (1, 6), (0, 1), (3, 5), (5, 10), (1, 5), (7, 12), (2, 7), (0, 2), (1, 2), (2, 3), (4, 6), (9, 10), (6, 9), (7, 12), (2, 7), (0, 2), (1, 4), (8, 9), (5, 10), (2, 5), (7, 12), (2, 7), (1, 2), (2, 3), (3, 4), (0, 5), (2, 5), (7, 8), (8, 12), (3, 8), (0, 3), (2, 7), (0, 2), (3, 8), (0, 3), (2, 4), (3, 4), (4, 5), (5, 10), (1, 5), (2, 3), (4, 5), (4, 6), (5, 6), (10, 12), (7, 10), (3, 7), (2, 3), (5, 7), (8, 10), (7, 12), (2, 7), (0, 2), (3, 4), (5, 7), (2, 5), (3, 5), (4, 5), (4, 9), (1, 4), (3, 5), (3, 5), (5, 6), (5, 7), (5, 8), (3, 5), (4, 5), (7, 12), (3, 7), (1, 3), (3, 5), (4, 5), (5, 10), (1, 5), (7, 12), (3, 7), (2, 3), (4, 6), (8, 9), (6, 11), (2, 6), (0, 2), (1, 2), (3, 8), (0, 3), (10, 11), (7, 12), (2, 7), (0, 2), (1, 3), (2, 3), (4, 6), (8, 10), (7, 8), (6, 11), (1, 6), (0, 1), (1, 3), (3, 5), (4, 5), (4, 9), (1, 4), (3, 8), (0, 3), (2, 3), (4, 6), (5, 6), (4, 9), (0, 4), (2, 3), (2, 7), (1, 2), (6, 8), (7, 12), (2, 7), (0, 2), (3, 4), (1, 5), (5, 6), (3, 7), (2, 3), (5, 6), (5, 7), (8, 12), (3, 8), (2, 3), (3, 4), (4, 5), (3, 5), (4, 5), (3, 8), (4, 6), (5, 6), (8, 9), (4, 8), (8, 11), (3, 8), (1, 3), (3, 4), (4, 5), (11, 12), (9, 11), (5, 9), (4, 5), (6, 7), (4, 9), (0, 4), (2, 4), (7, 12), (2, 7), (0, 2), (4, 5), (4, 9), (1, 4)]
