results/deeplll05/svpchallengedim40seed4dim15delta0.98999995.txt: 80.641 sec
b: [[10274998, -354150678, -261788207, 352193100, 222829942, -92630212, -30136349, 634748959, -572459944, -81701149, 620421916, 327883269, -125757, 272505, -460526],
 [-37315373, -51208588, -64511658, 701421783, 635795927, 160897767, -73938447, 271026890, 347094404, -308426130, -100544478, 760313814, -4649684, 10165693, -17125793],
 [713933598, -554320401, -284453934, -149273990, -449345713, -370052370, 92447780, 276498839, 68559068, -330454145, 16399919, 753379621, 2036342, -4451781, 7499947],
 [4811857, 398620747, -82958251, 152173805, 57443078, 244894632, -219742783, -167599440, 129377966, -312657254, 1325936784, -420466480, -1748170, 3815697, -6431943],
 [-44655856, -303288413, -396026097, 377101629, 409786904, 683544620, 778395520, 214599983, 663206710, 413483277, -60613112, 9284943, -2718225, 5940594, -10009285],
 [-283421892, -411140568, -11343414, 42387556, -118472849, -288414544, 542271538, -812210579, -844170405, -373368370, 35310442, 19313435, -2335110, 5107816, -8603468],
 [264617673, 138005131, 1032701124, 229264901, -3094738, 681636830, -858961916, -30378453, 12549505, -228373124, -65081978, -318453829, -2106199, 4604000, -7756688],
 [-225163316, 68218712, -854321473, -197109636, 483059661, 350469156, -882458276, 459158467, -64269531, -47481810, -104724565, 636796253, 1305799, -2855590, 4810301],
 [922911183, 108048541, 52489477, -177625418, 438712579, 189800050, 413913340, 948906819, -389861401, 84452809, 162874058, -645193707, 2334990, -5108397, 8603947],
 [425960028, -614764201, -637253481, -343792666, 702298749, -78713020, 284376686, -809918934, 374732935, -181854629, 532895680, -136468873, -3947110, 8628253, -14536544],
 [528016226, -6550039, -115699875, 460908712, 207316645, -128452317, 477923064, -395621852, -429299769, 1117604319, -426547402, -701528426, -5746279, 12566866, -21168793],
 [464014942, 103841307, 181889253, 19563410, 437502249, -3176642, 781845464, -207382962, -311501128, 46738181, 916410064, 160479362, 3474141, -7602545, 12803618],
 [-146621465, -113548289, -515958594, -55505823, -682602827, 3330022, 225395736, -552408293, -278651674, 508164315, -630134118, -282641629, -14406799, 31508834, -53075343],
 [465519322, 314755740, -414513321, -186090557, 255435852, -775765485, -529245389, 12491650, -181277843, 122683768, -507741710, -62588210, -2194271, 4809820, -8095563],
 [305002612, 82989810, 663093780, 289723693, 145612921, 160487526, -424373404, -206947190, 331255663, 734254730, -38510226, -225569924, -3626377, 7925776, -13353850]], shape=[15, 15], strides=[15, 1], layout=Cc (0x5), const ndim=2
v_norms: [1606965862366801831, 2558729216031719743853737646595644329/1606965862366801831, 4629390387720743017289669896658272065169071568431801085/2558729216031719743853737646595644329, 8718623982026521521618753046345161018892621717634939831491614808281272229/4629390387720743017289669896658272065169071568431801085, 134183357568391893005969794587547318849750145963148861485460941113514980583836843413794519/72054743653111748112551678068968272883410096839958180425550535605630349, 247563453738342395421750398294547273896870454114503408183369819584286385468438955956708751717153279830517435/134183357568391893005969794587547318849750145963148861485460941113514980583836843413794519, 46447875031992635599152983860604898974078516431489935971083148268973987041010281536303494305147884365614373935113919872951936036/29955177902339429846031798193640220141521324947854912390187748169698652641681113670761758957775546859492609635, 64797526264376643272159561228225786089943379279163991613417949204199647726695705425562384079169497979507788181501228638664168140543762954484118289/46447875031992635599152983860604898974078516431489935971083148268973987041010281536303494305147884365614373935113919872951936036, 92246263562878463157300886764207338645012502474432736689733556457780564219559163816851695157149322119270881820013080962035593855125328406979581332717662361459520847/64797526264376643272159561228225786089943379279163991613417949204199647726695705425562384079169497979507788181501228638664168140543762954484118289, 97633967250793579303286991299201323203582851867748793079091128781519872565457251556628378312064128166252895718226482304038689216188128987285038563656928729620736301852312121708360354/92246263562878463157300886764207338645012502474432736689733556457780564219559163816851695157149322119270881820013080962035593855125328406979581332717662361459520847, 65421570231241411845074274759154258276187293838582246717362095569385849901946865992646764504982277950619624195276285486775040722355924931362461343172322836919239576260476323364721449945823109516331421/48816983625396789651643495649600661601791425933874396539545564390759936282728625778314189156032064083126447859113241152019344608094064493642519281828464364810368150926156060854180177, 24633491485158950327730465914541971683206087491037787063599233799504666362138226544927470351350680313944711736856881150833755899006241613062444121485932857157658007458962097021555270312028716290233664668893606506349205/43614380154160941230049516506102838850791529225721497811574730379590566601297910661764509669988185300413082796850856991183360481570616620908307562114881891279493050840317548909814299963882073010887614, 70580955048484287282473789709418878686775426399195510746637382585965347047794230686029632862625213237811613742471581164562179961596915980698429243647901888346064029593730489289310983438670482832156325371122801820816871836235784037286/24633491485158950327730465914541971683206087491037787063599233799504666362138226544927470351350680313944711736856881150833755899006241613062444121485932857157658007458962097021555270312028716290233664668893606506349205, 360680826945914030760499448276679406473418755198829555184169329762515419590883229265443963451415546392297545677491867064370255554370183082379419918921476584746782583180035131019126751417830011423855445533693211456543826338053212813057162543/35290477524242143641236894854709439343387713199597755373318691292982673523897115343014816431312606618905806871235790582281089980798457990349214621823950944173032014796865244644655491719335241416078162685561400910408435918117892018643, 4276004080986662250556170150571682084661652708811008860820343595371977250993691951408982529005301818073582930400216010607001999500303394702071829521757444159996645323454281158344057771824138679224276609066488857242630567308043703839472400369/2164084961675484184562996689660076438840512531192977331105015978575092517545299375592663780708493278353785274064951202386221533326221098494276519513528859508480695499080210786114760508506980068543132673202159268739262958028319276878342975258], shape=[15], strides=[1], layout=CFcf (0xf), const ndim=1
Mu { arr: [596135639666617042/1606965862366801831, 577355372252111040/1606965862366801831, 194074703543560016131190732800824177/2558729216031719743853737646595644329, 460805052600715735/1606965862366801831, -553126821521716905343526483402556561/2558729216031719743853737646595644329, -1847645587770517742743149788600255130114708652516710948/4629390387720743017289669896658272065169071568431801085, 36197447307054817/1606965862366801831, 1255072382931160073721667785355220784/2558729216031719743853737646595644329, -692665366199764286710328635530472246816387413146394107/4629390387720743017289669896658272065169071568431801085, -52267422198926105392347331289544272939217777772134199279394958129350629/792602180184229229238068458758651001717511065239539984681055891661933839, 171020366319229588/1606965862366801831, -883528609288961890095720918566877787/2558729216031719743853737646595644329, 175987491710824017643484689936592060129303023347776504/4629390387720743017289669896658272065169071568431801085, -131508332503152689662506148360316741302315749148138542499614201949810547/792602180184229229238068458758651001717511065239539984681055891661933839, -21661446475053112043150006871302135142462385474460485213568842738521208680542785986365363/134183357568391893005969794587547318849750145963148861485460941113514980583836843413794519, -426300222388339193/1606965862366801831, 382099077153149506917684770222266164/2558729216031719743853737646595644329, -1493864061005539081975599758855607165489902057736840637/4629390387720743017289669896658272065169071568431801085, 659577058763999014269746709384699791730183252144038100639768159925153092/2906207994008840507206251015448387006297540572544979943830538269427090743, -664094766885312388060530945371379392979521994282971273714183307483203735041599525040970841/1476016933252310823065667740463020507347251605594637476340070352248664786422205277551739709, -914289937097426877593134280961130525903066242626378614295891668057593297952635664492719925016764431143431604/2723197991121766349639254381240020012865574995259537490017068015427150240152828515523796268888686078135691785, 705467245455280326/1606965862366801831, 1125167569453318498697193626020730316/2558729216031719743853737646595644329, -114394728299581966812543152782881227701779047799875899/4629390387720743017289669896658272065169071568431801085, -264460322057938464521147780038142861363388527045411650873680504616438386/2906207994008840507206251015448387006297540572544979943830538269427090743, -257496928063830088590419082107952800604549250707262169225757760982284617030307867448566380/1476016933252310823065667740463020507347251605594637476340070352248664786422205277551739709, -1187652430627634903358997877494551817072200279231340005666442463405606347546853895149677073861129243011643204/2723197991121766349639254381240020012865574995259537490017068015427150240152828515523796268888686078135691785, -14720582551012405378430043865946810199418305647831460088804892680582320780801392752777188858744901103579642823700163371229273719/46447875031992635599152983860604898974078516431489935971083148268973987041010281536303494305147884365614373935113919872951936036, 670715641723366787/1606965862366801831, -882578327076605570183277470206537676/2558729216031719743853737646595644329, -47803756378642954537095510825751988948652044191762551/925878077544148603457933979331654413033814313686360217, -154623794190811422312643088084719361729238269857893789920735936477168790/2906207994008840507206251015448387006297540572544979943830538269427090743, 529192455535882246496528070065585737890818070870836560489718103969461026684578099884099640/1476016933252310823065667740463020507347251605594637476340070352248664786422205277551739709, -1243769077116573974358729764703691032698920634972415160552728508496114542580785045566942585337972487350772594/2723197991121766349639254381240020012865574995259537490017068015427150240152828515523796268888686078135691785, 13686065885329687737916578549325306036935123896992290846175565309372984072239997495382738598213988580635437047946098058241853511/46447875031992635599152983860604898974078516431489935971083148268973987041010281536303494305147884365614373935113919872951936036, -20380450021152458082828146000986950243343341946361418313099037638731302253899269041229214824188342431545156655557848777751863796006156538071891001/64797526264376643272159561228225786089943379279163991613417949204199647726695705425562384079169497979507788181501228638664168140543762954484118289, -4818965773585830/1606965862366801831, 64006992728182413363513462832806334/2558729216031719743853737646595644329, 196326566895520761002602015206333655280113622858006397/925878077544148603457933979331654413033814313686360217, 11278970932019123527184243987936322629705418817261877680047849834588845/24018247884370582704183892689656090961136698946652726808516845201876783, 58217146258807477902114458703668947791334530061541590423068768450086403308363936603054358/134183357568391893005969794587547318849750145963148861485460941113514980583836843413794519, 123581462715186851802853441681768212460792491251429166309259240426167340914319694943768490154246171489785614/247563453738342395421750398294547273896870454114503408183369819584286385468438955956708751717153279830517435, -5103949634482388373249580554024642315107244418151012348285077397243744320491144366878521487971050806757299600592650762667656993/23223937515996317799576491930302449487039258215744967985541574134486993520505140768151747152573942182807186967556959936475968018, 23878265127847194970842537194614083304447535552511427724663621514222081713823331036156909281834466755370986335992454311126285809517411282611989690/64797526264376643272159561228225786089943379279163991613417949204199647726695705425562384079169497979507788181501228638664168140543762954484118289, 31462589069843202335138284023245714367057459715809699156799437982371981003016502613235900818160805806674667038699743339914732577128222839376922092297641262568197685/92246263562878463157300886764207338645012502474432736689733556457780564219559163816851695157149322119270881820013080962035593855125328406979581332717662361459520847, -347263225635848065/1606965862366801831, -923827831675858532799432645004055723/2558729216031719743853737646595644329, -1361853450049749490897634330859579370823625343457401007/4629390387720743017289669896658272065169071568431801085, -1375076253003992981155604103263711141936133443353938611163268464245600523/2906207994008840507206251015448387006297540572544979943830538269427090743, 658456612818408101765143450495646624030294951622151447342061058797767848197480474923543620/1476016933252310823065667740463020507347251605594637476340070352248664786422205277551739709, 337392933631520396480666353165536958585452573552541145402316862504244017907673055074959589632106683382056636/2723197991121766349639254381240020012865574995259537490017068015427150240152828515523796268888686078135691785, 3110045332338165503664682724846602059280448696748689782402047899815096805359706110050950116396462628003280784170390875529597391/46447875031992635599152983860604898974078516431489935971083148268973987041010281536303494305147884365614373935113919872951936036, -23166392221631294050399002687681477834178052851120234199245733599190554007992893302226112405430329768317033374965208073687327584868522619660887701/64797526264376643272159561228225786089943379279163991613417949204199647726695705425562384079169497979507788181501228638664168140543762954484118289, 27417708179053525499464527560251948702495777712418832264823479574406136359281119057329897904845404807815610540467883556813678060972596287740375487619069677671043302/92246263562878463157300886764207338645012502474432736689733556457780564219559163816851695157149322119270881820013080962035593855125328406979581332717662361459520847, 18145918322608021912530376179216245946960930551363238632405159526879002069765836686656486304338876910803364674171205502647151985802192404546026876650051708445013516208655185291314075/48816983625396789651643495649600661601791425933874396539545564390759936282728625778314189156032064083126447859113241152019344608094064493642519281828464364810368150926156060854180177, 665525022443081602/1606965862366801831, -316365290362465400083763634030267578/2558729216031719743853737646595644329, -220902938781885705323789922573113003092514438527598568/4629390387720743017289669896658272065169071568431801085, 1147404324866056594294585673727397788171030614990324443787198430761293583/2906207994008840507206251015448387006297540572544979943830538269427090743, 396704742420321668307720477143915668236666058054837274258125835674369233419527926277056093/1476016933252310823065667740463020507347251605594637476340070352248664786422205277551739709, 211220834349098952243416040447748996504726898986916450808492267726054324104080667610011302039512064151578359/544639598224353269927850876248004002573114999051907498003413603085430048030565703104759253777737215627138357, 297429333333918074509191806748216806233496596038311142466807231618936741729524811698765374549141666112179788401967342431961535/46447875031992635599152983860604898974078516431489935971083148268973987041010281536303494305147884365614373935113919872951936036, -25315435264663691062852445391496565326310351380093603035692783777129476130055070145416889115310503115636493570422993027645122516270146900973941857/64797526264376643272159561228225786089943379279163991613417949204199647726695705425562384079169497979507788181501228638664168140543762954484118289, 38709037167665647034043541547044483679171047399728697418776228281940985263462927877574453928513947149704886639049106934832523776089058688225897441314346634721317374/92246263562878463157300886764207338645012502474432736689733556457780564219559163816851695157149322119270881820013080962035593855125328406979581332717662361459520847, 13924184754039142156368467389903615467377392077448751069180125439310322580957124966161750849640992632374961125212438044355911902279602252229194853130054244132371645794975345638319257/97633967250793579303286991299201323203582851867748793079091128781519872565457251556628378312064128166252895718226482304038689216188128987285038563656928729620736301852312121708360354, 1940626389470725259675689872839859107831245528915669297070738729510278272767373742333314022471992024093887918258427905414651233651994703094320229517162063203217704003768029503560988315727646047168061/21807190077080470615024758253051419425395764612860748905787365189795283300648955330882254834994092650206541398425428495591680240785308310454153781057440945639746525420158774454907149981941036505443807, -721204551041903556/1606965862366801831, -1173652522244120097967354730201925156/2558729216031719743853737646595644329, 487567423052720822832581733942708515524860916355447594/4629390387720743017289669896658272065169071568431801085, -3671558914687133048706136074202309140859563261020273761790042927252016392/8718623982026521521618753046345161018892621717634939831491614808281272229, 329866850752752006680766966049897054267756108994936067648221103139226545252844284876056487/1476016933252310823065667740463020507347251605594637476340070352248664786422205277551739709, 758524766633003531326280695334761931321919412434916682845825461775588843774789885665205740801853046535174878/2723197991121766349639254381240020012865574995259537490017068015427150240152828515523796268888686078135691785, -7231031037482930326185223812821178895098986424790212090281302504583618586308007592863801966384829662641633526045321788334343587/46447875031992635599152983860604898974078516431489935971083148268973987041010281536303494305147884365614373935113919872951936036, 16992795556189117641502758896190013666263410046981711164966939057665551443563317737058004685764986214660386094659884175342944944372080857468550101/64797526264376643272159561228225786089943379279163991613417949204199647726695705425562384079169497979507788181501228638664168140543762954484118289, -24329672884557883070562547499678934301577510988877626821579481897280978473612834081401926725268900413924591214022928081136150919681507052831066346083591570421825454/92246263562878463157300886764207338645012502474432736689733556457780564219559163816851695157149322119270881820013080962035593855125328406979581332717662361459520847, -23489655813855189003173700922357635465831478684135004814569015420135534314047760954779989110392232996845300667547933006894099990123376329464517114274860413352293769569200859337782369/97633967250793579303286991299201323203582851867748793079091128781519872565457251556628378312064128166252895718226482304038689216188128987285038563656928729620736301852312121708360354, 10790461015940040126597622997512094154263392997052978204687011489573328861879280852223081096102013264437945331149316778682626764748072728410493636734484263208927181527869352214767804918738426826380028/21807190077080470615024758253051419425395764612860748905787365189795283300648955330882254834994092650206541398425428495591680240785308310454153781057440945639746525420158774454907149981941036505443807, -8595364322575998471751460630538792052508650713960288516663647222615058750942121898097266880322889227565493185068227632484330184073560465339221551975242584189896616703698224782136021993552488771533452690339733337202219/24633491485158950327730465914541971683206087491037787063599233799504666362138226544927470351350680313944711736856881150833755899006241613062444121485932857157658007458962097021555270312028716290233664668893606506349205, -152835694226101207/1606965862366801831, -156796907076161718592911579610779022/2558729216031719743853737646595644329, 982961913996558423126636423479435860234486352441598487/4629390387720743017289669896658272065169071568431801085, -2129166395922868993031910697083854130003214123771439045137740694851669491/8718623982026521521618753046345161018892621717634939831491614808281272229, -648251998082697110362990895837063426083986783065154820665331914574486333411941961819740449/1476016933252310823065667740463020507347251605594637476340070352248664786422205277551739709, -768091397102140280832774884242415632676804897176477453972058515398633292889667565984323177131136725799461507/2723197991121766349639254381240020012865574995259537490017068015427150240152828515523796268888686078135691785, -5219827047089493681221220898567916195094660590057920167384898868388741467273113760928676555873439768694912391108724941127471303/11611968757998158899788245965151224743519629107872483992770787067243496760252570384075873576286971091403593483778479968237984009, 6406868730929259412497492054718398629261874112074351206712938632523100708972106340850267254099818385558875141824013468469758257887771702465295768/64797526264376643272159561228225786089943379279163991613417949204199647726695705425562384079169497979507788181501228638664168140543762954484118289, 38942800923046386507214334654925374851655204851775131038655449433427988702407161735542230663944479473479636741242281591881222181955197599573984966720485717873966506/92246263562878463157300886764207338645012502474432736689733556457780564219559163816851695157149322119270881820013080962035593855125328406979581332717662361459520847, 432023552898390009346086081786529129074028136705186131664553260020923285362540211732104990988537885394742787541799334809792585284839081235363175123561664994934901894259657924640416/1135278688962716038410313852316294455855614556601730152082454985831626425179735483216609050140280560072708089746819561674868479258001499852151611205313124763031817463398978159399539, 9770386761441884605258587940484052385723992318619001461803315316299174471475723027139715714906665019493026832412169321946519760682219755564224688810163880152822822377518087681559755087461254965243717/21807190077080470615024758253051419425395764612860748905787365189795283300648955330882254834994092650206541398425428495591680240785308310454153781057440945639746525420158774454907149981941036505443807, -7751489243809131063711599519599880710340373967627323502624160882619799767698902460106669206869830671201811099788154201276116571237293494953778463725908848652218426359695838193821455847703255304553465617536976032758998/24633491485158950327730465914541971683206087491037787063599233799504666362138226544927470351350680313944711736856881150833755899006241613062444121485932857157658007458962097021555270312028716290233664668893606506349205, 369493098567470324633324880676973261659313498445997784982344532689098704965782439556841087284943582748908628582051202197693623937742064239686237944051649203313613552216104199313890059798965231091526373197752002469217364116341784121/35290477524242143641236894854709439343387713199597755373318691292982673523897115343014816431312606618905806871235790582281089980798457990349214621823950944173032014796865244644655491719335241416078162685561400910408435918117892018643, -546262445644354553/1606965862366801831, 260900938624112887213520600051517776/2558729216031719743853737646595644329, -1248875569026007304269148164180522695403780945421968291/4629390387720743017289669896658272065169071568431801085, 82348468227427142274222792899592454698466025629866666533375820176978556/2906207994008840507206251015448387006297540572544979943830538269427090743, -1203175324862350878634560144451595251929854420764047727950308006156588976321958270121430/210859561893187260437952534351860072478178800799233925191438621749809255203172182507391387, -975396995557408306792312180856982765810347062233351476013438688008526426947135146682181977006063990888258738/2723197991121766349639254381240020012865574995259537490017068015427150240152828515523796268888686078135691785, 20029682576195773662597493606854609237902303421570167980441172704440765051958197961485461818528631072150608125625454745492158147/46447875031992635599152983860604898974078516431489935971083148268973987041010281536303494305147884365614373935113919872951936036, -18270002628977385931656466697703261214882822957400043581184609475717541500543701847087786059920604465583752868059266440621570441270988075939175641/64797526264376643272159561228225786089943379279163991613417949204199647726695705425562384079169497979507788181501228638664168140543762954484118289, -18728389114058193978691509522543639619983415138304376759084447643624109201152479915575442026020723239499614203664636950426115040309648589451698394449879932619567778/92246263562878463157300886764207338645012502474432736689733556457780564219559163816851695157149322119270881820013080962035593855125328406979581332717662361459520847, 22699308894606476047294500398645819779690666959284563708501061460874797315676644487100980525328951739808073306017832967095606503802060560253577330615835489470070488044344028533867582/48816983625396789651643495649600661601791425933874396539545564390759936282728625778314189156032064083126447859113241152019344608094064493642519281828464364810368150926156060854180177, 28599002062802433922545894935457076909349501345731982047546755255589586530372869019487999412729061868184139148639634803394222473479520036213075485683901784796827333016588303032591481458440958490701458/65421570231241411845074274759154258276187293838582246717362095569385849901946865992646764504982277950619624195276285486775040722355924931362461343172322836919239576260476323364721449945823109516331421, 9256334365334160515590089584460472951629245681035637084429038258253294488787461412349400517063847167265367887398480983668416391061158844967497066735798249595532156683960981776284143778733010243290422062628899440857428/24633491485158950327730465914541971683206087491037787063599233799504666362138226544927470351350680313944711736856881150833755899006241613062444121485932857157658007458962097021555270312028716290233664668893606506349205, 13008454174180239571722675215505071033411481552417676442815206053180638203293256953117643761659760152809467391635416060120737024564714192598194238379755490263960049301469993419433915032665642974412939819661837650827781706211909826663/70580955048484287282473789709418878686775426399195510746637382585965347047794230686029632862625213237811613742471581164562179961596915980698429243647901888346064029593730489289310983438670482832156325371122801820816871836235784037286, -168510200363821774868936833105853688204481564957632187238438414784984688217406441776320410342984139226930164966518005459820505339331070156502488340062518372877782390856405553716005416895075014913123203384801237296556853010816418004395909639/360680826945914030760499448276679406473418755198829555184169329762515419590883229265443963451415546392297545677491867064370255554370183082379419918921476584746782583180035131019126751417830011423855445533693211456543826338053212813057162543] }
(hist.len, cnt): (1340, 12986)
[(0, 1), (0, 1), (0, 1), (0, 1), (0, 1), (0, 1), (0, 1), (0, 1), (0, 1), (0, 1), (0, 1), (0, 1), (0, 1), (0, 1), (0, 1), (0, 1), (0, 1), (0, 1), (0, 1), (0, 1), (0, 1), (0, 1), (0, 1), (0, 1), (0, 1), (0, 1), (0, 1), (0, 1), (0, 1), (0, 1), (0, 1), (0, 1), (0, 1), (0, 1), (0, 1), (0, 1), (0, 1), (0, 1), (0, 1), (0, 1), (0, 1), (0, 1), (0, 1), (0, 1), (0, 1), (0, 1), (0, 1), (0, 1), (0, 1), (0, 1), (0, 1), (0, 1), (0, 1), (0, 1), (0, 1), (0, 1), (0, 1), (0, 1), (0, 1), (0, 1), (0, 1), (0, 1), (0, 1), (0, 1), (0, 1), (0, 1), (0, 1), (0, 1), (0, 1), (0, 1), (0, 1), (0, 1), (0, 1), (0, 1), (0, 1), (0, 1), (0, 1), (0, 1), (0, 1), (0, 1), (1, 2), (0, 2), (0, 2), (1, 2), (0, 2), (0, 2), (0, 2), (0, 1), (0, 2), (0, 2), (0, 2), (0, 2), (0, 2), (0, 2), (0, 2), (0, 2), (0, 2), (0, 1), (1, 2), (0, 2), (0, 2), (0, 2), (0, 2), (0, 2), (0, 1), (0, 2), (0, 1), (0, 2), (0, 2), (0, 2), (0, 2), (0, 2), (0, 1), (0, 2), (0, 1), (0, 2), (0, 1), (0, 2), (0, 1), (0, 2), (0, 2), (0, 2), (0, 2), (1, 2), (0, 2), (0, 2), (0, 2), (1, 2), (0, 2), (0, 2), (0, 2), (0, 2), (0, 2), (1, 2), (0, 2), (0, 2), (0, 2), (0, 2), (0, 1), (0, 2), (1, 2), (0, 3), (1, 3), (0, 3), (1, 2), (0, 3), (0, 2), (1, 2), (0, 3), (1, 2), (0, 3), (1, 3), (0, 3), (1, 2), (0, 3), (0, 2), (1, 2), (0, 3), (1, 2), (0, 3), (0, 3), (1, 2), (0, 3), (1, 2), (0, 3), (1, 3), (0, 2), (0, 3), (0, 1), (0, 2), (1, 3), (0, 3), (0, 3), (0, 2), (0, 3), (0, 3), (0, 3), (0, 1), (0, 2), (0, 3), (0, 3), (0, 3), (0, 3), (0, 2), (0, 2), (1, 2), (0, 3), (0, 3), (0, 3), (1, 2), (0, 3), (0, 3), (0, 3), (0, 3), (0, 3), (1, 2), (0, 3), (1, 3), (0, 3), (0, 3), (0, 2), (1, 2), (1, 3), (0, 4), (0, 3), (2, 3), (0, 4), (0, 4), (0, 3), (0, 2), (0, 4), (1, 3), (0, 4), (0, 4), (0, 4), (0, 2), (0, 4), (0, 4), (0, 4), (1, 2), (0, 4), (0, 3), (1, 3), (0, 4), (0, 3), (0, 2), (1, 2), (0, 4), (1, 2), (2, 3), (0, 4), (0, 3), (2, 3), (1, 4), (0, 4), (0, 3), (1, 2), (0, 3), (0, 4), (1, 3), (0, 4), (2, 3), (0, 4), (1, 3), (0, 4), (1, 2), (0, 4), (1, 3), (1, 3), (0, 4), (2, 3), (0, 4), (0, 4), (1, 2), (0, 4), (0, 4), (0, 4), (2, 3), (1, 4), (0, 4), (2, 3), (1, 5), (2, 3), (2, 4), (0, 5), (1, 4), (0, 5), (1, 2), (0, 5), (1, 3), (2, 3), (2, 4), (3, 4), (0, 5), (2, 5), (0, 5), (1, 5), (2, 3), (1, 5), (2, 3), (0, 4), (0, 5), (1, 2), (1, 4), (1, 5), (0, 4), (3, 4), (0, 5), (1, 3), (0, 5), (1, 2), (0, 3), (1, 2), (0, 3), (0, 4), (0, 5), (2, 3), (0, 5), (1, 3), (0, 5), (1, 2), (0, 5), (1, 5), (0, 5), (2, 3), (3, 4), (0, 5), (2, 5), (0, 4), (0, 5), (0, 4), (1, 2), (0, 5), (0, 5), (0, 5), (0, 5), (2, 3), (0, 4), (0, 3), (0, 5), (0, 3), (2, 3), (0, 4), (0, 4), (3, 4), (0, 5), (3, 4), (0, 5), (2, 3), (0, 4), (1, 6), (0, 1), (1, 2), (0, 5), (4, 5), (1, 6), (0, 1), (1, 2), (0, 3), (0, 4), (2, 3), (4, 5), (3, 5), (4, 5), (1, 6), (0, 1), (2, 4), (1, 6), (2, 3), (1, 4), (3, 4), (1, 6), (2, 4), (3, 4), (1, 6), (2, 3), (4, 5), (1, 6), (0, 1), (0, 5), (2, 3), (1, 4), (3, 4), (1, 5), (2, 5), (1, 6), (0, 1), (0, 4), (1, 6), (0, 1), (1, 2), (3, 4), (2, 5), (3, 4), (1, 6), (0, 1), (3, 4), (1, 6), (0, 1), (1, 2), (0, 4), (1, 3), (2, 3), (4, 5), (1, 6), (0, 1), (2, 4), (1, 6), (1, 5), (2, 3), (1, 6), (0, 1), (2, 4), (3, 4), (1, 6), (0, 1), (4, 5), (1, 6), (4, 5), (2, 6), (2, 4), (1, 5), (2, 3), (1, 6), (0, 1), (3, 4), (1, 6), (0, 1), (1, 2), (1, 6), (0, 1), (3, 4), (2, 5), (1, 6), (0, 1), (0, 3), (1, 2), (0, 4), (2, 4), (1, 6), (0, 1), (2, 3), (1, 5), (4, 5), (1, 6), (2, 3), (2, 4), (1, 6), (2, 3), (1, 6), (0, 1), (2, 3), (4, 6), (5, 6), (2, 7), (1, 2), (5, 6), (2, 7), (0, 2), (1, 2), (3, 5), (2, 7), (0, 2), (1, 2), (3, 6), (2, 3), (2, 7), (0, 2), (1, 2), (3, 4), (1, 6), (0, 1), (2, 3), (3, 5), (4, 5), (2, 7), (0, 2), (1, 2), (1, 3), (5, 6), (3, 7), (1, 3), (2, 3), (1, 4), (2, 3), (4, 5), (1, 6), (0, 1), (3, 4), (0, 5), (4, 5), (1, 6), (3, 5), (2, 7), (1, 2), (1, 6), (0, 1), (2, 3), (4, 5), (1, 6), (2, 5), (4, 5), (4, 6), (3, 4), (5, 6), (2, 7), (0, 2), (1, 4), (4, 5), (2, 7), (1, 2), (3, 5), (3, 6), (2, 7), (1, 2), (3, 4), (4, 6), (2, 7), (0, 2), (3, 4), (2, 5), (2, 5), (2, 7), (0, 2), (1, 3), (1, 4), (1, 3), (2, 7), (0, 2), (2, 4), (0, 5), (3, 5), (1, 6), (1, 3), (0, 5), (1, 6), (2, 4), (5, 6), (2, 7), (0, 2), (1, 2), (3, 5), (3, 7), (0, 3), (1, 2), (4, 5), (5, 6), (2, 7), (0, 2), (4, 5), (2, 7), (0, 2), (3, 4), (1, 5), (3, 6), (2, 3), (2, 7), (0, 2), (2, 5), (2, 7), (1, 2), (4, 5), (3, 7), (5, 6), (5, 7), (3, 8), (0, 3), (3, 7), (2, 3), (4, 6), (2, 7), (0, 2), (1, 2), (3, 7), (5, 7), (3, 8), (4, 6), (6, 7), (5, 6), (4, 8), (3, 4), (1, 6), (0, 1), (1, 5), (4, 5), (6, 7), (4, 6), (3, 4), (0, 5), (3, 4), (4, 5), (1, 6), (0, 1), (1, 2), (3, 4), (3, 8), (0, 3), (1, 2), (2, 3), (4, 5), (1, 6), (5, 6), (2, 7), (2, 5), (3, 8), (1, 3), (2, 7), (0, 2), (1, 5), (3, 8), (0, 3), (3, 4), (2, 7), (0, 2), (4, 6), (3, 8), (0, 3), (2, 3), (2, 4), (5, 6), (1, 5), (2, 7), (0, 2), (1, 5), (3, 5), (4, 5), (3, 8), (0, 3), (1, 2), (0, 5), (1, 6), (2, 3), (2, 7), (1, 2), (3, 4), (1, 5), (2, 3), (2, 5), (3, 4), (3, 8), (0, 3), (1, 4), (0, 5), (1, 6), (1, 3), (4, 6), (5, 6), (3, 8), (0, 3), (1, 3), (2, 7), (0, 2), (2, 4), (3, 4), (2, 5), (3, 7), (2, 3), (4, 5), (3, 8), (1, 3), (3, 4), (4, 5), (3, 7), (4, 5), (3, 8), (0, 3), (1, 2), (4, 5), (4, 6), (3, 7), (6, 7), (3, 8), (0, 3), (2, 3), (3, 4), (5, 6), (3, 8), (0, 3), (3, 5), (4, 5), (2, 6), (1, 2), (2, 3), (3, 4), (5, 7), (4, 5), (3, 8), (0, 3), (1, 3), (2, 3), (1, 5), (4, 6), (3, 7), (1, 3), (0, 4), (3, 4), (5, 8), (1, 5), (0, 3), (0, 5), (1, 4), (3, 4), (5, 6), (2, 5), (3, 8), (0, 3), (1, 4), (4, 5), (4, 6), (2, 7), (1, 2), (0, 4), (2, 3), (0, 5), (5, 7), (1, 5), (2, 4), (7, 8), (4, 9), (0, 4), (3, 6), (4, 5), (3, 7), (0, 3), (1, 3), (2, 3), (5, 8), (1, 5), (4, 9), (0, 4), (1, 2), (2, 3), (2, 5), (4, 9), (0, 4), (2, 4), (4, 5), (4, 6), (4, 8), (5, 9), (2, 5), (2, 4), (4, 5), (6, 7), (4, 9), (0, 4), (3, 4), (2, 5), (3, 4), (2, 5), (3, 4), (4, 7), (3, 4), (1, 4), (3, 4), (6, 7), (3, 8), (0, 3), (2, 5), (3, 4), (3, 5), (4, 5), (4, 7), (3, 4), (5, 6), (2, 5), (4, 5), (3, 8), (1, 3), (2, 4), (4, 5), (4, 6), (5, 7), (2, 5), (6, 7), (5, 6), (5, 9), (2, 5), (2, 6), (1, 2), (3, 7), (1, 3), (2, 6), (3, 5), (6, 7), (4, 9), (1, 4), (2, 3), (4, 9), (0, 4), (3, 8), (2, 3), (4, 9), (0, 4), (1, 3), (5, 6), (6, 9), (2, 6), (1, 2), (0, 2), (1, 2), (0, 4), (1, 2), (1, 6), (0, 1), (2, 3), (1, 4), (3, 4), (7, 8), (4, 9), (0, 4), (2, 3), (1, 4), (2, 3), (0, 5), (4, 9), (0, 4), (3, 4), (5, 6), (3, 7), (6, 9), (4, 6), (3, 5), (1, 3), (4, 5), (1, 6), (0, 1), (2, 7), (0, 2), (2, 3), (4, 5), (3, 8), (0, 3), (0, 3), (3, 4), (2, 6), (3, 4), (4, 7), (6, 8), (5, 6), (6, 9), (3, 6), (1, 3), (2, 3), (1, 4), (2, 3), (4, 5), (7, 9), (5, 7), (1, 5), (1, 4), (2, 3), (2, 4), (0, 5), (3, 8), (1, 3), (2, 4), (3, 4), (4, 5), (4, 9), (0, 4), (4, 9), (0, 4), (2, 6), (5, 6), (4, 7), (3, 4), (3, 8), (0, 3), (3, 4), (4, 5), (5, 6), (3, 5), (5, 6), (4, 9), (0, 4), (2, 5), (6, 7), (5, 6), (5, 9), (1, 5), (2, 3), (2, 5), (3, 5), (5, 6), (3, 8), (0, 3), (3, 4), (0, 5), (2, 3), (5, 10), (2, 5), (0, 5), (1, 2), (6, 7), (7, 10), (5, 7), (2, 5), (4, 7), (0, 4), (5, 8), (1, 5), (2, 4), (1, 5), (4, 5), (4, 6), (5, 6), (2, 7), (0, 2), (5, 10), (0, 5), (1, 2), (3, 5), (2, 7), (1, 2), (3, 5), (4, 5), (4, 6), (3, 8), (0, 3), (4, 5), (5, 10), (1, 5), (2, 3), (1, 6), (0, 1), (4, 6), (6, 9), (5, 6), (6, 10), (4, 6), (3, 4), (1, 6), (0, 1), (3, 8), (0, 3), (5, 6), (4, 5), (5, 6), (6, 7), (3, 8), (2, 3), (3, 4), (6, 7), (4, 6), (5, 10), (1, 5), (2, 3), (2, 4), (5, 8), (4, 9), (0, 4), (3, 4), (7, 10), (3, 7), (1, 5), (3, 5), (4, 5), (3, 6), (5, 7), (2, 5), (3, 5), (4, 5), (5, 10), (0, 5), (1, 2), (3, 6), (5, 10), (0, 5), (1, 4), (4, 5), (1, 6), (5, 6), (3, 7), (2, 6), (3, 8), (0, 3), (2, 4), (3, 5), (5, 10), (0, 5), (4, 7), (6, 8), (5, 10), (0, 5), (1, 5), (4, 5), (5, 10), (3, 5), (6, 7), (6, 9), (5, 6), (6, 10), (2, 6), (4, 6), (3, 4), (3, 7), (1, 3), (4, 5), (4, 9), (0, 4), (2, 5), (6, 8), (5, 10), (0, 5), (1, 2), (3, 4), (2, 5), (3, 6), (3, 8), (7, 8), (8, 11), (4, 8), (1, 4), (2, 3), (2, 4), (2, 5), (6, 10), (1, 6), (0, 1), (1, 4), (2, 7), (1, 2), (2, 3), (3, 4), (3, 5), (6, 11), (1, 6), (0, 1), (1, 2), (3, 4), (4, 6), (4, 9), (1, 4), (3, 4), (4, 9), (1, 4), (7, 11), (2, 7), (5, 7), (3, 5), (4, 5), (6, 10), (7, 11), (2, 7), (1, 2), (2, 3), (1, 5), (2, 3), (4, 5), (1, 6), (0, 1), (2, 3), (6, 7), (5, 8), (7, 10), (4, 7), (2, 4), (3, 4), (5, 6), (6, 11), (1, 6), (0, 1), (1, 4), (3, 4), (4, 5), (5, 9), (1, 5), (2, 5), (3, 4), (3, 5), (6, 11), (1, 6), (2, 5), (4, 7), (2, 4), (3, 5), (6, 8), (6, 11), (1, 6), (0, 1), (1, 4), (1, 5), (2, 5), (6, 9), (6, 11), (1, 6), (0, 1), (2, 4), (3, 5), (5, 6), (6, 9), (5, 6), (4, 5), (6, 11), (1, 6), (0, 1), (1, 2), (1, 4), (3, 8), (1, 3), (5, 9), (2, 5), (3, 4), (3, 5), (5, 6), (6, 7), (7, 10), (3, 8), (0, 3), (1, 2), (6, 7), (5, 10), (1, 5), (4, 9), (3, 4), (5, 8), (6, 11), (1, 6), (0, 1), (3, 4), (5, 7), (2, 5), (6, 7), (7, 9), (5, 7), (4, 5), (7, 10), (3, 7), (1, 3), (4, 5), (2, 6), (3, 4), (4, 5), (6, 11), (1, 6), (7, 9), (6, 11), (1, 6), (4, 5), (3, 5), (4, 5), (2, 6), (4, 8), (5, 8), (4, 9), (0, 4), (5, 6), (2, 7), (0, 2), (1, 3), (8, 9), (6, 8), (5, 6), (6, 11), (1, 6), (0, 1), (1, 3), (2, 4), (5, 8), (5, 9), (2, 5), (3, 4), (1, 5), (2, 3), (2, 4), (4, 5), (5, 10), (0, 5), (1, 2), (3, 4), (7, 8), (5, 10), (1, 5), (9, 12), (8, 13), (3, 8), (0, 3), (4, 5), (8, 9), (6, 8), (3, 6), (6, 11), (2, 6), (0, 2), (0, 2), (3, 5), (7, 12), (2, 7), (0, 2), (1, 2), (1, 3), (4, 7), (7, 8), (6, 7), (5, 6), (9, 11), (7, 9), (5, 7), (4, 5), (6, 7), (8, 9), (7, 10), (6, 7), (8, 11), (4, 8), (2, 4), (3, 5), (4, 5), (9, 12), (7, 9), (3, 7), (1, 3), (4, 6), (10, 12), (9, 10), (8, 9), (10, 11), (11, 14), (6, 11), (1, 6), (0, 1), (1, 3), (2, 3), (1, 5), (3, 4), (5, 7), (3, 8), (0, 3), (4, 5), (7, 8), (3, 7), (2, 3), (5, 9), (2, 5), (3, 4), (5, 10), (0, 5), (1, 4), (4, 5), (2, 7), (1, 2), (2, 5), (3, 4), (4, 5), (5, 8), (10, 11), (11, 13), (6, 11), (1, 6), (0, 1), (1, 6), (0, 1), (1, 2), (1, 4), (7, 8), (7, 11), (2, 7), (0, 2), (6, 7), (7, 12), (2, 7), (0, 2), (2, 3), (5, 8), (2, 5), (3, 5), (9, 12), (8, 13), (3, 8), (0, 3), (1, 2), (1, 4), (7, 12), (2, 7), (1, 2), (2, 6), (3, 5), (4, 5), (5, 6), (5, 7), (2, 5), (5, 10), (1, 5), (3, 4), (2, 6), (1, 2), (5, 6), (8, 9), (7, 8), (6, 7), (4, 6), (5, 6), (6, 11), (2, 6), (5, 10), (8, 9), (9, 10), (8, 12), (3, 8), (1, 3), (2, 5), (5, 6), (3, 5), (7, 10), (6, 7), (3, 6), (4, 5), (4, 6), (8, 11), (7, 12), (2, 7), (1, 2), (3, 8), (2, 3), (2, 5), (8, 9), (6, 11), (1, 6), (1, 4), (5, 8), (3, 5), (4, 5), (5, 10), (0, 5), (1, 3), (1, 5), (6, 7), (8, 12), (3, 8), (0, 3), (3, 4), (4, 5), (2, 7), (0, 2), (8, 13), (3, 8), (0, 3), (4, 5), (6, 10), (5, 6), (7, 11), (6, 10), (1, 6), (7, 12), (2, 7), (1, 2), (4, 5), (3, 5), (4, 5), (6, 7), (5, 7), (8, 11), (4, 8), (5, 6), (3, 8), (9, 12), (4, 9), (1, 4), (4, 6)]
