results/deeplll05/svpchallengedim40seed0dim15delta0.98999995.txt: 78.737 sec
b: [[-112375769, 164727927, -38498146, -136575169, -133556053, 109271257, 87880447, -154179320, 76699243, -42969795, 169277934, 133467966, -35696594, -73626199, 0],
 [-83096006, 52090732, 108006476, 103074181, -69469015, 60377313, -26693023, 269776058, 139764848, 186504307, -144636346, -71999832, 38717120, 119626663, 0],
 [20808060, 76882543, 82081873, 30132068, 68280033, -14528421, 162935687, -37646891, 86056985, 330534127, 78732576, -64999225, -60761391, 152497662, 0],
 [-86898695, -125500887, 311165287, 165090746, 48206942, 24755984, 154806503, -137774735, 46816552, 59272017, 2021325, -104706380, 2922404, 90468953, 0],
 [-121604347, 102459175, 48203561, 35048246, -111916160, 42100724, -100352892, -381369208, 86902543, 26660500, -201245356, 119492267, 32746637, -92011826, 0],
 [78182105, 45715433, 52998524, -35855896, 139098833, -153640935, -71143361, -13212939, -41670726, -68359459, -333595430, -6758865, -276617373, -19677173, 0],
 [1671002, 255477817, 28773844, -7527559, 173977895, 40165167, -118606393, -39812666, -196802744, -135060207, 306658272, 64994956, -234901702, -15415170, 0],
 [-25174393, 194920480, 61658353, -39386198, -126462383, 292113015, -64467821, -228648652, -243801882, 305081465, 44017028, -85725451, 54221484, 42624022, 0],
 [120600327, 377689282, 183789465, 81186247, 142529695, -182824867, 121594815, 151195374, -9582075, 31267965, 293444, 37058791, 73209396, 126157841, 0],
 [-176653994, -196442227, 104080095, 28443396, -326702381, -167258605, 18088290, -63327662, -178792127, 31595330, -228907756, -86029898, -111085917, 43235318, 0],
 [-189697044, 173427332, -308947860, -26417799, -245529628, 32791112, 161974714, -103063257, 28408283, 71611660, -196160316, -116459970, 7777292, -2430237, 0],
 [30469136, -154549443, -56096202, -37654731, 10784222, -339252350, -125513908, -102699433, 84077608, -158380643, -28566078, -203000698, 96529579, 83523720, 0],
 [-153909634, -148319000, 48586464, -186007702, 139359205, -144122577, 169511674, -92305853, -92545583, -100135877, -9740112, -96579566, 250225692, 26067926, 0],
 [115472031, -123540199, 87089505, 7574790, 53838320, -66735353, -17382133, 185087167, 106068194, 124138237, 166888960, -233205370, -13619250, -152278453, 0],
 [23206810, 335914071, -45844997, 63700903, -43712144, 123682488, 73960632, 125007574, -127862606, 133533614, 121983133, 107956199, 62078669, 174649064, 1]], shape=[15, 15], strides=[15, 1], layout=Cc (0x5), const ndim=2
v_norms: [182063108053744657, 33357744068265962987145870618549486/182063108053744657, 2808177921441203059529447246044595278660891284587326/16678872034132981493572935309274743, 231829131004298132925398711214932557494771560304843024913611424120937/1404088960720601529764723623022297639330445642293663, 188436226087303847651232005765995706386318837643398185806499173773844458696208726887899/927316524017192531701594844859730229979086241219372099654445696483748, 31893764795964113442862166557305321867988747852518336477475519333444055413696229191925916601296475296571/188436226087303847651232005765995706386318837643398185806499173773844458696208726887899, 6140538518769201996742978030195562416631890687817973513425903399064163850316713276886291662138028313284669766421584203998/31893764795964113442862166557305321867988747852518336477475519333444055413696229191925916601296475296571, 1123337275644925975114685489977766768492961455544868254655989568856323997463992557932800303613383107763387172482030830476935710797695544717/6140538518769201996742978030195562416631890687817973513425903399064163850316713276886291662138028313284669766421584203998, 206653922774133668958579846397237371807359543963405039272932439046071608895080163002288444031384060842919376368489055466264357321222471573757259540102312341/1123337275644925975114685489977766768492961455544868254655989568856323997463992557932800303613383107763387172482030830476935710797695544717, 35067588890451949794592705018709446159673610564931145015929043242732660406297934867397270997362937787834108972243943161777990204176517080682273102645807434229244673758084622/206653922774133668958579846397237371807359543963405039272932439046071608895080163002288444031384060842919376368489055466264357321222471573757259540102312341, 2291265657820546441855452875684807693440525474609683113653789454941580471785772796535174745741779347054527361729547522289288834368187916631806950647057033179836415991444402296334731972142743/17533794445225974897296352509354723079836805282465572507964521621366330203148967433698635498681468893917054486121971580888995102088258540341136551322903717114622336879042311, 502240074405303030034566374069117307081415413383353787700250409798710897357026406054014458072723482520406268814166059394054265147492561632822180573644185212303754329274006913024504039660449665929542797656461/4582531315641092883710905751369615386881050949219366227307578909883160943571545593070349491483558694109054723459095044578577668736375833263613901294114066359672831982888804592669463944285486, 52715218164718127465509908142329870817579182374317491659323841318846564812936983324633055761487404383422713274129846563595796553501127572710315917822392401721517959069463789799984830127382195943379634854589829725275482714898/502240074405303030034566374069117307081415413383353787700250409798710897357026406054014458072723482520406268814166059394054265147492561632822180573644185212303754329274006913024504039660449665929542797656461, 4479162007073151170053182782743010606980316030715060474323054884337061641018044345714802639116581702744224211114079778384050910591371708226269714637437377066499267496599054455079188695195638785002287791358960525877967803096509204846118949649/52715218164718127465509908142329870817579182374317491659323841318846564812936983324633055761487404383422713274129846563595796553501127572710315917822392401721517959069463789799984830127382195943379634854589829725275482714898, 1], shape=[15], strides=[1], layout=CFcf (0xf), const ndim=1
Mu { arr: [-69958151100606606/182063108053744657, 458617380150074/182063108053744657, 7023414818274177324539339778303566/16678872034132981493572935309274743, -33675607407263299/182063108053744657, 806102422247159900168417668011239/4765392009752280426735124374078498, 1394995283424736010127307776920377388634859941408401/2808177921441203059529447246044595278660891284587326, 86435761825625835/182063108053744657, -137516572679323675878096737166008/5559624011377660497857645103091581, -359240771597944700164325680583122870461742127772033/2808177921441203059529447246044595278660891284587326, 177208841808458601071034445740646953492493741464381080924399973667187/463658262008596265850797422429865114989543120609686049827222848241874, -84287567976135499/182063108053744657, -2304924664176512950320689092707403/11119248022755320995715290206183162, -5682820557086497396304822932675019308330443916620/73899418985294817356038085422226191543707665383877, -54878389984429598168807901529459703761494078133647718311983977645669/463658262008596265850797422429865114989543120609686049827222848241874, 78953699571078624954884404035178367271010493008657564295399843759011741637380105216501/188436226087303847651232005765995706386318837643398185806499173773844458696208726887899, 79499355595376136/182063108053744657, -15266804571831004420929918760989661/33357744068265962987145870618549486, 344496924399194875889542214415862363362426125797379/2808177921441203059529447246044595278660891284587326, -48930288356935476777561507334634941212828651390923321017682083569249/231829131004298132925398711214932557494771560304843024913611424120937, -63408359176243975524151878698077864093605778827922285563305350545262803843810976579292/188436226087303847651232005765995706386318837643398185806499173773844458696208726887899, 12457530528759722910857658201145400766605935022518079827066279312496895242307226478561123385097436247181/31893764795964113442862166557305321867988747852518336477475519333444055413696229191925916601296475296571, 75467123718331519/182063108053744657, 405908452683470525023513445257179/1853208003792553499285881701030527, 655266703399370354505092231357884730107092665853351/1404088960720601529764723623022297639330445642293663, 1336422007212493825814489170203638664126406663501736000499846597599/231829131004298132925398711214932557494771560304843024913611424120937, 79095903763029934341827788949136718227483710026449088506232064788032061179667723500790/188436226087303847651232005765995706386318837643398185806499173773844458696208726887899, -1889881575294138878250248250338053782257183481312224730893427653617290630861567013994676039764684218832/4556252113709159063266023793900760266855535407502619496782217047634865059099461313132273800185210756653, 2925122477964740827316582332863210778009647176807271237455757121333013105161513063252480098682802929970677620783887976983/6140538518769201996742978030195562416631890687817973513425903399064163850316713276886291662138028313284669766421584203998, -30123290145061892/182063108053744657, 5699277349673585340163207723305761/16678872034132981493572935309274743, 1187781712568919466070510088708596778069479532836221/2808177921441203059529447246044595278660891284587326, -82384866689303001655853608471494299906843628478707871798232730035727/463658262008596265850797422429865114989543120609686049827222848241874, -8173641592365257591635474933851692268919812932133538491699041474266333857120065806233/62812075362434615883744001921998568795439612547799395268833057924614819565402908962633, 10945688392636704535532956433748540258520740314771406887304255029138219218388122331581956256833717830178/31893764795964113442862166557305321867988747852518336477475519333444055413696229191925916601296475296571, 2382283427679724613815687688594625723734922026508023458308524765663437521357765461101274042214672608535860737252807205723/6140538518769201996742978030195562416631890687817973513425903399064163850316713276886291662138028313284669766421584203998, -317737248386216196904482561333780063755766343507950548509516202597632231667926496183928399431102674982821746724156613520597564008649997973/1123337275644925975114685489977766768492961455544868254655989568856323997463992557932800303613383107763387172482030830476935710797695544717, -48209495750729026/182063108053744657, 1474926960452943241382637215514472/16678872034132981493572935309274743, -289015539444575167908916296434688889731282867194081/1404088960720601529764723623022297639330445642293663, 112206489703585213993054297049607264107027757020906696246687528576503/231829131004298132925398711214932557494771560304843024913611424120937, 56579244177315567865788116668574344733687576951507482609150527913480449847871340713534/188436226087303847651232005765995706386318837643398185806499173773844458696208726887899, 6762819057139985302841029591277107107796180798971633829672822386361764166578587766851448886539859498538/31893764795964113442862166557305321867988747852518336477475519333444055413696229191925916601296475296571, -2367322126191512428772621045129785426306787390271454179734261162409678322769454128897349767374020034068608959591261254477/6140538518769201996742978030195562416631890687817973513425903399064163850316713276886291662138028313284669766421584203998, 493415274305520723378220343207460274642075837377715538563593434843577402874798060353127372839936145593287236630466367495776813651990244091/1123337275644925975114685489977766768492961455544868254655989568856323997463992557932800303613383107763387172482030830476935710797695544717, -42868172836719182411026011219327099124081766626091787314375968766876891013166369715814851123581144947438844824968974170528125265607733716339591175321419700/206653922774133668958579846397237371807359543963405039272932439046071608895080163002288444031384060842919376368489055466264357321222471573757259540102312341, 82141111840564277/182063108053744657, 5577619484889499955442827663957092/16678872034132981493572935309274743, -102985413644266391463121359173347526760916435919783/1404088960720601529764723623022297639330445642293663, -69344806435640622838218837285242652502546569715321248953581686369328/231829131004298132925398711214932557494771560304843024913611424120937, 80824686698328198367754551672561291658498970359740189158016313073975852520423636130212/188436226087303847651232005765995706386318837643398185806499173773844458696208726887899, -1172974499271638514253752454313045838064357599595329660767795100881223542255590165277775270926588807522/31893764795964113442862166557305321867988747852518336477475519333444055413696229191925916601296475296571, -1450502125645099619371309036471762163718798436929051877346426632900891055129419533631166539043355037890825257621006544195/3070269259384600998371489015097781208315945343908986756712951699532081925158356638443145831069014156642334883210792101999, 109820119713347318641647273367881647977126119210764554536746815947788591452101414822644218903281791032941404164600912591057181991517010984/374445758548308658371561829992588922830987151848289418218663189618774665821330852644266767871127702587795724160676943492311903599231848239, -2560321875261377520047151298447776330741961371948845623857620398220441508181329321156706921433106247511097362328618984789867780655857535932408277226616984/206653922774133668958579846397237371807359543963405039272932439046071608895080163002288444031384060842919376368489055466264357321222471573757259540102312341, 5744622626275065634473997650437790175489939096432491808120559872976401021112188806723960862191721545686787907072275864886891587792410832891330403089468764153588682186613623/17533794445225974897296352509354723079836805282465572507964521621366330203148967433698635498681468893917054486121971580888995102088258540341136551322903717114622336879042311, -83557954870603643/182063108053744657, -7603724061858727575913721173553392/16678872034132981493572935309274743, -165283408380706389063791419629610549970849388535507/1404088960720601529764723623022297639330445642293663, 16879266054491177709971353266341315603328204286069079984664381656995/231829131004298132925398711214932557494771560304843024913611424120937, 7181680504520715438587232228572308272652985696214856554915467744510335774614131348094/62812075362434615883744001921998568795439612547799395268833057924614819565402908962633, -3458093064386393508414904818339183186185534722373319849354021886210187079976274327016118440801068796042/31893764795964113442862166557305321867988747852518336477475519333444055413696229191925916601296475296571, -1798737223937712653723161187214245116592300411056633806539472698596230361743735220276670611591108562903952134231745327185/6140538518769201996742978030195562416631890687817973513425903399064163850316713276886291662138028313284669766421584203998, -454544062316331292290641897097255647977455862766087271828823787886590247990977341191801283466352504909527481990997214179602961465904205535/1123337275644925975114685489977766768492961455544868254655989568856323997463992557932800303613383107763387172482030830476935710797695544717, 5080054126224240005294449997993230458681032116054967136522865049362731628637924606087679110459697188288334789615138303180213761159851237046888867269648766/206653922774133668958579846397237371807359543963405039272932439046071608895080163002288444031384060842919376368489055466264357321222471573757259540102312341, 11647666366235926356177498446860571332434864815415915518305457086372626611975492494310677016916874144908624236791568435438523585264302059511394217788513839562473729674333291/35067588890451949794592705018709446159673610564931145015929043242732660406297934867397270997362937787834108972243943161777990204176517080682273102645807434229244673758084622, 295497023508601925226483994849358788480692779935703110837954205594836424994378495426913326838068628897992992846670210274826609974598460354045876656450606807908130503953533794370844935432161/2291265657820546441855452875684807693440525474609683113653789454941580471785772796535174745741779347054527361729547522289288834368187916631806950647057033179836415991444402296334731972142743, -17021238128303616/182063108053744657, -13409529259466471370424448778990035/33357744068265962987145870618549486, 179445526032919531350364026125157285414876316780015/2808177921441203059529447246044595278660891284587326, 91811454311615253632264324424372587451737425393529972624072784308087/231829131004298132925398711214932557494771560304843024913611424120937, -11122601505177190853270111970022665756983981852538701909869453823231781216047989269620/62812075362434615883744001921998568795439612547799395268833057924614819565402908962633, -6314775060918979650360561228748756234743156016155092220376031795327260030276763182719523636815094066125/31893764795964113442862166557305321867988747852518336477475519333444055413696229191925916601296475296571, -101625130981217145747770636597670822611237240286074581969054748226827856700350941709937277004960544008901690981630776474/236174558414200076797806847315213939101226564916075904362534746117852455781412049111011217774539550510948837170060930923, 1987802040845089487824134919109974909248685478390366069354058151499537760619421258826310478710931466248301382266594377073064053699989264/41605084283145406485729092221398769203443016872032157579851465513197185091258983627140751985680855843088413795630771499145767066581316471, 65993758460815336658712881598657356349339465360298361736706204230565070834615801706048590942832202539015092127205640694625464941313774833475096948030039366/206653922774133668958579846397237371807359543963405039272932439046071608895080163002288444031384060842919376368489055466264357321222471573757259540102312341, 1595743904327313611216079325510335513068040126177062506822632765884495252365711297412692533261154770223136755200914760294602219855724696837209805930967145334243492323108687/35067588890451949794592705018709446159673610564931145015929043242732660406297934867397270997362937787834108972243943161777990204176517080682273102645807434229244673758084622, 350680388774015666768813521848366301728277383312483601985314274700453912085035151676998705845977491191669646060799229869421554214161437050574673480131099436934976867628693754314949279504124/2291265657820546441855452875684807693440525474609683113653789454941580471785772796535174745741779347054527361729547522289288834368187916631806950647057033179836415991444402296334731972142743, 200180553242260182328829556935729140179774026935034537838385038041919613065287131427337185988922460366138714527900338558357013563300629256007666368980619894888662378734405808194615357973019460912423030756315/502240074405303030034566374069117307081415413383353787700250409798710897357026406054014458072723482520406268814166059394054265147492561632822180573644185212303754329274006913024504039660449665929542797656461, -70636772387159530/182063108053744657, 217730944043486679760037157267806/1853208003792553499285881701030527, 352784542904645253326404326475350615477096011506242/1404088960720601529764723623022297639330445642293663, -11073618871536485738149654067372357517027903304098950414266635302085/231829131004298132925398711214932557494771560304843024913611424120937, -86035421804180501082234548329569672334178446198625145642099180270224625351327150085234/188436226087303847651232005765995706386318837643398185806499173773844458696208726887899, -4339350251232068171610565033569429463326250976580269267971735456995670562629167634213616989628336388253/31893764795964113442862166557305321867988747852518336477475519333444055413696229191925916601296475296571, -191323353422520979171053780896043246524506155692791086285268695421821093231901035924552592171947951043385947561703276090/3070269259384600998371489015097781208315945343908986756712951699532081925158356638443145831069014156642334883210792101999, -35455201633538766892151028284173627829146324957804438507613969155653165794187262328159000490334273592622165895405331477075850370876945370/374445758548308658371561829992588922830987151848289418218663189618774665821330852644266767871127702587795724160676943492311903599231848239, -43873318525501595277513452673534884534055573407992373413539849128336069677806332132487645481351818664025365478468845121905373236118074119240490990361368566/206653922774133668958579846397237371807359543963405039272932439046071608895080163002288444031384060842919376368489055466264357321222471573757259540102312341, -2482601540278570708852071109937374687363954977472490734974697253859862517745497347329196827506094400532732567079212030499618675543797690688044590002042687888068458198622714/17533794445225974897296352509354723079836805282465572507964521621366330203148967433698635498681468893917054486121971580888995102088258540341136551322903717114622336879042311, -525713510073515693447009659643774054591918632311468152315525478176275957756169817155049967205515644096790809623658137428751365193421981965154527120379123979537999432927566186455640688546882/2291265657820546441855452875684807693440525474609683113653789454941580471785772796535174745741779347054527361729547522289288834368187916631806950647057033179836415991444402296334731972142743, 160276285352402318590030338810824930754360368102946447874245555474285684873898388041121589548964577257344002092654077753928860840228702527841021469330851630062204921315396863733537754869113278315664349609676/502240074405303030034566374069117307081415413383353787700250409798710897357026406054014458072723482520406268814166059394054265147492561632822180573644185212303754329274006913024504039660449665929542797656461, -13511807934617567750525790191109353481586342551086466901512199459905608559631873607146216684587720435344467389633534325068472962445805666023348573864352368212222888700976388295476261937316648114202334663682481680793189558873/52715218164718127465509908142329870817579182374317491659323841318846564812936983324633055761487404383422713274129846563595796553501127572710315917822392401721517959069463789799984830127382195943379634854589829725275482714898, 56808730383950700/182063108053744657, 15690380292828626005291430845038203/33357744068265962987145870618549486, 410110175398092490607589261579240818163796207138387/1404088960720601529764723623022297639330445642293663, -208895375665794140328910170422081620391499868146122665824296924099719/463658262008596265850797422429865114989543120609686049827222848241874, -11354221470768600273425075674419273384662495207559004583283970081402437360443721738339/62812075362434615883744001921998568795439612547799395268833057924614819565402908962633, -5811084658040806000317705390034464350085790180457743672343840587862985658754189906817727267143336759216/31893764795964113442862166557305321867988747852518336477475519333444055413696229191925916601296475296571, 1507587469486826728918056055173771711479575077405522102934874508561776173183486044486352523396528808013856086158863133366/3070269259384600998371489015097781208315945343908986756712951699532081925158356638443145831069014156642334883210792101999, 241610683466436965642479465760926639357511608008834251931286027722702846429434883235740798915366755981642396816756849687670173459317065542/1123337275644925975114685489977766768492961455544868254655989568856323997463992557932800303613383107763387172482030830476935710797695544717, 98483492541737786945304524882727744457101490890636545685801490230187887959041326059402977476826094108017785048794685776730799254855132476822141157407844032/206653922774133668958579846397237371807359543963405039272932439046071608895080163002288444031384060842919376368489055466264357321222471573757259540102312341, 1339090636428073900396618356346639785270175083947790781960999205655078455629167496527709618874099396110965739359276479547822047882400412389079521932888659556445422758490513/17533794445225974897296352509354723079836805282465572507964521621366330203148967433698635498681468893917054486121971580888995102088258540341136551322903717114622336879042311, 371675861688766169968714166096553641896822336953083798566136291640266404911811265751038488341767039320703479107386652804053870861171833614477603450059031786134012126829101447446168577662984/2291265657820546441855452875684807693440525474609683113653789454941580471785772796535174745741779347054527361729547522289288834368187916631806950647057033179836415991444402296334731972142743, -185426321107904410647906983521882955810845738341823632021794547078223940871166979661557172748138010568304687780574261540683175426073258931704900756139623817678602052282558155640365424519002843853751915208068/502240074405303030034566374069117307081415413383353787700250409798710897357026406054014458072723482520406268814166059394054265147492561632822180573644185212303754329274006913024504039660449665929542797656461, -1681812424955930780216216193022545466208788696186530905357117624931993571539266088150434265849967229584527065883433908792228853363315007662855232467463924853581734304416101928140703388809723504739911995189942201681647701166/26357609082359063732754954071164935408789591187158745829661920659423282406468491662316527880743702191711356637064923281797898276750563786355157958911196200860758979534731894899992415063691097971689817427294914862637741357449, -975544772954498536424877649983252226749059119524710566204750724939283539485681074730232680514232001219594980132219690448/2116403082371869720683693394276970360299642162558342355675014410771989791845340105007240644994094893408332181197956887657] }
(hist.len, cnt): (1337, 13313)
[(0, 1), (0, 1), (0, 1), (0, 1), (0, 1), (0, 1), (0, 1), (0, 1), (0, 1), (0, 1), (0, 1), (0, 1), (0, 1), (0, 1), (0, 1), (0, 1), (0, 1), (0, 1), (0, 1), (0, 1), (0, 1), (0, 1), (0, 1), (0, 1), (0, 1), (0, 1), (0, 1), (0, 1), (0, 1), (0, 1), (0, 1), (0, 1), (0, 1), (0, 1), (0, 1), (0, 1), (0, 1), (0, 1), (0, 1), (0, 1), (0, 1), (0, 1), (0, 1), (0, 1), (0, 1), (0, 1), (0, 1), (0, 1), (0, 1), (0, 1), (0, 1), (0, 1), (0, 1), (0, 1), (0, 1), (0, 1), (0, 1), (0, 1), (0, 1), (0, 1), (0, 1), (0, 1), (0, 1), (0, 1), (0, 1), (0, 1), (0, 1), (0, 1), (0, 1), (0, 1), (0, 1), (0, 1), (0, 1), (0, 1), (0, 1), (0, 1), (0, 1), (0, 1), (0, 1), (0, 1), (0, 1), (0, 1), (0, 1), (0, 1), (0, 1), (0, 1), (0, 1), (0, 1), (0, 2), (0, 2), (0, 2), (0, 1), (0, 2), (1, 2), (0, 2), (1, 2), (0, 2), (0, 1), (0, 2), (0, 1), (0, 2), (1, 2), (0, 2), (0, 2), (0, 2), (0, 1), (0, 2), (1, 2), (0, 2), (0, 1), (0, 2), (0, 2), (0, 1), (0, 2), (0, 2), (0, 2), (0, 2), (0, 1), (0, 2), (0, 2), (0, 2), (0, 2), (0, 2), (0, 2), (0, 1), (0, 2), (1, 2), (0, 2), (0, 2), (0, 2), (1, 2), (0, 2), (0, 2), (0, 2), (1, 2), (0, 2), (0, 2), (0, 2), (0, 2), (0, 2), (0, 2), (0, 2), (1, 2), (0, 2), (0, 2), (0, 2), (0, 1), (0, 2), (1, 3), (0, 3), (1, 3), (0, 2), (1, 2), (0, 3), (0, 2), (0, 3), (1, 3), (0, 3), (1, 3), (0, 3), (0, 3), (1, 2), (0, 3), (0, 2), (1, 2), (0, 3), (0, 3), (1, 2), (0, 3), (1, 3), (1, 3), (0, 3), (1, 2), (0, 3), (2, 3), (1, 3), (0, 2), (0, 3), (0, 2), (0, 2), (0, 3), (0, 3), (0, 3), (0, 3), (1, 3), (0, 3), (1, 3), (1, 3), (0, 3), (1, 2), (0, 3), (1, 2), (0, 3), (0, 3), (1, 2), (1, 3), (0, 2), (0, 3), (0, 3), (1, 2), (0, 3), (1, 2), (0, 3), (0, 2), (0, 3), (0, 3), (1, 2), (0, 3), (0, 2), (1, 2), (0, 4), (1, 2), (0, 4), (0, 4), (0, 3), (1, 4), (0, 4), (0, 3), (0, 2), (0, 4), (1, 2), (0, 4), (2, 3), (1, 4), (0, 4), (1, 2), (0, 4), (2, 3), (0, 3), (0, 4), (1, 2), (0, 4), (1, 4), (0, 3), (1, 4), (0, 4), (1, 4), (1, 4), (0, 4), (1, 3), (1, 4), (1, 4), (0, 4), (0, 4), (1, 3), (0, 3), (1, 3), (0, 4), (1, 3), (0, 4), (0, 3), (0, 2), (1, 2), (0, 4), (2, 3), (0, 4), (1, 2), (0, 3), (1, 4), (0, 4), (1, 2), (1, 3), (0, 4), (1, 3), (0, 4), (0, 4), (1, 5), (1, 4), (1, 5), (2, 4), (1, 5), (0, 5), (0, 5), (2, 4), (2, 4), (0, 5), (2, 4), (3, 4), (0, 5), (0, 4), (1, 5), (0, 5), (1, 2), (0, 4), (0, 1), (2, 4), (0, 4), (2, 5), (0, 5), (1, 5), (3, 4), (0, 5), (0, 5), (3, 5), (0, 4), (2, 4), (1, 5), (0, 4), (2, 3), (0, 5), (0, 4), (0, 5), (3, 4), (1, 5), (1, 3), (0, 5), (1, 2), (2, 3), (1, 4), (2, 4), (0, 5), (0, 4), (2, 3), (4, 6), (1, 6), (0, 1), (1, 3), (0, 4), (2, 4), (3, 4), (2, 6), (2, 5), (1, 6), (0, 1), (3, 4), (2, 5), (3, 5), (1, 6), (0, 1), (2, 3), (1, 4), (0, 5), (0, 4), (3, 5), (2, 6), (1, 5), (1, 6), (0, 1), (2, 3), (0, 4), (0, 5), (2, 3), (4, 5), (1, 6), (0, 1), (1, 2), (3, 4), (1, 6), (0, 1), (0, 4), (0, 5), (0, 4), (1, 6), (2, 3), (4, 5), (1, 6), (0, 1), (1, 3), (3, 5), (4, 6), (1, 6), (0, 1), (3, 4), (1, 6), (0, 1), (0, 4), (4, 5), (1, 6), (0, 1), (1, 2), (2, 5), (0, 5), (1, 2), (1, 3), (2, 3), (4, 5), (1, 6), (0, 1), (1, 6), (0, 1), (0, 3), (0, 5), (0, 3), (1, 2), (0, 4), (2, 6), (1, 2), (1, 4), (2, 3), (0, 5), (3, 4), (1, 6), (0, 1), (1, 2), (1, 3), (0, 4), (2, 3), (3, 4), (1, 6), (0, 1), (3, 5), (1, 6), (0, 1), (1, 5), (4, 5), (1, 6), (0, 1), (2, 3), (4, 6), (2, 7), (1, 2), (1, 6), (0, 1), (4, 6), (3, 4), (5, 6), (3, 5), (2, 7), (0, 2), (2, 3), (1, 4), (1, 6), (0, 1), (2, 3), (2, 4), (0, 5), (1, 2), (4, 6), (2, 7), (0, 2), (0, 2), (3, 7), (3, 7), (1, 3), (2, 3), (3, 5), (5, 6), (1, 5), (2, 5), (2, 7), (0, 2), (1, 4), (4, 5), (1, 6), (2, 5), (3, 4), (5, 6), (3, 5), (4, 5), (2, 7), (0, 2), (1, 3), (2, 3), (4, 5), (4, 6), (5, 6), (2, 7), (0, 2), (1, 2), (4, 6), (3, 4), (2, 7), (0, 2), (1, 5), (2, 7), (0, 2), (2, 3), (3, 5), (4, 5), (1, 6), (0, 1), (2, 5), (4, 5), (2, 7), (0, 2), (1, 2), (4, 5), (3, 6), (2, 3), (0, 5), (2, 7), (0, 2), (1, 6), (0, 1), (1, 3), (4, 5), (4, 6), (4, 7), (3, 4), (3, 5), (4, 5), (4, 6), (2, 7), (1, 2), (2, 3), (2, 5), (2, 7), (1, 2), (3, 4), (4, 6), (2, 7), (0, 2), (2, 4), (2, 7), (0, 2), (2, 7), (1, 2), (2, 3), (2, 4), (3, 6), (2, 3), (2, 7), (0, 2), (1, 2), (3, 5), (2, 7), (1, 2), (2, 4), (2, 4), (2, 5), (2, 4), (5, 6), (1, 5), (2, 3), (2, 7), (0, 2), (1, 4), (2, 5), (2, 7), (1, 2), (4, 5), (3, 6), (1, 4), (2, 3), (3, 4), (1, 5), (2, 7), (0, 2), (4, 5), (2, 6), (4, 5), (4, 6), (4, 7), (3, 8), (0, 3), (2, 7), (0, 2), (3, 8), (3, 6), (3, 7), (0, 3), (3, 4), (2, 5), (3, 4), (3, 8), (0, 3), (1, 2), (1, 3), (3, 8), (1, 3), (3, 5), (1, 6), (0, 1), (4, 5), (3, 7), (1, 3), (2, 3), (3, 4), (4, 6), (3, 8), (0, 3), (3, 8), (1, 3), (2, 5), (4, 5), (1, 6), (4, 5), (3, 6), (5, 7), (3, 5), (6, 7), (3, 8), (1, 3), (4, 6), (3, 8), (0, 3), (2, 3), (0, 4), (2, 3), (0, 5), (2, 5), (6, 7), (3, 8), (0, 3), (3, 4), (0, 5), (4, 5), (1, 6), (0, 1), (3, 5), (3, 7), (0, 3), (1, 5), (2, 6), (1, 2), (3, 4), (2, 7), (0, 2), (1, 2), (3, 6), (1, 3), (4, 5), (4, 6), (5, 6), (3, 8), (0, 3), (2, 3), (2, 4), (4, 5), (6, 7), (3, 8), (0, 3), (2, 5), (1, 6), (3, 4), (3, 5), (4, 5), (3, 8), (0, 3), (2, 3), (1, 6), (2, 3), (5, 7), (3, 5), (3, 8), (0, 3), (1, 3), (3, 4), (3, 7), (5, 6), (6, 8), (4, 6), (5, 6), (2, 5), (3, 8), (1, 3), (4, 5), (3, 6), (2, 4), (3, 4), (3, 5), (4, 6), (2, 7), (3, 8), (0, 3), (0, 4), (3, 4), (3, 5), (4, 6), (3, 8), (0, 3), (2, 3), (0, 4), (4, 5), (2, 7), (0, 2), (3, 6), (2, 3), (3, 8), (0, 3), (0, 5), (1, 3), (4, 8), (5, 6), (7, 8), (4, 9), (0, 4), (1, 2), (1, 4), (5, 7), (4, 5), (3, 8), (0, 3), (1, 2), (5, 6), (3, 7), (6, 7), (3, 8), (1, 3), (6, 7), (5, 9), (3, 5), (5, 9), (1, 5), (2, 3), (3, 4), (4, 5), (6, 8), (4, 6), (3, 4), (4, 9), (0, 4), (1, 2), (4, 5), (2, 7), (1, 2), (3, 4), (2, 6), (3, 5), (4, 9), (2, 4), (3, 4), (5, 6), (3, 5), (3, 8), (4, 6), (4, 9), (1, 4), (1, 3), (1, 4), (2, 7), (1, 2), (6, 8), (4, 9), (0, 4), (2, 3), (6, 7), (4, 9), (0, 4), (3, 5), (4, 5), (1, 6), (3, 8), (1, 3), (5, 6), (4, 9), (2, 4), (4, 5), (3, 6), (4, 5), (6, 9), (4, 6), (2, 4), (3, 4), (2, 7), (1, 2), (5, 6), (4, 9), (0, 4), (1, 2), (1, 5), (4, 5), (3, 8), (1, 3), (2, 3), (4, 5), (6, 9), (2, 6), (5, 9), (1, 5), (2, 3), (3, 4), (0, 5), (4, 7), (1, 4), (7, 8), (4, 9), (0, 4), (3, 5), (3, 8), (0, 3), (2, 3), (2, 5), (3, 4), (2, 7), (1, 2), (3, 4), (4, 9), (1, 4), (2, 3), (2, 6), (0, 2), (1, 4), (2, 5), (4, 9), (0, 4), (1, 3), (2, 3), (2, 4), (4, 5), (1, 6), (4, 9), (2, 4), (4, 5), (5, 6), (4, 8), (2, 4), (5, 7), (4, 9), (0, 4), (2, 4), (3, 4), (4, 5), (6, 7), (3, 8), (2, 3), (4, 5), (9, 10), (7, 9), (4, 7), (3, 4), (6, 10), (1, 6), (4, 5), (1, 6), (5, 6), (5, 10), (0, 5), (1, 4), (3, 4), (2, 7), (1, 2), (3, 5), (4, 5), (4, 6), (4, 9), (1, 4), (4, 8), (4, 9), (3, 4), (4, 5), (8, 9), (5, 8), (4, 5), (5, 10), (0, 5), (5, 10), (3, 5), (4, 5), (3, 8), (2, 3), (3, 4), (3, 5), (5, 10), (2, 5), (3, 4), (7, 8), (5, 9), (3, 5), (4, 5), (3, 6), (4, 6), (8, 9), (5, 8), (1, 5), (1, 5), (3, 4), (3, 5), (5, 10), (0, 5), (1, 3), (2, 3), (2, 4), (2, 5), (7, 8), (5, 7), (3, 5), (6, 9), (4, 6), (7, 9), (4, 7), (2, 4), (3, 4), (8, 10), (7, 12), (2, 7), (0, 2), (3, 4), (1, 5), (4, 6), (1, 4), (5, 6), (5, 9), (0, 5), (3, 5), (4, 5), (7, 8), (6, 9), (4, 6), (1, 4), (2, 4), (7, 8), (5, 10), (0, 5), (2, 4), (4, 7), (4, 8), (1, 4), (2, 3), (1, 5), (4, 5), (6, 7), (5, 10), (0, 5), (1, 3), (2, 3), (1, 4), (6, 7), (5, 6), (5, 7), (2, 5), (4, 9), (2, 4), (4, 6), (5, 8), (6, 7), (5, 10), (0, 5), (4, 5), (5, 7), (6, 7), (5, 10), (2, 5), (4, 5), (2, 6), (1, 2), (3, 4), (3, 8), (1, 3), (2, 3), (3, 4), (6, 9), (2, 6), (1, 2), (0, 3), (2, 4), (2, 7), (0, 2), (1, 2), (2, 3), (8, 10), (8, 11), (4, 8), (6, 11), (1, 6), (0, 1), (2, 4), (2, 5), (4, 7), (3, 7), (2, 3), (4, 9), (5, 10), (2, 5), (3, 4), (5, 7), (4, 5), (5, 8), (3, 5), (7, 10), (6, 7), (3, 6), (4, 6), (5, 6), (7, 9), (6, 11), (1, 6), (0, 1), (1, 2), (3, 5), (4, 8), (2, 4), (3, 5), (4, 5), (4, 8), (5, 6), (7, 9), (3, 7), (1, 3), (2, 5), (3, 4), (3, 6), (4, 5), (2, 7), (7, 11), (2, 7), (0, 2), (3, 5), (6, 9), (5, 6), (7, 10), (3, 7), (0, 3), (6, 11), (1, 6), (0, 1), (1, 2), (1, 3), (1, 5), (2, 3), (5, 6), (5, 7), (4, 5), (5, 10), (0, 5), (5, 6), (4, 6), (7, 11), (3, 7), (5, 6), (4, 5), (8, 9), (5, 10), (1, 5), (7, 8), (5, 10), (1, 5), (0, 4), (3, 5), (6, 8), (5, 6), (7, 8), (6, 11), (1, 6), (0, 1), (2, 3), (2, 4), (5, 6), (5, 8), (1, 5), (6, 10), (1, 6), (0, 1), (0, 2), (5, 6), (3, 5), (4, 5), (3, 8), (0, 3), (2, 3), (4, 5), (4, 6), (2, 4), (3, 4), (6, 10), (2, 6), (1, 2), (2, 3), (4, 5), (5, 10), (0, 5), (1, 2), (6, 11), (1, 6), (2, 3), (3, 7), (4, 9), (0, 4), (1, 2), (1, 4), (5, 6), (8, 11), (5, 8), (2, 5), (0, 5), (2, 5), (2, 4), (4, 5), (6, 11), (1, 6), (0, 1), (3, 4), (10, 12), (8, 10), (5, 8), (1, 5), (2, 3), (2, 5), (3, 4), (4, 5), (9, 10), (10, 11), (7, 12), (2, 7), (0, 2), (1, 2), (3, 6), (4, 7), (3, 4), (3, 8), (0, 3), (1, 3), (0, 5), (2, 3), (6, 7), (5, 6), (6, 11), (1, 6), (0, 1), (1, 2), (4, 9), (2, 4), (5, 10), (2, 5), (4, 5), (7, 8), (6, 9), (3, 6), (9, 10), (7, 12), (4, 7), (0, 4), (3, 4), (1, 5), (6, 11), (1, 6), (0, 1), (1, 3), (3, 4), (1, 5), (2, 3), (6, 9), (1, 6), (5, 10), (0, 5), (2, 3), (4, 5), (7, 8), (5, 10), (0, 5), (4, 7), (3, 4), (7, 8), (5, 7), (6, 11), (1, 6), (0, 1), (1, 2), (7, 10), (4, 7), (3, 4), (5, 6), (4, 7), (7, 12), (2, 7), (0, 2), (3, 6), (4, 9), (0, 4), (4, 5), (7, 8), (8, 9), (7, 12), (2, 7), (1, 2), (4, 6), (3, 8), (2, 3), (6, 9), (5, 6), (4, 9), (8, 9), (9, 12), (4, 9), (1, 4), (3, 5), (1, 6), (8, 11), (3, 8), (4, 5), (4, 6), (6, 10), (2, 6), (1, 5), (6, 11), (1, 6), (2, 4), (3, 4), (3, 5), (5, 7), (2, 5), (3, 4), (5, 10), (0, 5), (7, 12), (2, 7), (0, 2), (1, 5), (6, 8), (5, 6), (8, 9), (6, 11), (2, 6), (4, 5), (8, 12), (6, 8), (5, 6), (8, 13), (4, 8), (1, 4), (2, 4), (5, 6), (8, 13), (4, 8), (5, 6), (3, 8), (2, 3), (9, 12), (8, 9), (4, 8), (3, 4), (8, 13), (3, 8), (0, 3), (1, 2), (3, 4), (6, 10), (1, 6), (8, 12), (4, 8), (2, 4), (3, 5), (5, 6), (9, 13), (4, 9), (1, 4), (5, 6), (5, 9), (1, 5), (6, 11), (2, 6), (7, 12), (4, 7), (1, 4), (2, 3), (0, 4), (6, 7), (8, 10), (9, 10), (9, 11), (6, 9), (11, 13), (7, 11), (2, 7), (0, 2), (6, 9), (1, 6), (2, 4), (1, 5), (2, 6), (3, 4), (7, 12), (3, 7), (1, 3), (3, 5), (8, 12), (9, 13), (6, 9), (1, 6), (0, 1), (1, 2), (5, 7), (4, 5), (2, 6), (3, 6), (8, 12), (3, 8), (0, 3), (1, 3), (9, 13), (4, 9), (0, 4), (3, 5), (2, 6), (3, 5), (4, 6), (7, 8), (8, 13), (3, 8), (0, 3), (1, 2), (7, 9), (6, 11), (5, 6), (2, 7), (0, 2), (3, 4), (4, 5), (6, 9), (9, 11), (5, 9), (0, 5), (0, 4), (1, 2), (5, 6), (10, 11), (9, 10), (6, 9), (5, 6), (1, 5), (2, 4), (3, 4), (2, 5), (3, 4), (1, 6), (7, 12), (2, 7), (0, 2), (2, 3), (2, 4), (4, 5), (7, 12), (4, 7), (3, 4), (9, 13), (5, 9), (2, 5), (0, 4), (1, 3), (4, 5), (10, 13), (6, 10), (1, 6), (0, 1), (0, 3), (1, 2), (3, 7), (1, 3), (2, 3), (11, 12), (8, 13), (3, 8), (0, 3), (1, 2), (3, 4), (7, 12), (2, 7)]
