results/deeplll05/svpchallengedim40seed4dim15delta1.txt: 90.800 sec
b: [[-286125324, 52032755, -70820022, -36200182, -86686000, 74363238, 206864271, 32508110, -104579542, 42467598, 161531356, 40419769, 30274601, -64292772, 109436093],
 [-287181253, -49238353, -161940844, 118183140, 18775399, -87551735, -1138117, 158493742, 907816, 102073660, -183021815, -97604590, 38089715, -36991134, 89746425],
 [-180001857, 311105529, 106193642, -38647809, 138438758, -117382071, 32997537, 188012842, 93440770, 6478974, -87910992, -80591913, 44163292, -42274703, 103385460],
 [666513, -107557126, -221527567, 146882511, -13898794, -15869091, -106860737, -56778212, 197776785, -137946371, -55535339, -101677454, 67077083, -153899914, 254974707],
 [-130396663, 39394446, 57912019, -122650472, 61786242, -297662172, -196924698, 124134931, -161190722, -127286413, 41882920, 111040291, -15623083, 37192849, -60858487],
 [19541323, 92045647, -182203424, 83762067, -183737262, 20798693, -198440615, 28149308, -109717918, 199803889, 196026619, 187142099, -18042333, 45241576, -72782628],
 [42134013, -65422575, 76944710, -320277504, -200387322, 229748428, 76175552, -57760810, -137860434, 141570300, -43615948, 142368734, 8106311, -70613277, 87616795],
 [45560430, -68614731, -182818513, 118317559, -192365759, -187677485, 198054385, -121481019, 30392212, -2774431, -324447422, -97800772, -36891252, 71517875, -125899024],
 [256115455, -131644254, -215810098, -68993308, -112920016, -21334782, -64412842, 85831026, 52294199, -34774926, 113882958, -126830913, -83431319, 142131072, -263311277],
 [-294083280, -256618712, -77925229, 5872223, 25513776, -7237329, -283962567, -54570903, 165218370, -54814548, 93881905, -94044596, -13153629, -26889130, 12322499],
 [-6589688, 36951984, -370161883, -65197638, -141870842, -54172740, -1004196, -179200675, -125271268, 91217038, 182058380, -137608744, -17931693, 25543276, -51127513],
 [90499960, 52631303, 127084365, 3991290, 352980578, -60825528, 24571388, -208264704, 303226294, -61294420, -57514292, 143477779, -32866691, 31760206, -77266872],
 [-72402643, -290554743, -54646919, 35956599, -2108572, -17054989, 110565285, -32162074, 198278646, 222629053, 282795903, -143216218, 30723737, -56292973, 101281723],
 [30718343, 88160544, -43371305, -27551363, 43677663, -151741444, 30098874, -108233137, 46704445, -131282086, 265768549, -24638593, -23040369, -86421862, 64526482],
 [-128696541, -118189003, -114719434, 195444680, -32116374, -16596868, -76322903, 18861062, 148411944, 223677274, -35193480, 164341295, -60604616, 86686992, -173188163]], shape=[15, 15], strides=[15, 1], layout=Cc (0x5), const ndim=2
v_norms: [205287879544176093, 41108022273857615469438482286958184/205287879544176093, 1067135656723355015489975566261482793069777596733340/5138502784232201933679810285869773, 220269743749464972335465586069591986957927260946372226967261026472447/1067135656723355015489975566261482793069777596733340, 355294880021358722197116478592182829591229849806789666917924181480547736898164183270279/1762157949995719778683724688556735895663418087570977815738088211779576, 71421286355371665031950922266052362827965770908751789772368920231636632388340636873727491282388772950665/355294880021358722197116478592182829591229849806789666917924181480547736898164183270279, 2634231274744657796818346406894013524717013467000212791360246094670158167843759574040836635784766655662243537326163418285/14284257271074333006390184453210472565593154181750357954473784046327326477668127374745498256477754590133, 515281129169471526806869366113904894746543138945820223032972577895055534887384420101051798651205372423327187280523573852964277069450887344/2634231274744657796818346406894013524717013467000212791360246094670158167843759574040836635784766655662243537326163418285, 387247162925760986790043651444834755795357828483173882946054895640439343231471651633880505876328112352422075391048166142906215894932156859409917489851596911/2576405645847357634034346830569524473732715694729101115164862889475277674436922100505258993256026862116635936402617869264821385347254436720, 1067011188820189258401377069701351415741208307325520591646489943274319114162143021440104419297095350418933886996751750461710499360265356280224293431469196183838230828641695/9445052754286853336342528084020359897447751914223753242586704771718032761743211015460500143325075911034684765635321125436736973047125777058778475362234071, 4140277248418068519680621558791834619861400449636892228483359257701158691572183363548956005097456535838002512105607974286492212999790940871006760817455220366401064761919705092506642635770299/43747458741627759594456459857755408045389540600346344257506087674247083680647863879044281191180909367176289366866821768930130473770879607489196030690237043537367463974309495, 53302304296626069361311860414412173678096562809074360650562014558257431486630416641449279219044915857586599057030596853453231810478848561301922097294086227423039741200747261425187084488055581222818973793315/460030805379785391075624617643537179984600049959654692053706584189017632396909262616550667233050726204222501345067552698499134777754548985667417868606135596266784973546633899167404737307811, 64828181809537776942279209520038289380958501100175231428572720231806540769677134077035343956117992395420211171589771385339925481369070754498973938463622778492483589736241987270666103654524919611409777692525573490619909995699/479720738669634624251806743729709563102869065281669245855058131024316883379673749773043512971404242718279391513275371681079086294309637051717298875646776046807357670806725352826683760392500231005370764139835, 223008225484999814009592520371636513909675400414308537641959324570114300652294658348817363450949685796442704065882974286563315590447002835421853669624092638929129044915983442654504260815953536472887596972505435771018194106148089206647447495/64828181809537776942279209520038289380958501100175231428572720231806540769677134077035343956117992395420211171589771385339925481369070754498973938463622778492483589736241987270666103654524919611409777692525573490619909995699, 4276004080986662250556170150571682084661652708811008860820343595371977250993691951408982529005301818073582930400216010607001999500303394702071829521757444159996645323454281158344057771824138679224276609066488857242630567308043703839472400369/223008225484999814009592520371636513909675400414308537641959324570114300652294658348817363450949685796442704065882974286563315590447002835421853669624092638929129044915983442654504260815953536472887596972505435771018194106148089206647447495], shape=[15], strides=[1], layout=CFcf (0xf), const ndim=1
Mu { arr: [67660805194370774/205287879544176093, 42191879589750277/205287879544176093, 4134914813572986389919930569403823/10277005568464403867359620571739546, -2733681133776353/29326839934882299, 4835252417405332348907200384442575/10277005568464403867359620571739546, -228802869751243148849811193649290887812528027100487/1067135656723355015489975566261482793069777596733340, -11313186832463609/205287879544176093, 4805255166909526267721037603415405/41108022273857615469438482286958184, 22250776215681368071798643047301086887303853533037/73595562532645173482067280431826399522053627360920, -141160898907752323638585232625565936612982314798352691370626070705913/440539487498929944670931172139183973915854521892744453934522052944894, 34176633375441580/205287879544176093, -2599661396695464239407982783195917/20554011136928807734719241143479092, -385087813695241531510202655210566226552104860198463/1067135656723355015489975566261482793069777596733340, -45100594395316276895252483743431779088715420564855016879589140801957/220269743749464972335465586069591986957927260946372226967261026472447, 82607475763501139856228367245483757452731565385331741225693780566773313151795368373870/355294880021358722197116478592182829591229849806789666917924181480547736898164183270279, 72533548766188403/205287879544176093, -4979219631534112267815380887714027/10277005568464403867359620571739546, -68751938142672423097187137557890738654146573382489/266783914180838753872493891565370698267444399183335, -50058364849189620098583563105411327948115405011615391994776227966004/220269743749464972335465586069591986957927260946372226967261026472447, -71695426608723761384260352002706726548937002983071820674065497889240607907107282342044/355294880021358722197116478592182829591229849806789666917924181480547736898164183270279, -938498532827678669993613867175681905466753278637778843410129271692188554551698790268729917546614005521/14284257271074333006390184453210472565593154181750357954473784046327326477668127374745498256477754590133, -6764619047426084/29326839934882299, 2467354178546034993953619413657237/5138502784232201933679810285869773, -420517342675228233942455261518128520118835386690029/1067135656723355015489975566261482793069777596733340, -23211977312919923727688619129524456287483254194810442849453561961771/220269743749464972335465586069591986957927260946372226967261026472447, -102237951054687124116610388585009310261838293956142216871314265694662098102055300311292/355294880021358722197116478592182829591229849806789666917924181480547736898164183270279, -16579367913482202076088073512825249068233485614435201266088389667973465970413488589631068704331280542348/71421286355371665031950922266052362827965770908751789772368920231636632388340636873727491282388772950665, -374896503375650464581978192043827934789995988481732666242132244775780438911701814983219723042026286874828001114529516214/2634231274744657796818346406894013524717013467000212791360246094670158167843759574040836635784766655662243537326163418285, -14119751589735305/29326839934882299, -7863912833011683749125958998415789/41108022273857615469438482286958184, -1055883331215199351147429838313803076633728512045399/2134271313446710030979951132522965586139555193466680, -64442429168356070800628025381588089669317876974952929705053570847321/440539487498929944670931172139183973915854521892744453934522052944894, 17288425668729357820400865981472978367898428318886943290585861595865997238016553629789/355294880021358722197116478592182829591229849806789666917924181480547736898164183270279, 14569051094789508361661343537952266355384102572099476488002209849543417649369484009831488233377602640226/71421286355371665031950922266052362827965770908751789772368920231636632388340636873727491282388772950665, -138515367683538704002083532162984616054317543486879227613543501764174284883793430886104962841277102195867555810637851239/526846254948931559363669281378802704943402693400042558272049218934031633568751914808167327156953331132448707465232683657, 93349594461294424854652466938821755510181621776212717770346975767622633975114765520442771515769655429235324538574561906915945565323574003/515281129169471526806869366113904894746543138945820223032972577895055534887384420101051798651205372423327187280523573852964277069450887344, 2422996752495891/68429293181392031, 18259544101674031786498376789290575/41108022273857615469438482286958184, -147357567167953857931208327767128588491257260956805/426854262689342006195990226504593117227911038693336, 156175566956295623130979123330696881275563755200553375661153907038185/440539487498929944670931172139183973915854521892744453934522052944894, 146783067758351672401483239138756059352271625749631199338102644623103995502380045421629/355294880021358722197116478592182829591229849806789666917924181480547736898164183270279, -5354208490016430793117091172016733456948179581193736454045177983056063904924446626331247661231239234461/71421286355371665031950922266052362827965770908751789772368920231636632388340636873727491282388772950665, -276882359399459370197436453201404053468960558786978345044501896030894166442561953180297125490221307470067347381566148113/2634231274744657796818346406894013524717013467000212791360246094670158167843759574040836635784766655662243537326163418285, -255384519644951782229414198136737159048589215166860142991158860906771671813081157000060695064428677414374397167047554708816397658850124387/515281129169471526806869366113904894746543138945820223032972577895055534887384420101051798651205372423327187280523573852964277069450887344, 1268751895858485734917734814801356654105548869813087006506824421305557964858974103057398601511943593316072724541203851228513815035463686466493340030409785/9445052754286853336342528084020359897447751914223753242586704771718032761743211015460500143325075911034684765635321125436736973047125777058778475362234071, 22553354223330246/68429293181392031, -678399852819073220953172290327581/10277005568464403867359620571739546, -264344945630015859190258944346107517091625578815187/533567828361677507744987783130741396534888798366670, 21745535276537289441414048959514052607702933794519495006649576265794/220269743749464972335465586069591986957927260946372226967261026472447, 39412080030556426862887234019602401704167602687615957882797576258486215018101508856632/355294880021358722197116478592182829591229849806789666917924181480547736898164183270279, 28908738471146561787399981110410431120505150836333842511105263518657097574497624195745337513886275274467/71421286355371665031950922266052362827965770908751789772368920231636632388340636873727491282388772950665, -430680806182311040406086461251102553406816554071923326346315342626398169270964566199509998451794890470730481678588964389/2634231274744657796818346406894013524717013467000212791360246094670158167843759574040836635784766655662243537326163418285, 210727535168529261625294700878904936119315708078112318703071522106164259556143620143153229737170276928741526935301516535302386762200841279/515281129169471526806869366113904894746543138945820223032972577895055534887384420101051798651205372423327187280523573852964277069450887344, 16105756263386063032898841981601909070138852263943072792165319786168788460436846574689219809322106916715742816328777680122226635450246531056896517425425105/35204287538705544253640331949530432345032529862106716631459535967312667566497422875807318716029828395674734126458924194809655990448377896309992499077417901, 149643273815252009063945942935222073555205964895999684445178963484897715230438844842299223503535324560741024763085706898006693106511654070240482288640819703044733049862066/1067011188820189258401377069701351415741208307325520591646489943274319114162143021440104419297095350418933886996751750461710499360265356280224293431469196183838230828641695, -16915352533030267/29326839934882299, -5087849361822582012112728179793551/20554011136928807734719241143479092, 110492920511065062458641342653807083267017014215144/266783914180838753872493891565370698267444399183335, 35274849784811738963071310795045373578309529542290054990982574428664/220269743749464972335465586069591986957927260946372226967261026472447, -54509438923913743332670160345194671974251664089556649526868293028723285800007608173422/355294880021358722197116478592182829591229849806789666917924181480547736898164183270279, -20220354996498809400870560178616388279326349210630071300138464766187180204456145897248198465572167141772/71421286355371665031950922266052362827965770908751789772368920231636632388340636873727491282388772950665, -174961452956067123650959684494680926902367219598352820707746566810010259838975344031809537799206555788278200852810727643/526846254948931559363669281378802704943402693400042558272049218934031633568751914808167327156953331132448707465232683657, -48219062760555275217171517746910902714687008264817990991960355021035404058986823794555089922364112894190474022307782858499097121417690091/515281129169471526806869366113904894746543138945820223032972577895055534887384420101051798651205372423327187280523573852964277069450887344, -173655721164324026715712105665594547901220230377104634479824144977091492421177285190943733171575451987324052199088371037232536335915310022904570067277313287/387247162925760986790043651444834755795357828483173882946054895640439343231471651633880505876328112352422075391048166142906215894932156859409917489851596911, 81732238442084307683592049961961058765968041423515530982108837298856831574174005445130094812926208018085885262011874047704098222717070412077039756907041328078159552706681/213402237764037851680275413940270283148241661465104118329297988654863822832428604288020883859419070083786777399350350092342099872053071256044858686293839236767646165728339, -334732534863465545992709442049693241726161907110377521145288678875536959268680960116422571180752912978520569030729675928791973760675963318064051476632037652641295308698654325475096242550/460030805379785391075624617643537179984600049959654692053706584189017632396909262616550667233050726204222501345067552698499134777754548985667417868606135596266784973546633899167404737307811, 73150851402154000/205287879544176093, 26651802486052466679545689284599/300058556743486244302470673627432, -13687993035323274630562632234784268510238169426049/32834943283795538938153094346507162863685464514872, 133816179108169563714247893891029334048342810415465018263018313799145/440539487498929944670931172139183973915854521892744453934522052944894, -97405529729851908348110258952023976502628747801558829789329403463773062071527086484247/355294880021358722197116478592182829591229849806789666917924181480547736898164183270279, -4475089684620996677512067069100156255103352320609386288860821790177523045034543027523320987972499022968/71421286355371665031950922266052362827965770908751789772368920231636632388340636873727491282388772950665, -130539801035202854022291689309511886244052895534417391176674617634832097212458709180590079916351595411235269529517505148/526846254948931559363669281378802704943402693400042558272049218934031633568751914808167327156953331132448707465232683657, -49037783238045883947905082571925998300697229745510204448792722002511477008658599401235653245595131137258161022223815185527913717497031161/128820282292367881701717341528476223686635784736455055758243144473763883721846105025262949662801343105831796820130893463241069267362721836, 121608421208504363978983674003698429819267543353439646339376699867489758683290128173479989850371780108623041476187383511566588953668919193009557878639271692/387247162925760986790043651444834755795357828483173882946054895640439343231471651633880505876328112352422075391048166142906215894932156859409917489851596911, 424296879087693403947929437318468411821756897179064253235257456538951588556797975224063028295837763923922616909546656768684353931708898053756799371712465203059763056214369/1067011188820189258401377069701351415741208307325520591646489943274319114162143021440104419297095350418933886996751750461710499360265356280224293431469196183838230828641695, 362902564492117631715516199252892723059535289826696807415366700194980048511645847475968909863034526818057787354493549025488973873578469810900784325011799920225599306201359608910787556944091/4140277248418068519680621558791834619861400449636892228483359257701158691572183363548956005097456535838002512105607974286492212999790940871006760817455220366401064761919705092506642635770299, 10254872015076105412730082013679501500367068251202865838392523644412505778528484387952635130757747147999288722959226904455871265995128312703204573376974451468935305928689392478106672703717007348975214581783/53302304296626069361311860414412173678096562809074360650562014558257431486630416641449279219044915857586599057030596853453231810478848561301922097294086227423039741200747261425187084488055581222818973793315, 30899353887845806/205287879544176093, -3805363402709913199118208475874537/10277005568464403867359620571739546, 194151370236102147954389322882804021497798953807529/1067135656723355015489975566261482793069777596733340, 96038051901784778988133013851631051837907106364835497800142658611011/220269743749464972335465586069591986957927260946372226967261026472447, 118802104603940218701615402352383769014511187241364620365966637844343697445975895472212/355294880021358722197116478592182829591229849806789666917924181480547736898164183270279, 1390759450327302551214891277174499785484736492247352715232255311115048446357003774372416122432902965824/71421286355371665031950922266052362827965770908751789772368920231636632388340636873727491282388772950665, -934218331836086321543222506822530661194780012084065787468625520557307303504352227275858250596926006548607052803369846878/2634231274744657796818346406894013524717013467000212791360246094670158167843759574040836635784766655662243537326163418285, 7185066248181484043430310035912826121698474652028212478070368651028603922891268532535626696273225219394036724895358524437274946402247811/64410141146183940850858670764238111843317892368227527879121572236881941860923052512631474831400671552915898410065446731620534633681360918, 940678342469588093861440403938868083517985188570034882849380957648853132103195627510544214966577218463330420074114388739218596612111956868582098114839400/9445052754286853336342528084020359897447751914223753242586704771718032761743211015460500143325075911034684765635321125436736973047125777058778475362234071, 38586256005982412176133794947719902734322501627687163898117578465055238555042627076127500715978938579066861382007889410208586990604513349637602966993789568258917900994309/1067011188820189258401377069701351415741208307325520591646489943274319114162143021440104419297095350418933886996751750461710499360265356280224293431469196183838230828641695, 434651702478928889218312934072229530510490325385987814417704961157001729397927559150621375838143307515055617376152634897527896982473953009693793638174818995069502494531848932131668283032677/1380092416139356173226873852930611539953800149878964076161119752567052897190727787849652001699152178612667504035202658095497404333263646957002253605818406788800354920639901697502214211923433, 5746891422331905794122704249885077251671516201504292163959298708453839094541246419377860185879992124071313115599439929941358964933647244583348039328750352657942831166794699536113719275319917557251363442431/53302304296626069361311860414412173678096562809074360650562014558257431486630416641449279219044915857586599057030596853453231810478848561301922097294086227423039741200747261425187084488055581222818973793315, 17142848350111155033298664403077954432235958188861290577443758566754950796580785531693512764599632494007846575116248402128758996358935747416454070941266148489894455491822602206653865302034387110813633187929466184484797353798/64828181809537776942279209520038289380958501100175231428572720231806540769677134077035343956117992395420211171589771385339925481369070754498973938463622778492483589736241987270666103654524919611409777692525573490619909995699, -4442584862700230/68429293181392031, 4366607433952286577508065668589861/10277005568464403867359620571739546, -21937163908354290403922681034769144610132067823864/53356782836167750774498778313074139653488879836667, -67081488335470333407455977842669768200772604130479255667327179629300/220269743749464972335465586069591986957927260946372226967261026472447, -323892744901903457247929428545776196600301033265867601190275001368394953855510154704/2712174656651593299214629607573914729704044655013661579526138789927845319833314376109, 31938305433767970767995112374581810962260414034570667264310829133696563513835518430225120326047763724364/71421286355371665031950922266052362827965770908751789772368920231636632388340636873727491282388772950665, -690702845331076588109675908079642663954916577583558185139503669853406980569197854643249538250756140553398462774559962103/2634231274744657796818346406894013524717013467000212791360246094670158167843759574040836635784766655662243537326163418285, -24861231270476933894881535506489651033157404911878219401966920774900464785589341903160161133137587440187416153708608783655312958404446817/515281129169471526806869366113904894746543138945820223032972577895055534887384420101051798651205372423327187280523573852964277069450887344, -70203302099604230939545659960068744648822528997401579742707951751243355708638118518777150044762766140120840883854942364725743814085376201491901269808324645/387247162925760986790043651444834755795357828483173882946054895640439343231471651633880505876328112352422075391048166142906215894932156859409917489851596911, 511129694300822393765660857379451811560407303894454554804138045135763054034548724970655523383843027874637504320634657202582578520476579495053304454881000555319030389256952/1067011188820189258401377069701351415741208307325520591646489943274319114162143021440104419297095350418933886996751750461710499360265356280224293431469196183838230828641695, -1997946292151899446071056378500719015120610354188886008252548034138944794573375273295390644692837119759058653602857114663769653065664180090539946959097197132924727250882555114970533185644087/4140277248418068519680621558791834619861400449636892228483359257701158691572183363548956005097456535838002512105607974286492212999790940871006760817455220366401064761919705092506642635770299, 5323924222022108612571027449592465409269121709538951025438358910482712475873469632541315558989862355669486209495667669889248147695133387885795194784099600901527759401156883544642379781841087575440330569918/10660460859325213872262372082882434735619312561814872130112402911651486297326083328289855843808983171517319811406119370690646362095769712260384419458817245484607948240149452285037416897611116244563794758663, 6606145344591610633466722749533684456173517088561656861045313005930184488167878570090713527223397446059066537547859716636834461948876632086106264169480071585349236059976747364795570623749199880807128166036876031067018473800/64828181809537776942279209520038289380958501100175231428572720231806540769677134077035343956117992395420211171589771385339925481369070754498973938463622778492483589736241987270666103654524919611409777692525573490619909995699, 52252541224788330896869360215905637463771235224455896732362173666180705234709334351945012226530147116583451039670139735776291361241841839861952424738297174085912013698603473288635155403051198633368518098292687151649269509132086975532478143/223008225484999814009592520371636513909675400414308537641959324570114300652294658348817363450949685796442704065882974286563315590447002835421853669624092638929129044915983442654504260815953536472887596972505435771018194106148089206647447495] }
(hist.len, cnt): (1475, 14566)
[(0, 1), (0, 1), (0, 1), (0, 1), (0, 1), (0, 1), (0, 1), (0, 1), (0, 1), (0, 1), (0, 1), (0, 1), (0, 1), (0, 1), (0, 1), (0, 1), (0, 1), (0, 1), (0, 1), (0, 1), (0, 1), (0, 1), (0, 1), (0, 1), (0, 1), (0, 1), (0, 1), (0, 1), (0, 1), (0, 1), (0, 1), (0, 1), (0, 1), (0, 1), (0, 1), (0, 1), (0, 1), (0, 1), (0, 1), (0, 1), (0, 1), (0, 1), (0, 1), (0, 1), (0, 1), (0, 1), (0, 1), (0, 1), (0, 1), (0, 1), (0, 1), (0, 1), (0, 1), (0, 1), (0, 1), (0, 1), (0, 1), (0, 1), (0, 1), (0, 1), (0, 1), (0, 1), (0, 1), (0, 1), (0, 1), (0, 1), (0, 1), (0, 1), (0, 1), (0, 1), (0, 1), (0, 1), (0, 1), (0, 1), (0, 1), (0, 1), (0, 1), (0, 1), (0, 1), (0, 1), (1, 2), (0, 2), (0, 2), (1, 2), (0, 2), (0, 2), (0, 2), (0, 1), (0, 2), (0, 2), (0, 2), (0, 2), (0, 2), (0, 2), (0, 2), (0, 2), (0, 2), (0, 1), (1, 2), (0, 2), (0, 2), (0, 2), (0, 2), (0, 2), (0, 1), (0, 2), (0, 1), (0, 2), (0, 2), (0, 2), (0, 2), (0, 2), (0, 1), (0, 2), (0, 1), (0, 2), (0, 1), (0, 2), (0, 1), (0, 2), (0, 2), (0, 2), (0, 1), (0, 2), (1, 2), (0, 2), (0, 2), (0, 2), (1, 2), (0, 2), (0, 2), (0, 2), (0, 2), (0, 2), (1, 2), (0, 2), (0, 2), (0, 2), (0, 1), (0, 2), (0, 2), (0, 2), (1, 2), (0, 3), (1, 3), (0, 3), (1, 2), (0, 3), (0, 2), (1, 2), (0, 3), (1, 2), (0, 3), (1, 3), (0, 3), (1, 2), (0, 3), (0, 2), (1, 2), (0, 3), (1, 2), (0, 3), (0, 3), (1, 2), (0, 3), (1, 2), (0, 3), (1, 3), (0, 2), (0, 3), (0, 1), (0, 2), (1, 3), (0, 3), (0, 3), (0, 2), (0, 3), (0, 3), (0, 3), (0, 1), (0, 2), (0, 3), (0, 3), (0, 3), (0, 3), (0, 2), (0, 2), (1, 2), (0, 3), (0, 3), (0, 3), (1, 2), (0, 3), (0, 3), (0, 3), (0, 3), (0, 3), (1, 2), (0, 3), (1, 3), (0, 3), (0, 3), (0, 2), (1, 2), (1, 3), (0, 4), (0, 3), (2, 3), (0, 4), (0, 4), (0, 3), (0, 2), (0, 4), (1, 3), (0, 4), (0, 4), (0, 4), (0, 2), (0, 4), (0, 4), (0, 4), (1, 2), (0, 4), (0, 3), (1, 3), (0, 4), (0, 3), (0, 2), (1, 2), (0, 4), (1, 2), (2, 3), (0, 4), (0, 3), (2, 3), (1, 4), (0, 4), (0, 3), (1, 2), (0, 3), (0, 4), (1, 3), (0, 4), (2, 3), (0, 4), (1, 3), (0, 4), (1, 2), (0, 4), (1, 3), (1, 3), (0, 4), (2, 3), (0, 4), (1, 2), (0, 4), (1, 3), (0, 4), (0, 4), (0, 4), (2, 3), (1, 4), (0, 4), (1, 3), (1, 5), (2, 4), (0, 5), (1, 4), (0, 5), (1, 2), (0, 5), (1, 3), (2, 3), (2, 4), (3, 4), (0, 5), (2, 5), (0, 5), (1, 5), (2, 3), (1, 5), (2, 3), (0, 4), (0, 5), (1, 2), (1, 4), (1, 5), (0, 4), (3, 4), (0, 5), (1, 2), (1, 3), (2, 3), (0, 5), (1, 2), (0, 3), (1, 2), (0, 3), (0, 4), (0, 5), (2, 3), (0, 5), (1, 3), (0, 5), (1, 2), (0, 5), (1, 5), (0, 5), (2, 3), (3, 4), (0, 5), (2, 5), (0, 4), (0, 5), (1, 2), (0, 4), (1, 2), (1, 3), (2, 3), (0, 5), (0, 5), (0, 5), (1, 2), (0, 5), (0, 4), (0, 3), (0, 5), (1, 2), (0, 3), (0, 4), (0, 4), (3, 4), (0, 5), (3, 4), (0, 5), (2, 3), (0, 4), (1, 6), (0, 1), (1, 2), (0, 5), (4, 5), (1, 6), (0, 1), (1, 2), (0, 3), (0, 4), (2, 3), (4, 5), (3, 5), (4, 5), (1, 6), (0, 1), (2, 3), (2, 4), (3, 4), (1, 6), (2, 3), (1, 4), (3, 4), (1, 6), (2, 4), (3, 4), (1, 6), (2, 3), (4, 5), (1, 6), (0, 1), (0, 5), (2, 3), (1, 4), (3, 4), (1, 5), (2, 5), (1, 6), (0, 1), (0, 4), (1, 6), (0, 1), (1, 2), (3, 4), (2, 5), (3, 4), (1, 6), (0, 1), (3, 4), (1, 6), (0, 1), (1, 2), (0, 4), (1, 3), (2, 3), (4, 5), (1, 6), (0, 1), (2, 4), (1, 6), (1, 5), (2, 3), (1, 6), (0, 1), (2, 4), (3, 4), (1, 6), (0, 1), (4, 5), (1, 6), (4, 5), (3, 5), (4, 5), (2, 6), (3, 5), (1, 6), (3, 4), (1, 6), (0, 1), (1, 3), (1, 6), (0, 1), (1, 3), (2, 3), (1, 6), (0, 1), (3, 4), (2, 5), (1, 6), (0, 1), (0, 3), (1, 2), (0, 4), (2, 4), (1, 6), (0, 1), (2, 3), (1, 5), (4, 5), (1, 6), (2, 3), (2, 4), (1, 6), (2, 3), (1, 6), (0, 1), (2, 3), (4, 6), (5, 6), (2, 7), (1, 2), (5, 6), (2, 7), (0, 2), (1, 2), (3, 5), (2, 7), (0, 2), (1, 2), (3, 6), (2, 3), (2, 7), (0, 2), (1, 2), (3, 4), (1, 6), (0, 1), (2, 3), (3, 5), (4, 5), (2, 7), (0, 2), (1, 2), (1, 3), (5, 6), (3, 7), (1, 3), (2, 3), (1, 4), (2, 3), (4, 5), (1, 6), (0, 1), (3, 4), (0, 5), (4, 5), (1, 6), (3, 5), (2, 7), (1, 2), (1, 6), (0, 1), (2, 3), (4, 5), (1, 6), (2, 5), (4, 5), (4, 6), (3, 4), (5, 6), (2, 7), (0, 2), (1, 4), (4, 5), (2, 7), (1, 2), (3, 5), (3, 6), (2, 7), (1, 2), (3, 4), (4, 6), (2, 7), (0, 2), (3, 4), (2, 5), (3, 4), (2, 5), (4, 5), (2, 7), (0, 2), (1, 3), (1, 4), (1, 3), (2, 7), (0, 2), (2, 4), (0, 5), (3, 5), (1, 6), (1, 3), (0, 5), (1, 6), (0, 1), (2, 4), (5, 6), (2, 7), (0, 2), (3, 5), (3, 7), (0, 3), (1, 2), (4, 5), (5, 6), (2, 7), (0, 2), (4, 5), (2, 7), (0, 2), (3, 4), (1, 5), (3, 6), (2, 3), (2, 7), (0, 2), (2, 5), (3, 5), (2, 7), (1, 2), (4, 6), (5, 6), (3, 7), (5, 6), (5, 7), (3, 8), (0, 3), (3, 7), (2, 3), (4, 6), (2, 7), (0, 2), (1, 2), (3, 7), (5, 7), (3, 8), (4, 6), (5, 7), (4, 8), (2, 4), (1, 6), (0, 1), (1, 2), (1, 5), (2, 3), (6, 7), (4, 6), (3, 4), (0, 5), (3, 4), (3, 5), (1, 6), (0, 1), (1, 2), (3, 5), (3, 8), (0, 3), (1, 2), (2, 3), (4, 5), (1, 6), (5, 6), (4, 5), (2, 7), (3, 4), (4, 5), (3, 6), (4, 6), (3, 8), (1, 3), (2, 7), (0, 2), (1, 5), (3, 8), (0, 3), (3, 4), (2, 7), (0, 2), (3, 4), (4, 6), (3, 8), (0, 3), (1, 2), (0, 5), (2, 3), (5, 6), (2, 7), (0, 2), (3, 5), (3, 8), (0, 3), (2, 3), (1, 5), (3, 4), (1, 6), (3, 5), (4, 5), (3, 6), (4, 5), (3, 7), (2, 3), (1, 3), (2, 3), (2, 5), (5, 7), (3, 5), (3, 5), (3, 8), (0, 3), (1, 4), (0, 5), (1, 6), (1, 3), (4, 6), (5, 6), (2, 7), (0, 2), (1, 3), (2, 7), (0, 2), (2, 4), (3, 4), (2, 5), (3, 7), (2, 3), (4, 5), (3, 8), (1, 3), (3, 4), (4, 5), (3, 7), (4, 5), (3, 8), (0, 3), (1, 2), (4, 5), (4, 6), (3, 7), (6, 7), (3, 8), (0, 3), (2, 3), (3, 4), (5, 6), (3, 8), (0, 3), (3, 5), (4, 5), (2, 6), (1, 2), (2, 3), (3, 4), (5, 7), (4, 5), (3, 8), (0, 3), (1, 3), (2, 3), (1, 5), (4, 6), (3, 7), (1, 3), (2, 3), (0, 4), (5, 7), (6, 7), (5, 8), (1, 5), (0, 3), (1, 2), (0, 5), (1, 4), (5, 6), (3, 8), (0, 3), (1, 3), (2, 3), (3, 5), (4, 5), (2, 7), (0, 2), (0, 4), (1, 2), (5, 6), (5, 7), (1, 5), (2, 3), (2, 4), (7, 8), (4, 9), (0, 4), (3, 6), (4, 5), (3, 7), (0, 3), (1, 3), (2, 3), (5, 8), (1, 5), (3, 4), (4, 9), (0, 4), (1, 2), (2, 3), (1, 4), (4, 9), (0, 4), (2, 3), (2, 4), (4, 5), (4, 6), (4, 8), (5, 9), (2, 5), (2, 4), (1, 5), (2, 4), (2, 5), (6, 8), (7, 8), (4, 9), (0, 4), (2, 4), (4, 6), (5, 6), (6, 8), (2, 6), (1, 4), (6, 7), (4, 9), (0, 4), (2, 5), (3, 4), (3, 5), (4, 5), (4, 7), (3, 4), (5, 6), (2, 5), (4, 5), (3, 8), (1, 3), (2, 4), (4, 5), (4, 6), (5, 7), (2, 5), (6, 7), (5, 6), (5, 9), (2, 5), (2, 6), (1, 2), (3, 7), (1, 3), (2, 3), (2, 6), (3, 5), (4, 5), (6, 7), (4, 9), (1, 4), (2, 3), (3, 4), (4, 9), (0, 4), (4, 5), (3, 8), (2, 3), (4, 9), (0, 4), (1, 3), (5, 6), (6, 9), (2, 6), (1, 2), (0, 2), (1, 2), (0, 4), (1, 2), (2, 3), (1, 6), (0, 3), (1, 2), (7, 8), (4, 9), (0, 4), (2, 3), (1, 4), (2, 3), (0, 5), (4, 9), (0, 4), (3, 4), (5, 6), (3, 7), (6, 9), (4, 6), (3, 5), (1, 3), (4, 5), (1, 6), (0, 1), (2, 7), (0, 2), (1, 3), (4, 5), (3, 8), (0, 3), (0, 2), (3, 4), (2, 6), (3, 4), (4, 7), (3, 4), (6, 8), (5, 6), (5, 9), (1, 5), (2, 4), (3, 4), (2, 5), (3, 4), (7, 9), (5, 7), (1, 5), (1, 4), (2, 3), (2, 4), (3, 4), (0, 5), (4, 5), (3, 8), (1, 3), (2, 4), (3, 4), (4, 5), (4, 9), (0, 4), (4, 9), (0, 4), (2, 6), (5, 6), (4, 7), (3, 4), (3, 8), (0, 3), (3, 4), (4, 5), (5, 6), (3, 5), (5, 6), (4, 9), (0, 4), (2, 5), (6, 7), (5, 6), (4, 5), (5, 9), (1, 5), (2, 3), (4, 5), (3, 8), (0, 3), (1, 2), (1, 3), (5, 6), (4, 5), (5, 7), (5, 10), (2, 5), (5, 6), (4, 8), (0, 4), (1, 2), (7, 10), (3, 7), (2, 3), (4, 7), (0, 4), (5, 8), (1, 5), (2, 4), (1, 5), (4, 5), (4, 6), (5, 6), (2, 7), (0, 2), (5, 10), (0, 5), (1, 2), (3, 5), (2, 7), (1, 2), (3, 5), (4, 5), (4, 6), (3, 8), (0, 3), (4, 5), (5, 10), (1, 5), (2, 3), (1, 6), (0, 1), (4, 6), (6, 9), (5, 6), (6, 10), (4, 6), (3, 4), (1, 6), (0, 1), (3, 8), (0, 3), (5, 6), (4, 5), (5, 6), (6, 7), (3, 8), (2, 3), (3, 4), (6, 7), (4, 6), (5, 10), (1, 5), (2, 3), (2, 4), (5, 8), (4, 9), (0, 4), (3, 4), (7, 10), (3, 7), (1, 5), (3, 5), (4, 5), (3, 6), (5, 7), (2, 5), (3, 5), (4, 5), (5, 10), (0, 5), (1, 2), (3, 6), (5, 10), (0, 5), (1, 4), (4, 5), (1, 6), (5, 6), (3, 7), (2, 6), (3, 8), (0, 3), (2, 4), (3, 5), (5, 10), (0, 5), (4, 7), (6, 8), (5, 10), (0, 5), (1, 5), (4, 5), (5, 10), (3, 5), (6, 7), (6, 9), (5, 6), (6, 10), (2, 6), (3, 6), (3, 7), (1, 3), (4, 5), (4, 9), (0, 4), (2, 5), (6, 8), (5, 10), (0, 5), (1, 2), (3, 4), (2, 5), (3, 6), (3, 8), (1, 3), (7, 8), (8, 11), (4, 8), (1, 4), (3, 4), (2, 5), (6, 10), (1, 6), (0, 1), (1, 4), (2, 7), (1, 2), (2, 3), (3, 4), (2, 5), (7, 9), (6, 11), (1, 6), (0, 1), (1, 2), (4, 6), (5, 10), (1, 5), (6, 10), (2, 6), (4, 5), (7, 11), (2, 7), (5, 7), (3, 5), (4, 5), (6, 10), (6, 11), (1, 6), (2, 3), (1, 5), (2, 3), (4, 5), (1, 6), (0, 1), (2, 3), (6, 7), (5, 8), (7, 10), (4, 7), (2, 4), (3, 4), (5, 6), (6, 11), (1, 6), (0, 1), (1, 4), (3, 4), (4, 5), (5, 9), (1, 5), (3, 4), (2, 5), (3, 4), (4, 5), (6, 11), (1, 6), (4, 5), (1, 6), (5, 6), (2, 7), (3, 5), (6, 8), (6, 11), (1, 6), (0, 1), (1, 4), (1, 5), (2, 5), (6, 9), (5, 6), (3, 5), (4, 5), (6, 11), (1, 6), (0, 1), (2, 4), (2, 6), (3, 4), (3, 6), (2, 3), (6, 7), (8, 9), (7, 8), (6, 7), (5, 6), (4, 5), (7, 11), (2, 7), (0, 2), (2, 7), (3, 8), (0, 3), (1, 3), (7, 8), (5, 10), (1, 5), (3, 7), (5, 7), (5, 10), (0, 5), (0, 3), (4, 5), (7, 10), (4, 7), (5, 6), (6, 11), (1, 6), (0, 1), (3, 4), (5, 7), (2, 5), (6, 7), (8, 10), (6, 8), (5, 6), (3, 5), (3, 5), (8, 9), (4, 8), (1, 4), (2, 4), (3, 4), (4, 5), (6, 11), (1, 6), (7, 9), (6, 11), (1, 6), (4, 5), (3, 5), (4, 5), (2, 6), (4, 8), (5, 8), (4, 9), (0, 4), (5, 6), (2, 7), (0, 2), (1, 3), (8, 9), (6, 8), (5, 6), (6, 11), (1, 6), (0, 1), (1, 3), (2, 4), (5, 8), (5, 9), (2, 5), (3, 4), (0, 5), (2, 3), (2, 4), (4, 5), (6, 7), (5, 10), (0, 5), (3, 4), (5, 10), (1, 5), (9, 12), (8, 13), (3, 8), (0, 3), (4, 5), (8, 9), (6, 8), (3, 6), (6, 11), (2, 6), (0, 2), (0, 2), (3, 5), (7, 12), (2, 7), (0, 2), (1, 2), (1, 3), (4, 7), (7, 8), (6, 7), (5, 6), (9, 11), (7, 9), (5, 7), (4, 5), (6, 7), (8, 9), (7, 10), (6, 7), (8, 11), (4, 8), (2, 4), (3, 5), (4, 5), (9, 12), (7, 9), (3, 7), (1, 3), (4, 6), (10, 12), (9, 10), (8, 9), (10, 11), (11, 14), (6, 11), (1, 6), (0, 1), (1, 3), (2, 3), (1, 5), (3, 4), (5, 7), (3, 8), (0, 3), (4, 5), (7, 8), (3, 7), (2, 3), (5, 9), (2, 5), (3, 4), (5, 10), (0, 5), (1, 4), (4, 5), (2, 7), (1, 2), (2, 5), (3, 4), (4, 5), (5, 8), (10, 11), (8, 13), (3, 8), (0, 3), (4, 5), (1, 6), (0, 1), (1, 2), (1, 4), (7, 8), (6, 11), (1, 6), (0, 1), (7, 12), (2, 7), (0, 2), (2, 3), (5, 8), (2, 5), (3, 5), (9, 12), (8, 13), (3, 8), (0, 3), (1, 2), (1, 4), (7, 12), (2, 7), (1, 2), (2, 6), (3, 5), (4, 5), (5, 6), (5, 7), (2, 5), (5, 10), (1, 5), (3, 4), (2, 6), (1, 2), (5, 6), (7, 9), (6, 7), (4, 6), (5, 6), (6, 11), (2, 6), (5, 10), (8, 9), (9, 10), (8, 12), (3, 8), (1, 3), (2, 5), (5, 6), (3, 5), (6, 7), (8, 10), (7, 8), (6, 7), (3, 6), (4, 5), (4, 6), (10, 11), (7, 12), (2, 7), (1, 2), (4, 9), (2, 4), (2, 5), (5, 10), (1, 5), (2, 3), (6, 7), (7, 8), (6, 11), (1, 6), (0, 1), (0, 3), (4, 5), (3, 6), (1, 3), (5, 6), (4, 5), (6, 7), (6, 8), (7, 12), (2, 7), (0, 2), (0, 2), (5, 7), (8, 12), (3, 8), (2, 3), (5, 6), (4, 7), (5, 10), (0, 5), (6, 11), (1, 6), (3, 8), (2, 3), (4, 5), (6, 10), (4, 6), (1, 4), (5, 7), (2, 5), (7, 12), (2, 7), (0, 2), (1, 3), (2, 5), (3, 5), (7, 9), (3, 7), (1, 3), (2, 3), (8, 13), (3, 8), (0, 3), (3, 4), (2, 7), (3, 5), (4, 5), (6, 11), (2, 6), (0, 2), (1, 2), (0, 3), (6, 7), (8, 13), (4, 8), (2, 4), (5, 6), (11, 12), (8, 13), (3, 8), (0, 3), (1, 4), (2, 4), (3, 4), (2, 5), (6, 7), (6, 8), (8, 9), (9, 11), (7, 9), (10, 12), (8, 10), (6, 8), (9, 12), (10, 14), (6, 10), (4, 6), (1, 4), (6, 7), (4, 6), (3, 4), (8, 9), (9, 10), (11, 12), (10, 13), (5, 10), (1, 5), (3, 6), (5, 9), (3, 5), (4, 5), (7, 10), (4, 7), (6, 11), (1, 6), (0, 1), (7, 9), (8, 12), (3, 8), (0, 3), (1, 2), (4, 9), (1, 4), (8, 13), (3, 8), (0, 3), (1, 2), (1, 4), (5, 9), (3, 5), (4, 6), (7, 10), (6, 7), (8, 11), (3, 8), (1, 3), (2, 5), (3, 6), (4, 5), (2, 7), (1, 2), (2, 3), (3, 4), (7, 10), (10, 11), (9, 13), (6, 9), (1, 6), (2, 3), (2, 4), (10, 11)]
