results/deeplll05/svpchallengedim40seed0dim10delta1.txt: 14.909 sec
b: [[-221799297172, 47226784210, 41608112529, 209741787649, -495431828711, 157354422673, 471830012032, 276699512465, 295465399521, 219864858862],
 [-520330804800, 367939732863, 453381747718, 187009754167, 373495238258, 156482517227, 157193367505, 483953938804, -137091479312, 208373155916],
 [-275105362245, 568025608908, 47424883103, 183756814849, -57510432418, -289447591730, 402944876317, -579205803930, 59151308226, -340708013006],
 [-294717333594, -155766589097, 7702572939, -2868469744, -277437543784, -100296840363, 486645965215, -206340589931, -812975145239, -508983515195],
 [362966118643, 458254282570, -665039816559, 266652505996, 325026578544, 276726826894, -287337569058, 17594748686, -326361000132, 519565461478],
 [-444476484768, -298941844874, -359213392295, 586319248691, 145772800316, -639604437321, 12260714838, -107605146871, 113161900385, -616516131642],
 [-80023858264, -45318668547, -22590357444, 787272891710, -8276262785, 640950822389, 243715363758, 173954241828, 42660790820, -526811201575],
 [-392823543215, -185592887966, -541763343559, -509380221087, 177972447181, 367827977753, -24950799208, -155278415862, 758931224429, -384627442535],
 [759096964564, 324443498586, -284767962987, 248713925429, 459371707193, -283551039205, 325992322863, 384847108148, -575667996424, -440874898513],
 [218102255346, -737021663749, 436919575659, -114096571249, 204613966218, -187107588908, 534368860344, -1016659674676, -216647630604, 829680272730]], shape=[10, 10], strides=[10, 1], layout=Cc (0x5), const ndim=2
v_norms: [802187800050911270740910, 24953952381895835169120018013119750022688723364/23593758825026802080615, 39938535695758995190219773870283762969243247280758478863895090704503056/35351432541019099822920025518586312532142358099, 5956176410323279018155533546173100884071842092455362373527702449504733127663804600102141959561/4992316961969874398777471733785470371155405910094809857986886338062882, 45034251177456379359077563573121874402173355669141779456520145141818996874335377745749216127945523711167669313012861627/35737058461939674108933201277038605304431052554732174241166214697028398765982827600612851757366, 55509768902800126944181279650971505944203811124045255729488782515039837797777455612036517771640735682505835008449687191152398860865873333228523/45034251177456379359077563573121874402173355669141779456520145141818996874335377745749216127945523711167669313012861627, 441950161637718073874798000585007400321724130452851853798629334907931485671292965252915375752092878511890134707145616559040430778270921849723946500073274153633125709289/444078151222401015553450237207772047553630488992362045835910260120318702382219644896292142173125885460046680067597497529219190886926986665828184, 2222077280873112043380839541581046897862147603765777517360386180942423954507810168056411697337187626392131728455395888219924162208235311515087370407804562454055237058461482003410630167843302585/1767800646550872295499192002340029601286896521811407415194517339631725942685171861011661503008371514047560538828582466236161723113083687398895786000293096614532502837156, 2338727341071691465546635762264227416237440569344148026754075201943449421614672452254626649388947873833003190382229792621110898663609027712008422540323693211417161496239951670825754701544267222707720541429439902771639/2222077280873112043380839541581046897862147603765777517360386180942423954507810168056411697337187626392131728455395888219924162208235311515087370407804562454055237058461482003410630167843302585, 4479162007073151170053182782743010606980316030715060474323054884337061641018044345714802639116581702744224211114079778384050910591371708226269714637437377066499267496599054455079188695195638785002287791358960525877967803096509204846118949649/2338727341071691465546635762264227416237440569344148026754075201943449421614672452254626649388947873833003190382229792621110898663609027712008422540323693211417161496239951670825754701544267222707720541429439902771639], shape=[10], strides=[1], layout=CFcf (0xf), const ndim=1
Mu { arr: [7171824604645692628042/23593758825026802080615, 41864274788424394514742/401093900025455635370455, 38761071412447807483967783851210171433679436/2079496031824652930760001501093312501890726947, -96975829735083015423/401093900025455635370455, -902039954804953096993109774673832411527393533/24953952381895835169120018013119750022688723364, 8468216373425711493137037153475119191179321713123996139968771908876081/19969267847879497595109886935141881484621623640379239431947545352251528, -260991180951852403844927/802187800050911270740910, 1043812829465425066127165183602393119234713687/12476976190947917584560009006559875011344361682, -1923025531067134865446225499592646514950282755032291638450148593457905/9984633923939748797554943467570940742310811820189619715973772676125764, -1744076177691584459440097533589922435329435236124690897486049924707795365845889454315456302344/5956176410323279018155533546173100884071842092455362373527702449504733127663804600102141959561, -6263131210827089933751/47187517650053604161230, -1643722817567528979210165515156505322891434643/12476976190947917584560009006559875011344361682, 4574883355565952137397826200226745072226537623952552782918120592514081/9984633923939748797554943467570940742310811820189619715973772676125764, 1109346454224812514856388979385162079490079125856669306971515920566295145292563336928780516746/5956176410323279018155533546173100884071842092455362373527702449504733127663804600102141959561, -9062550946079747388648862121695853805312341534856627688316079872150873413881373505959115042656702952820460253466369987/45034251177456379359077563573121874402173355669141779456520145141818996874335377745749216127945523711167669313012861627, 34465262674696877911823/80218780005091127074091, 951220666209331914993359301050355629375201330/6238488095473958792280004503279937505672180841, 561523204509373980570030338662157173737095566005194837754184136631533/6656422615959832531703295645047293828207207880126413143982515117417176, 2475044112189372554259578037953107420211229287039774093702658301627368267197009584457724144031/11912352820646558036311067092346201768143684184910724747055404899009466255327609200204283919122, 6604022980961576149860818096221395314198187555821801539918655078683373482416795344375621246550715026914350025733528913/45034251177456379359077563573121874402173355669141779456520145141818996874335377745749216127945523711167669313012861627, 39259898034223891093305623942762136981745580048541658617679461875601076948534604106975929441993324479824210602123377871800006681733711834173009/111019537805600253888362559301943011888407622248090511458977565030079675595554911224073035543281471365011670016899374382304797721731746666457046, 213115736878878997581/47187517650053604161230, -4071138437073079667102078566347829803226223587/12476976190947917584560009006559875011344361682, 1008408249519606352005381198918531419703878396450437262540837935878319/39938535695758995190219773870283762969243247280758478863895090704503056, -7392514891826415134414646828995380683692124903312709972587395728032806198442033527192818163233/23824705641293116072622134184692403536287368369821449494110809798018932510655218400408567838244, -25693052821428315378914538834816500041077311029468578627853758539823684229987557400809501459066147981408833047121283363/90068502354912758718155127146243748804346711338283558913040290283637993748670755491498432255891047422335338626025723254, 35069318992782164271303456774897684014731246999925764325146418913038607623036926389767982798208157159340399706367789482521878851601560834000663/222039075611200507776725118603886023776815244496181022917955130060159351191109822448146071086562942730023340033798748764609595443463493332914092, 174702968031298505882799417408676598727302002949773474542486852631920802509279474823738768614701143504460824882882131287453187561369997357225649972322350496961919681077/883900323275436147749596001170014800643448260905703707597258669815862971342585930505830751504185757023780269414291233118080861556541843699447893000146548307266251418578, -195242264379886544252/399894217373335628485, 2656581000348621091435712115956718639523369219/24953952381895835169120018013119750022688723364, 213291421610249519028611292574531564923601758941628973847661233372135/1901835033131380723343798755727798236630630822893260898280718604976336, 6903569437967366115491140656841413940590115446361970698673749236453308039632974009377131687105/23824705641293116072622134184692403536287368369821449494110809798018932510655218400408567838244, 43702841136298040290175389138889051983725807504463502127785773523441340324619733337550229309795275668684928322491897561/90068502354912758718155127146243748804346711338283558913040290283637993748670755491498432255891047422335338626025723254, 35082234372609278558776108024668743649329182199708300979039728110939403661082520814661698416543111546027572632006848865678983097877719052660413/222039075611200507776725118603886023776815244496181022917955130060159351191109822448146071086562942730023340033798748764609595443463493332914092, 60806044263786284935958250255903836845212040094815490234464738907117317276091413728670604600147414972123940949486520796675045712149097562902260761110872827743236975925/294633441091812049249865333723338266881149420301901235865752889938620990447528643501943583834728585674593423138097077706026953852180614566482631000048849435755417139526, -783005923955515794208025251412449963731694032893130762985852721034544626670674351622445795358417261620104414082269926686939474512253467964535197718567394839609478820788634104280619741477894231/2222077280873112043380839541581046897862147603765777517360386180942423954507810168056411697337187626392131728455395888219924162208235311515087370407804562454055237058461482003410630167843302585, -303535584298825444041/1865553023374212257537, -641999082154121679525415802177865440973911515/2079496031824652930760001501093312501890726947, 77343093302630823234567778586879558734756400131824945960485477119219/950917516565690361671899377863899118315315411446630449140359302488168, 1887862573266948588508661880477900710793666047425725973930182495944386613223791240472534955671/11912352820646558036311067092346201768143684184910724747055404899009466255327609200204283919122, -6310588862929007104784716876002625299249418825910994176940390853161446216837384493151371733043819836738140570150072345/45034251177456379359077563573121874402173355669141779456520145141818996874335377745749216127945523711167669313012861627, -49017934411154244526455615008952701395301374124576803796064132771538099216959022264319292097654738027543097009455371396933254833658234722619867/111019537805600253888362559301943011888407622248090511458977565030079675595554911224073035543281471365011670016899374382304797721731746666457046, -187016570907896368937008523700756235768337753849537270396179206467407975655043557642078060714217753951843957857502244369728081866260908834962242187407956937862872283719/441950161637718073874798000585007400321724130452851853798629334907931485671292965252915375752092878511890134707145616559040430778270921849723946500073274153633125709289, -759581554177465710668118854591556901399833420090655467302503880717758815043258332736120213695188608576635453320703704863537969677272381620200239701859131409861358766691191736361808915056453826/2222077280873112043380839541581046897862147603765777517360386180942423954507810168056411697337187626392131728455395888219924162208235311515087370407804562454055237058461482003410630167843302585, -1165073979442244024335480628527311537400067042514124145853699597133334056561030799987462662339855296408661379207218156438865780153145383446110371664838556838014789506759410433885480614582253126390496678755884681702271/2338727341071691465546635762264227416237440569344148026754075201943449421614672452254626649388947873833003190382229792621110898663609027712008422540323693211417161496239951670825754701544267222707720541429439902771639] }
(hist.len, cnt): (851, 6751)
[(0, 1), (0, 1), (0, 1), (0, 1), (0, 1), (0, 1), (0, 1), (0, 1), (0, 1), (0, 1), (0, 1), (0, 1), (0, 1), (0, 1), (0, 1), (0, 1), (0, 1), (0, 1), (0, 1), (0, 1), (0, 1), (0, 1), (0, 1), (0, 1), (0, 1), (0, 1), (0, 1), (0, 1), (0, 1), (0, 1), (0, 1), (0, 1), (0, 1), (0, 1), (0, 1), (0, 1), (0, 1), (0, 1), (0, 1), (0, 1), (0, 1), (0, 1), (0, 1), (0, 1), (0, 1), (0, 1), (0, 1), (0, 1), (0, 1), (0, 1), (0, 1), (0, 1), (0, 1), (0, 1), (0, 1), (0, 1), (0, 1), (0, 1), (0, 1), (0, 1), (0, 1), (0, 1), (0, 1), (0, 1), (0, 1), (0, 1), (0, 1), (0, 1), (0, 1), (0, 1), (0, 1), (0, 1), (0, 1), (0, 1), (0, 1), (0, 1), (0, 1), (0, 1), (0, 1), (0, 1), (0, 1), (0, 1), (0, 1), (0, 1), (0, 1), (0, 1), (0, 1), (0, 1), (0, 2), (0, 2), (0, 2), (0, 1), (0, 2), (1, 2), (0, 2), (1, 2), (0, 2), (0, 1), (0, 2), (0, 1), (0, 2), (1, 2), (0, 2), (0, 2), (0, 2), (0, 1), (0, 2), (1, 2), (0, 2), (0, 1), (0, 2), (0, 2), (0, 1), (0, 2), (0, 2), (0, 2), (0, 2), (0, 1), (0, 2), (0, 2), (0, 2), (0, 2), (0, 2), (0, 2), (0, 1), (0, 2), (1, 2), (0, 2), (0, 2), (0, 2), (1, 2), (0, 2), (0, 2), (0, 2), (1, 2), (0, 2), (0, 2), (0, 2), (0, 2), (0, 2), (0, 2), (0, 2), (1, 2), (0, 2), (0, 2), (0, 2), (0, 1), (0, 2), (1, 3), (0, 3), (1, 3), (0, 2), (1, 2), (0, 3), (0, 2), (0, 3), (1, 3), (0, 3), (1, 3), (0, 3), (0, 3), (1, 2), (0, 3), (0, 2), (1, 2), (0, 3), (0, 3), (1, 2), (0, 3), (1, 3), (1, 3), (0, 3), (1, 2), (0, 3), (2, 3), (1, 3), (0, 2), (1, 2), (0, 3), (0, 3), (0, 2), (0, 3), (0, 3), (0, 3), (0, 3), (1, 3), (0, 3), (1, 3), (1, 3), (0, 3), (1, 2), (0, 3), (1, 2), (0, 3), (0, 3), (1, 2), (1, 3), (0, 2), (0, 3), (0, 3), (1, 2), (0, 3), (1, 2), (0, 3), (0, 2), (0, 3), (0, 3), (1, 2), (0, 3), (0, 2), (1, 2), (0, 4), (1, 2), (0, 4), (0, 4), (0, 3), (1, 4), (0, 4), (0, 3), (0, 2), (0, 4), (1, 2), (0, 4), (2, 3), (1, 4), (0, 4), (1, 2), (2, 3), (0, 4), (2, 4), (0, 3), (0, 4), (1, 2), (0, 4), (1, 4), (0, 3), (1, 4), (0, 4), (1, 4), (1, 4), (0, 4), (1, 3), (1, 4), (1, 4), (2, 3), (0, 4), (2, 3), (0, 4), (1, 4), (0, 3), (1, 3), (0, 4), (1, 3), (0, 4), (0, 3), (0, 2), (1, 2), (0, 4), (2, 3), (0, 4), (1, 2), (0, 3), (1, 4), (0, 4), (1, 2), (1, 3), (0, 4), (1, 3), (0, 4), (0, 4), (1, 5), (1, 4), (1, 5), (2, 4), (0, 5), (0, 5), (1, 2), (2, 3), (0, 5), (2, 3), (2, 4), (0, 5), (2, 4), (3, 4), (0, 5), (0, 4), (1, 5), (0, 5), (1, 2), (0, 4), (0, 1), (2, 4), (0, 4), (2, 5), (0, 5), (1, 5), (3, 4), (0, 5), (0, 5), (2, 5), (0, 4), (2, 4), (1, 5), (0, 4), (2, 3), (0, 5), (0, 4), (0, 5), (3, 4), (1, 5), (1, 3), (0, 5), (1, 2), (2, 3), (1, 4), (2, 4), (0, 5), (0, 4), (2, 3), (4, 6), (1, 6), (0, 1), (1, 3), (0, 4), (2, 4), (3, 4), (2, 6), (2, 5), (1, 6), (0, 1), (3, 4), (1, 5), (3, 5), (1, 6), (0, 1), (1, 4), (0, 5), (0, 4), (3, 5), (2, 6), (1, 5), (1, 6), (0, 1), (2, 3), (0, 4), (0, 5), (2, 3), (4, 5), (1, 6), (0, 1), (1, 2), (3, 4), (1, 6), (0, 1), (0, 4), (0, 5), (2, 3), (0, 4), (1, 2), (3, 4), (1, 6), (4, 5), (1, 6), (0, 1), (1, 3), (3, 5), (4, 6), (1, 6), (0, 1), (2, 4), (1, 6), (0, 1), (1, 2), (0, 4), (2, 3), (4, 5), (1, 6), (0, 1), (1, 2), (2, 5), (0, 5), (1, 2), (1, 3), (2, 3), (4, 5), (1, 6), (0, 1), (1, 6), (0, 1), (0, 3), (0, 5), (0, 3), (1, 2), (0, 4), (2, 6), (1, 2), (1, 4), (2, 3), (0, 5), (3, 4), (1, 6), (0, 1), (1, 2), (1, 3), (0, 4), (2, 3), (3, 4), (1, 6), (0, 1), (3, 5), (1, 6), (0, 1), (1, 5), (4, 5), (1, 6), (0, 1), (2, 3), (4, 6), (2, 7), (0, 2), (3, 4), (1, 6), (0, 1), (1, 2), (4, 6), (3, 4), (3, 5), (2, 7), (0, 2), (2, 3), (1, 4), (1, 6), (0, 1), (2, 3), (2, 4), (0, 5), (1, 2), (4, 6), (2, 7), (0, 2), (0, 2), (3, 7), (3, 7), (1, 3), (2, 3), (3, 5), (5, 6), (1, 5), (2, 5), (2, 7), (0, 2), (1, 4), (4, 5), (1, 6), (2, 5), (3, 4), (5, 6), (3, 5), (4, 5), (2, 7), (0, 2), (1, 3), (2, 3), (4, 5), (4, 6), (5, 6), (2, 7), (0, 2), (1, 2), (4, 6), (3, 4), (2, 7), (0, 2), (1, 5), (2, 7), (0, 2), (2, 3), (3, 5), (4, 5), (1, 6), (0, 1), (2, 5), (4, 5), (2, 7), (0, 2), (0, 2), (3, 5), (1, 6), (0, 1), (1, 2), (3, 5), (2, 7), (0, 2), (1, 6), (0, 1), (1, 3), (4, 5), (4, 6), (4, 7), (3, 4), (3, 5), (4, 5), (4, 6), (3, 4), (2, 7), (1, 2), (2, 3), (2, 4), (2, 7), (1, 2), (3, 4), (4, 6), (2, 7), (0, 2), (2, 4), (2, 7), (0, 2), (1, 2), (2, 7), (1, 2), (2, 4), (3, 6), (2, 3), (2, 7), (0, 2), (1, 2), (1, 5), (2, 3), (2, 7), (1, 2), (2, 5), (2, 4), (5, 6), (1, 5), (2, 3), (2, 7), (0, 2), (1, 4), (2, 5), (2, 7), (1, 2), (3, 5), (3, 6), (1, 4), (2, 4), (2, 5), (2, 7), (0, 2), (3, 4), (2, 5), (4, 6), (4, 7), (3, 8), (0, 3), (2, 7), (0, 2), (3, 8), (3, 6), (3, 7), (0, 3), (3, 4), (2, 5), (3, 4), (3, 8), (0, 3), (1, 2), (1, 3), (2, 4), (3, 4), (6, 7), (3, 8), (1, 3), (4, 5), (1, 6), (0, 1), (4, 5), (3, 8), (0, 3), (2, 3), (5, 7), (4, 5), (3, 8), (1, 3), (1, 3), (4, 5), (4, 6), (3, 8), (1, 3), (2, 5), (2, 6), (5, 7), (3, 5), (6, 7), (3, 8), (1, 3), (4, 6), (3, 4), (4, 5), (6, 7), (3, 8), (0, 3), (1, 4), (1, 6), (2, 5), (4, 5), (6, 7), (3, 8), (0, 3), (3, 4), (0, 5), (4, 5), (1, 6), (0, 1), (1, 2), (3, 5), (3, 7), (0, 3), (1, 5), (3, 4), (2, 6), (1, 2), (1, 4), (2, 7), (0, 2), (1, 3), (3, 4), (3, 6), (1, 3), (4, 5), (4, 6), (5, 6), (3, 8), (0, 3), (2, 3), (2, 4), (4, 5), (6, 7), (3, 8), (0, 3), (2, 5), (1, 6), (3, 4), (3, 5), (4, 5), (3, 8), (0, 3), (2, 3), (1, 6), (2, 3), (5, 7), (3, 5), (3, 8), (0, 3), (1, 3), (3, 4), (3, 7), (5, 6), (6, 8), (4, 6), (5, 6), (2, 5), (3, 8), (1, 3), (4, 5), (3, 6), (2, 4), (3, 4), (3, 5), (4, 6), (2, 7), (3, 8), (0, 3), (0, 4), (3, 4), (3, 5), (4, 6), (3, 8), (0, 3), (2, 3), (0, 4), (4, 5), (2, 7), (0, 2), (2, 6), (3, 8), (0, 3), (0, 5), (1, 3), (4, 8), (3, 4), (7, 8), (4, 9), (0, 4), (1, 2), (1, 5), (5, 6), (4, 5), (3, 8), (0, 3), (1, 2), (5, 6), (3, 7), (6, 7), (3, 8), (1, 3), (3, 4), (6, 7), (5, 9), (3, 5), (4, 5), (5, 9), (1, 5), (2, 3), (3, 4), (4, 5), (6, 8), (4, 6), (3, 4), (4, 9), (0, 4), (1, 2), (4, 5), (2, 7), (1, 2), (3, 4), (2, 6), (3, 5), (4, 9), (2, 4), (3, 4), (5, 6), (3, 5), (3, 8), (4, 5), (4, 6), (4, 9), (1, 4), (1, 3), (1, 4), (2, 6), (1, 2), (6, 8), (5, 6), (4, 9), (0, 4), (2, 3), (4, 9), (0, 4), (3, 5), (4, 5), (1, 6), (3, 8), (1, 3), (5, 6), (4, 9), (2, 4), (4, 5), (3, 6), (4, 5), (6, 9), (4, 6), (2, 4), (3, 4), (2, 7), (1, 2), (5, 6), (4, 9), (0, 4), (1, 2), (1, 5), (4, 5), (3, 8), (1, 3), (2, 3), (4, 5), (6, 9), (2, 6), (3, 4), (6, 7), (5, 6), (5, 9), (1, 5), (2, 3), (0, 4), (4, 5), (5, 6), (4, 8), (1, 4), (3, 4), (1, 4), (2, 4), (2, 5), (5, 9), (1, 5), (3, 4), (0, 5), (5, 6), (4, 5), (2, 7), (0, 2), (2, 3), (2, 5), (3, 4), (3, 5), (4, 6), (2, 4), (3, 4), (2, 7), (0, 2), (3, 6), (4, 9), (2, 4), (1, 4), (5, 7), (4, 8), (0, 4), (4, 9), (0, 4), (1, 3), (2, 3), (2, 4), (4, 5), (1, 6), (6, 8), (5, 6), (4, 9), (1, 4), (4, 5), (4, 6), (5, 9), (1, 5), (2, 3), (3, 5), (4, 5), (5, 7), (3, 5), (4, 5), (3, 8), (0, 3), (3, 6), (3, 7), (4, 5), (4, 6), (6, 7), (3, 8), (2, 3), (3, 4), (4, 5), (5, 6), (4, 5), (6, 7)]
