results/deeplll05/svpchallengedim40seed2dim10delta0.98999995.txt: 18.112 sec
b: [[-223832858732, 107662009962, 409353120162, 36647003191, 201705467092, 296187648636, -149608054505, 361748375374, 6194083196, -420048348968],
 [458616184182, -97948890516, 604956423763, 223063133252, -197280642639, 65726354679, -98438074802, 129407508424, -125795021472, -118029302588],
 [-772972740256, 315170462931, 333025397012, 398580908677, -75771697007, 93540328575, 131420535966, -282313677301, 7409411512, 336462969358],
 [269873597083, -359019126511, 94175475234, -45282354927, 241402414592, -4059377002, 474931191611, 383282960454, 773191478652, 202156886351],
 [461545717885, 393254016799, 171510333687, -432267381453, 438466874839, -382981738036, -10200219641, -199938824051, -588925915337, 323900129666],
 [11724789784, 452464948718, 540819441322, -123650455674, 32920955015, -590110488364, -290396686391, 633964806952, 246740529014, 149164305751],
 [199614698235, 45238918758, -643622419251, 506648931148, 570407447864, -131664711355, -146733320870, 792015403288, -31244924189, 441852311936],
 [82835255486, -146423117912, 277817982380, -131721839884, -81290239331, -799132243520, 912499545613, -125051653533, -478367027838, -330115965778],
 [-678916555284, -394446108695, 2452463549, -264125612327, -35612526825, -26126420526, -2580441820, 274335393891, -135693954093, 1064890209302],
 [485953074136, 448860445678, -122396610029, -271305848057, -676330788335, 438917975646, 663645231477, 669117531041, -765876573110, -266279259515]], shape=[10, 10], strides=[10, 1], layout=Cc (0x5), const ndim=2
v_norms: [688740894721648855249294, 226082600012443192046987333274136092354538495133/344370447360824427624647, 503510626037660955545290927748476925141383777694842806500583252564508815/452165200024886384093974666548272184709076990266, 607721861812562858024613487300514620262486025653862976393487226834019177096759409332921711061459/503510626037660955545290927748476925141383777694842806500583252564508815, 683683164024597686050822596184282130899940076487108126803886677312855655443491178876751814406877819476341025563149621724/607721861812562858024613487300514620262486025653862976393487226834019177096759409332921711061459, 166034704331994190762125885305905165465025787922007758419787197495985527298049373875070431930296091299753343398804623138945823898556850671707430/170920791006149421512705649046070532724985019121777031700971669328213913860872794719187953601719454869085256390787405431, 336440035285756327283974966044173209120221321971646404280021754139915616844286088583789876318203816007123701871532596543601377399886813841748570322039187510632797517177/221379605775992254349501180407873553953367717229343677893049596661314036397399165166760575907061455066337791198406164185261098531409134228943240, 1468328030822249758969396246982310333949522843477034799298532783002092372460924592729045524214670125625199509607911711254809830493439287757396723111256293777543397483599751924253940193297902693/1009320105857268981851924898132519627360663965914939212840065262419746850532858265751369628954611448021371105614597789630804132199660441525245710966117562531898392551531, 1761686664683369866164084886982976205063886175392471137192848607369838773647721044561037445346942787722418519288685542473955722026257222885477738082296774972853034738554629834385854355281912127578377803062792099556918/1468328030822249758969396246982310333949522843477034799298532783002092372460924592729045524214670125625199509607911711254809830493439287757396723111256293777543397483599751924253940193297902693, 3468287585974050604774439085108554766681095904449490782532408558820799971446912200169098884155278262402657048060314007695099477058350627510176872515581723540506379642904992102434614917531819511246695382788173343454302248117102540610188816001/1761686664683369866164084886982976205063886175392471137192848607369838773647721044561037445346942787722418519288685542473955722026257222885477738082296774972853034738554629834385854355281912127578377803062792099556918], shape=[10], strides=[1], layout=CFcf (0xf), const ndim=1
Mu { arr: [116315156457043926264718/344370447360824427624647, 107229384247805959975725/688740894721648855249294, -68953406595554667054809216711274652766364876088/226082600012443192046987333274136092354538495133, -13602942682872853525015/344370447360824427624647, 16814830735100703105526380263009389958706437692/226082600012443192046987333274136092354538495133, -126619630779224818431055705807115631647262289182875445926303030623165214/503510626037660955545290927748476925141383777694842806500583252564508815, -121049984352521779029614/344370447360824427624647, 55640185376879016998441073299393009980097953224/226082600012443192046987333274136092354538495133, -15405467518871826512339284612818051332005943734302548951501028846286652/100702125207532191109058185549695385028276755538968561300116650512901763, -206071471815782902257101006523029025466467683784513668619756649716124218977899623486097158949580/607721861812562858024613487300514620262486025653862976393487226834019177096759409332921711061459, 306454031584871785883413/688740894721648855249294, 59865896656124398439540158839679887376518719623/226082600012443192046987333274136092354538495133, 2353929835953462920382560076559767359998823816314036540822995903560843/55945625115295661727254547527608547237931530854982534055620361396056535, 123135681671136681944198606362808652321560411162845226340004261255753303074527964402434460136668/607721861812562858024613487300514620262486025653862976393487226834019177096759409332921711061459, 153215726198051175763720579140033582833285615143944397232282848231112154860439989269772888453423709293478043547910374815/341841582012298843025411298092141065449970038243554063401943338656427827721745589438375907203438909738170512781574810862, -42992376209325559123770/344370447360824427624647, -73233612523110690776888710835176155318976547808/226082600012443192046987333274136092354538495133, -160019068836939493032828758608645908619370882270850047671724202413772538/503510626037660955545290927748476925141383777694842806500583252564508815, 158491694103415272087055997647603542528677453003257460802892490621311352154224012708588207720113/607721861812562858024613487300514620262486025653862976393487226834019177096759409332921711061459, 97493163033372100435846740030616864609774006395711949076253787121707592508684042407343844431618532415759732914557908893/683683164024597686050822596184282130899940076487108126803886677312855655443491178876751814406877819476341025563149621724, 32503677640644530899795136551413364165056282799948061822260166322805485571985340179107798527147253925070367708537981689452105248152414671656919/110689802887996127174750590203936776976683858614671838946524798330657018198699582583380287953530727533168895599203082092630549265704567114471620, -224549690867283228727603/688740894721648855249294, 76969038971366398215637285578003942454883812423/226082600012443192046987333274136092354538495133, 2254404443446438094041409602096975606984502777047491666854685335267621/503510626037660955545290927748476925141383777694842806500583252564508815, 7690033481853509608473994612882809829183244230207483816139820149983500612643560813597936419389/607721861812562858024613487300514620262486025653862976393487226834019177096759409332921711061459, 254116031295073456670396861617027863084812545053012163384860305295070147646153946502954128707191460733194097305936461399/683683164024597686050822596184282130899940076487108126803886677312855655443491178876751814406877819476341025563149621724, -31235099935116803647788037235715839646389903876636519647218479022760675215477385919966261528928055944100114251679638557256519951137460535517941/332069408663988381524251770611810330930051575844015516839574394991971054596098747750140863860592182599506686797609246277891647797113701343414860, -117656288604627621649972962360592559870631394944110405911609328953224642501783589527759963795415474435929754172412838428690530763479961090139250015786887134279956386361/336440035285756327283974966044173209120221321971646404280021754139915616844286088583789876318203816007123701871532596543601377399886813841748570322039187510632797517177, -262619516408663678267887/688740894721648855249294, -106414558290514048011003159640384339004849267674/226082600012443192046987333274136092354538495133, 15747582262455033204036338017898611089799857028257677747689013536332643/33567375069177397036352728516565128342758918512989520433372216837633921, 161300944474481560660304228702839461832835501173233012418889412411604400455808648770352241433950/607721861812562858024613487300514620262486025653862976393487226834019177096759409332921711061459, 55547448250229136798257303294081636565703356012258025039523215230818456626316150351556584736647227648517350316037021783/341841582012298843025411298092141065449970038243554063401943338656427827721745589438375907203438909738170512781574810862, 16381148969781748303247498102183526102934971052502631709995668030857966032145235222931064309052481036135232491169450171801520833760560111288318/83017352165997095381062942652952582732512893961003879209893598747992763649024686937535215965148045649876671699402311569472911949278425335853715, 56235567013293411432632232592323683259124594112806078507793618291448025694695202739207667751825329450238646556454724353458233378905719624952290146644400862542025626612/336440035285756327283974966044173209120221321971646404280021754139915616844286088583789876318203816007123701871532596543601377399886813841748570322039187510632797517177, -212378402097490455840176380940150847281223186317820146113260874394841919923082487541166882189828602176228064177891353227333035509545942803726639897912798146085344053538350950643053157422706898/1468328030822249758969396246982310333949522843477034799298532783002092372460924592729045524214670125625199509607911711254809830493439287757396723111256293777543397483599751924253940193297902693, 61480602503474895941272/344370447360824427624647, 108171773298683915352049642514280423461132369662/226082600012443192046987333274136092354538495133, -185862344392935914280707391314360969301666152366079764614258293923621378/503510626037660955545290927748476925141383777694842806500583252564508815, -196631014161672447893036651001402913258376063126505903998041381896869550921604250480439506431717/607721861812562858024613487300514620262486025653862976393487226834019177096759409332921711061459, 16592074492307013576871568529834448638522935220686373134837582802111213658319376209210054459559230364188355424833805497/683683164024597686050822596184282130899940076487108126803886677312855655443491178876751814406877819476341025563149621724, -53344499670512839255138541760231017401690985251628520790186340611762693118844402867593007963502578712495152701668560133451962659155302858186681/332069408663988381524251770611810330930051575844015516839574394991971054596098747750140863860592182599506686797609246277891647797113701343414860, 18627814975847787030989842051561598045795306027391234601275100697350178506819512556108977301026084764348935785450975025319182927864950991251941159034187370182317059959/336440035285756327283974966044173209120221321971646404280021754139915616844286088583789876318203816007123701871532596543601377399886813841748570322039187510632797517177, 606798627410736470682158995305057099228838051441694864637817956481292483786089243083396698663603423355839494113221733679500285175553935971801764339193874081130794737340177776683883603729415766/1468328030822249758969396246982310333949522843477034799298532783002092372460924592729045524214670125625199509607911711254809830493439287757396723111256293777543397483599751924253940193297902693, 249165421004736311068050485059734534206441817922408465853089035164613115187096090207095315457611574423890131894624922035659600149853277501597482513148979709493146366950899143533479057302824205459454139332429138441275/1761686664683369866164084886982976205063886175392471137192848607369838773647721044561037445346942787722418519288685542473955722026257222885477738082296774972853034738554629834385854355281912127578377803062792099556918] }
(hist.len, cnt): (854, 6707)
[(0, 1), (0, 1), (0, 1), (0, 1), (0, 1), (0, 1), (0, 1), (0, 1), (0, 1), (0, 1), (0, 1), (0, 1), (0, 1), (0, 1), (0, 1), (0, 1), (0, 1), (0, 1), (0, 1), (0, 1), (0, 1), (0, 1), (0, 1), (0, 1), (0, 1), (0, 1), (0, 1), (0, 1), (0, 1), (0, 1), (0, 1), (0, 1), (0, 1), (0, 1), (0, 1), (0, 1), (0, 1), (0, 1), (0, 1), (0, 1), (0, 1), (0, 1), (0, 1), (0, 1), (0, 1), (0, 1), (0, 1), (0, 1), (0, 1), (0, 1), (0, 1), (0, 1), (0, 1), (0, 1), (0, 1), (0, 1), (0, 1), (0, 1), (0, 1), (0, 1), (0, 1), (0, 1), (0, 1), (0, 1), (0, 1), (0, 1), (0, 1), (0, 1), (0, 1), (0, 1), (0, 1), (0, 1), (0, 1), (0, 1), (0, 1), (0, 1), (0, 2), (0, 2), (0, 2), (0, 1), (0, 2), (0, 2), (1, 2), (0, 2), (0, 2), (0, 2), (0, 2), (0, 2), (0, 2), (0, 2), (1, 2), (1, 2), (0, 2), (0, 2), (0, 2), (0, 2), (0, 2), (0, 1), (0, 2), (0, 2), (0, 2), (0, 2), (0, 2), (0, 2), (0, 2), (0, 1), (0, 1), (0, 2), (0, 2), (0, 2), (0, 2), (0, 1), (0, 2), (0, 2), (0, 2), (0, 2), (0, 2), (0, 2), (0, 2), (0, 2), (1, 2), (0, 2), (0, 2), (0, 2), (0, 2), (0, 2), (0, 1), (0, 2), (0, 2), (1, 2), (0, 3), (0, 2), (1, 2), (0, 3), (0, 2), (0, 3), (0, 3), (0, 3), (1, 3), (0, 3), (1, 3), (0, 3), (0, 3), (1, 3), (0, 3), (0, 2), (0, 3), (0, 3), (0, 3), (1, 3), (0, 3), (1, 2), (0, 3), (1, 2), (1, 3), (0, 2), (0, 3), (0, 3), (1, 2), (0, 3), (0, 2), (1, 2), (0, 3), (0, 1), (1, 3), (0, 3), (1, 2), (0, 2), (0, 3), (0, 3), (0, 3), (0, 3), (0, 3), (1, 3), (0, 3), (0, 3), (1, 2), (0, 3), (1, 3), (0, 3), (0, 3), (0, 3), (0, 1), (1, 3), (0, 3), (1, 2), (0, 3), (0, 3), (1, 2), (0, 3), (1, 2), (1, 3), (0, 3), (1, 2), (1, 4), (0, 4), (0, 2), (0, 4), (0, 3), (1, 4), (0, 4), (1, 4), (2, 3), (1, 4), (1, 4), (0, 4), (0, 3), (1, 4), (0, 4), (0, 2), (1, 2), (2, 3), (0, 4), (1, 4), (1, 4), (1, 4), (1, 4), (2, 3), (1, 4), (0, 3), (1, 3), (0, 4), (1, 2), (1, 3), (1, 4), (0, 3), (0, 4), (1, 3), (0, 4), (0, 3), (1, 2), (0, 4), (1, 2), (0, 4), (0, 4), (0, 2), (0, 4), (1, 4), (1, 3), (0, 4), (1, 3), (1, 3), (0, 4), (1, 4), (1, 3), (0, 4), (0, 4), (1, 2), (1, 4), (0, 4), (0, 4), (0, 2), (0, 4), (1, 2), (0, 4), (2, 3), (0, 4), (1, 2), (1, 3), (0, 4), (1, 2), (0, 4), (1, 2), (2, 3), (1, 3), (2, 3), (0, 4), (0, 2), (1, 4), (0, 5), (1, 3), (0, 5), (1, 2), (1, 5), (2, 3), (0, 5), (0, 2), (0, 5), (1, 4), (0, 5), (1, 2), (2, 3), (0, 4), (0, 5), (1, 2), (0, 3), (3, 4), (0, 5), (1, 3), (0, 4), (1, 3), (0, 4), (1, 2), (3, 4), (0, 5), (2, 3), (1, 3), (2, 3), (2, 4), (0, 5), (2, 3), (3, 4), (0, 5), (2, 3), (0, 4), (2, 4), (1, 5), (0, 5), (1, 3), (1, 3), (0, 4), (2, 4), (3, 4), (1, 5), (2, 5), (0, 5), (0, 5), (1, 3), (2, 5), (0, 5), (1, 2), (0, 4), (0, 2), (0, 5), (1, 3), (1, 3), (1, 4), (0, 5), (2, 4), (0, 5), (1, 3), (2, 3), (3, 4), (0, 5), (1, 2), (1, 3), (1, 4), (2, 4), (0, 5), (0, 4), (1, 2), (0, 5), (1, 5), (1, 5), (0, 5), (1, 2), (0, 4), (1, 2), (2, 5), (1, 6), (0, 1), (2, 3), (3, 4), (2, 6), (3, 5), (1, 6), (0, 1), (2, 4), (1, 5), (3, 5), (4, 5), (2, 6), (1, 5), (1, 3), (1, 6), (0, 1), (2, 3), (1, 6), (0, 1), (3, 5), (1, 6), (2, 3), (1, 5), (3, 4), (2, 6), (3, 4), (1, 6), (0, 1), (3, 4), (1, 6), (0, 1), (2, 3), (2, 4), (1, 6), (0, 1), (0, 2), (1, 5), (1, 6), (0, 1), (1, 2), (1, 4), (3, 5), (1, 6), (0, 1), (2, 3), (1, 4), (2, 5), (1, 6), (0, 1), (2, 3), (1, 6), (0, 1), (1, 3), (2, 3), (1, 6), (0, 1), (2, 3), (3, 6), (2, 3), (2, 5), (1, 6), (0, 1), (1, 2), (2, 3), (0, 4), (1, 2), (1, 5), (2, 3), (0, 5), (1, 6), (0, 4), (2, 3), (1, 6), (0, 1), (1, 6), (0, 1), (2, 3), (2, 4), (0, 5), (1, 6), (0, 1), (2, 3), (2, 6), (2, 5), (1, 6), (0, 1), (0, 5), (3, 6), (1, 3), (2, 5), (5, 6), (1, 5), (4, 6), (2, 7), (0, 2), (1, 2), (3, 5), (1, 6), (4, 6), (2, 7), (0, 2), (4, 5), (1, 6), (0, 1), (1, 4), (3, 4), (5, 6), (2, 7), (0, 2), (3, 5), (1, 6), (0, 1), (4, 5), (1, 6), (0, 1), (1, 6), (3, 4), (1, 5), (1, 6), (5, 6), (2, 7), (0, 2), (1, 2), (2, 3), (3, 5), (3, 5), (1, 6), (0, 1), (1, 2), (1, 3), (3, 5), (1, 6), (4, 5), (3, 6), (2, 7), (1, 2), (1, 3), (3, 4), (1, 6), (0, 1), (1, 3), (0, 5), (2, 4), (2, 4), (4, 5), (1, 6), (0, 1), (3, 4), (5, 6), (4, 7), (2, 4), (4, 5), (2, 6), (2, 7), (2, 4), (3, 4), (2, 5), (2, 7), (1, 2), (0, 3), (1, 3), (2, 3), (1, 6), (0, 1), (1, 2), (3, 4), (2, 6), (3, 4), (2, 7), (0, 2), (2, 3), (1, 6), (2, 7), (0, 2), (4, 5), (2, 7), (0, 2), (3, 4), (2, 7), (1, 2), (2, 4), (3, 6), (2, 3), (3, 5), (4, 5), (2, 7), (0, 2), (2, 3), (4, 5), (1, 6), (4, 5), (2, 7), (0, 2), (3, 4), (2, 7), (0, 2), (1, 2), (3, 5), (4, 7), (0, 4), (1, 3), (0, 5), (2, 3), (5, 6), (2, 7), (0, 2), (0, 3), (5, 6), (2, 7), (1, 2), (4, 5), (3, 8), (1, 3), (1, 3), (1, 5), (2, 4), (3, 4), (5, 7), (2, 5), (6, 7), (3, 8), (0, 3), (1, 4), (3, 8), (0, 3), (1, 2), (1, 3), (4, 5), (3, 8), (0, 3), (2, 4), (3, 5), (1, 6), (0, 1), (1, 3), (4, 5), (5, 6), (3, 8), (0, 3), (1, 5), (3, 4), (1, 5), (4, 5), (2, 7), (1, 2), (3, 4), (3, 6), (2, 5), (3, 4), (6, 7), (3, 8), (1, 3), (1, 3), (2, 4), (6, 7), (3, 8), (1, 3), (3, 4), (4, 6), (2, 7), (0, 2), (1, 2), (1, 3), (0, 4), (2, 3), (5, 7), (3, 8), (0, 3), (3, 4), (3, 8), (1, 3), (2, 3), (4, 6), (3, 4), (3, 6), (2, 3), (4, 5), (2, 7), (0, 2), (3, 4), (2, 5), (4, 7), (1, 4), (3, 4), (3, 8), (0, 3), (1, 4), (1, 6), (0, 1), (5, 6), (4, 5), (2, 7), (0, 2), (2, 3), (5, 6), (3, 5), (3, 8), (2, 3), (3, 4), (5, 7), (1, 5), (3, 8), (1, 3), (2, 5), (3, 6), (3, 8), (0, 3), (2, 3), (0, 5), (1, 2), (2, 3), (5, 6), (3, 8), (1, 3), (2, 3), (5, 6), (2, 5), (3, 5), (4, 5), (3, 8), (0, 3), (1, 2), (4, 5), (1, 6), (4, 5), (5, 6), (5, 7), (3, 8), (0, 3), (1, 6), (0, 1), (2, 7), (3, 4), (3, 8), (1, 3), (0, 3), (4, 7), (1, 4), (3, 8), (0, 3), (1, 2), (4, 5), (3, 5), (4, 5), (3, 6), (3, 8), (0, 3), (1, 4), (2, 3), (1, 5), (4, 6), (2, 7), (0, 2), (2, 4), (2, 4), (4, 5), (5, 6), (3, 8), (0, 3), (1, 5), (4, 5), (3, 6), (1, 5), (7, 8), (6, 8), (3, 6), (1, 3), (4, 9), (0, 4), (4, 5), (3, 7), (2, 3), (4, 8), (1, 4), (0, 5), (1, 4), (2, 3), (2, 4), (3, 4), (4, 9), (0, 4), (2, 3), (2, 5), (4, 5), (3, 8), (0, 3), (3, 4), (2, 7), (5, 7), (3, 8), (0, 3), (2, 4), (5, 7), (4, 5), (4, 9), (2, 4), (1, 5), (6, 7), (4, 9), (0, 4), (2, 4), (3, 4), (5, 6), (3, 5), (6, 7), (8, 9), (4, 8), (1, 4), (0, 4), (1, 2), (0, 3), (1, 2), (1, 3), (5, 6), (4, 5), (5, 8), (3, 5), (3, 5), (2, 7), (0, 2), (4, 8), (1, 4), (2, 3), (1, 4), (4, 9), (0, 4), (2, 5), (4, 6), (3, 4), (3, 8), (0, 3), (2, 4), (0, 5), (4, 5), (6, 8), (3, 6), (1, 3), (4, 6), (4, 9), (0, 4), (2, 5), (2, 7), (1, 2), (3, 5), (4, 6), (3, 7), (5, 9), (2, 5), (0, 5), (1, 4), (3, 8), (0, 3), (4, 5), (4, 9), (2, 4), (3, 4), (3, 6), (4, 5), (3, 8), (0, 3), (1, 2), (1, 6), (0, 1), (5, 6), (5, 8), (4, 5), (4, 9), (0, 4), (2, 3), (1, 4), (4, 9), (1, 4), (2, 4), (6, 7), (3, 8), (2, 3), (2, 6), (4, 5), (4, 9), (1, 4), (3, 4), (2, 7), (0, 2), (5, 6), (4, 9), (0, 4), (1, 2), (2, 3), (4, 6), (2, 4), (5, 6), (3, 8), (1, 3), (2, 4), (4, 5), (4, 9), (0, 4), (3, 7), (3, 8), (0, 3), (2, 4), (2, 5), (3, 5), (4, 5)]
