results/deeplll05/svpchallengedim40seed0dim15delta1.txt: 84.108 sec
b: [[153304862, 144423082, -258829018, -25311059, -105152614, 77022585, 53121095, 59123274, 165216965, 283032487, 18002241, -16244505, -126404076, -52654, 80],
 [-15996283, 217919365, -139708296, 178715710, -30210268, 111633250, 171513116, 361536909, 74878731, -5089256, -3791671, 212199036, 136862650, -52565, 226],
 [-35334334, 33025911, -347242948, -152422979, 275826977, -125104166, 106912429, -174291842, -77411607, -133034472, 23217762, -127305040, -126303781, 29875, -41],
 [-54981786, -16597234, -56247466, 184110653, 14976609, -195672783, 105589676, -124601661, -24960179, 50327029, 283511691, -376047694, -209136693, -27697, -136],
 [102523186, 154635674, 246624199, 160204532, 292867063, -7459244, 296750083, -43293935, 48282320, -240196825, 32386513, -198253589, 82487676, 6147, 6],
 [149561710, 43556307, -113947468, -142741199, 48481981, 24176046, 252142624, -443380698, -298189969, 71604126, -179754181, -72503102, 78516064, 46902, -6],
 [316353305, -156085583, -156974025, 104689851, 190819955, 230649680, 138861445, -46622815, -271654170, -90470310, 120885376, -52653438, -114142989, -27728, 42],
 [88039703, 224214893, -21278012, 327733984, -73732499, 164169413, 202367953, -205574343, 54124386, 31228777, 41635762, 163405081, -297199856, -41196, 83],
 [-138565877, -86119032, 11832606, -311700740, -74078087, 130415790, 333083436, 55646764, -81738552, -279560052, -24542599, -27782607, 157681442, 50291, 107],
 [-334307614, 130517878, -48722328, -70409043, 201643836, 115335590, -320776654, -280286084, 33162149, 55523530, -42954446, -56907912, 64263409, 34808, -269],
 [11953932, -91599258, -23197774, -135604326, -28405542, 186875255, 156716866, -104172249, 430959329, 307070052, 33384661, 57435753, 418989342, 25448, 180],
 [-121635138, 64216389, 216233386, -56469029, 390668520, -14788223, 71691480, 10914554, 36353361, -91529763, 173748529, 273090874, -71999703, 20118, 111],
 [-211623142, 213540670, -11458168, 190303020, -313530402, -37562782, -44523219, -2126701, -164025697, -249250059, 239828791, 34156471, 51807140, -21233, -295],
 [-228781961, 189233692, 175033161, -130872272, 7059964, 24360186, -225096902, 219880868, -107013291, 62160835, -136805677, -24187362, 218941677, -52002, -621],
 [14534350, 75348749, 73349168, -28415451, 136780985, -2359685, 146739777, 363906839, 26652105, -78228869, 214719689, -155413300, -182990510, -47014, -374]], shape=[15, 15], strides=[15, 1], layout=Cc (0x5), const ndim=2
v_norms: [259270472734154287, 80043611477739645445776867317178658/259270472734154287, 24519340699372563747278721776510090384975463517001587/80043611477739645445776867317178658, 7071254684093857423001255482515774307362740732545869932593039338106158/24519340699372563747278721776510090384975463517001587, 1875820162508568637111071781898858975219711507658403747257560447415008836751175377091791/7071254684093857423001255482515774307362740732545869932593039338106158, 508834811302546272083451917395602796870330796169779469420267385146288584324718480184220313771505458479666/1875820162508568637111071781898858975219711507658403747257560447415008836751175377091791, 148740301537789497741539184835641228040314683792389640530851812609189577078169426581070908099749540303560532145703858430139/508834811302546272083451917395602796870330796169779469420267385146288584324718480184220313771505458479666, 38119532127410950120401875261245527117924146128610206410290141124108716535846955299931223938850679374966072993665255591949917003462156378747/148740301537789497741539184835641228040314683792389640530851812609189577078169426581070908099749540303560532145703858430139, 8604412549977936712283633635271042055969934074537329867497725711662702191385742081479015620339129351218149166645357460055959813464976310424484790151537768655/38119532127410950120401875261245527117924146128610206410290141124108716535846955299931223938850679374966072993665255591949917003462156378747, 1821792718243201039726392090749445533806810385637544616132737221228639717651791903191236781915108061414515883510067542363614675089702838081533401824771084285856240759409307667/8604412549977936712283633635271042055969934074537329867497725711662702191385742081479015620339129351218149166645357460055959813464976310424484790151537768655, 475860126353192031299095714465882540653296650720869827120723290957588070144495766625014039221226484469008899594270819911295935143507965123202515461095013784171891376641968580549141407377772202/1821792718243201039726392090749445533806810385637544616132737221228639717651791903191236781915108061414515883510067542363614675089702838081533401824771084285856240759409307667, 429651534075308624610357965250344619718440324298718272081175017931633732448012266373835734753154232365815883748190217355239426780016675337731760059619142420222694626617021471915524405064499287283694396451811/2734828312374666846546527094631508854329291096096953029429444200905678564048826244971345052995554508442579882725694367306298477836252673121853537132729964276849950440471083796259433375734323, 3752829541461939290994338505344471110091720938784084614724989338162056453270011643364255866756727541059767519898478004005654057080006740788032198882672068869579692026187841198027042267498589358694592079825260320366544896239347/37379683464551850341101142976779981915504308213988489671062226560052134722977067174523708923524418215825981886092548909905830129861450754382663125186865390559374432515680868056650623240611437993681412491307557, 18855018595234471978363339465760800261408925967602225288608431658191780812903556658881985015857738104613689811919192465772497541377355991975516721835200635237304062990444003423094682065694672803580602462294253510643357858921949342231313/7505659082923878581988677010688942220183441877568169229449978676324112906540023286728511733513455082119535039796956008011308114160013481576064397765344137739159384052375682396054084534997178717389184159650520640733089792478694, 4479162007073151170053182782743010606980316030715060474323054884337061641018044345714802639116581702744224211114079778384050910591371708226269714637437377066499267496599054455079188695195638785002287791358960525877967803096509204846118949649/18855018595234471978363339465760800261408925967602225288608431658191780812903556658881985015857738104613689811919192465772497541377355991975516721835200635237304062990444003423094682065694672803580602462294253510643357858921949342231313], shape=[15], strides=[1], layout=CFcf (0xf), const ndim=1
Mu { arr: [93034026915939352/259270472734154287, 17830646005812727/259270472734154287, -24331501521083421290172854160951735/80043611477739645445776867317178658, 157111576770101/1432433551017427, -17245887099069365205080911937312306/40021805738869822722888433658589329, 7059181714379094055873306382450727132243603154593884/24519340699372563747278721776510090384975463517001587, -114634103346761028/259270472734154287, 17336634231454154110644377809041813/80043611477739645445776867317178658, 6756610886532730423476765116372957837761517495885347/24519340699372563747278721776510090384975463517001587, 2948908528922554134530516795642738764311341078297485657492275435929875/7071254684093857423001255482515774307362740732545869932593039338106158, 278225368041783/13645814354429173, -38075647558757248506126701403148719/80043611477739645445776867317178658, 10866210852162796179622769106936867990611119467393647/24519340699372563747278721776510090384975463517001587, -2034364931393628795923874228032094689464048255560843698953957796658433/7071254684093857423001255482515774307362740732545869932593039338106158, 664033811027020923503403973492438516734762673957743524452622936138559425193062935301371/1875820162508568637111071781898858975219711507658403747257560447415008836751175377091791, 13227519507181162/259270472734154287, -6059283749644466878922760697896453/80043611477739645445776867317178658, 9440783746969337808115593102502611758568714595968325/24519340699372563747278721776510090384975463517001587, 321101447885758920606544663176378035259260615992075761168837037264057/3535627342046928711500627741257887153681370366272934966296519669053079, 458108403942345306812059639972734861269133362440037261711090430772586528845004652276232/1875820162508568637111071781898858975219711507658403747257560447415008836751175377091791, 154883936372994597644044756961481705192745131108597616849289689237149063369797274549070729948410835196745/508834811302546272083451917395602796870330796169779469420267385146288584324718480184220313771505458479666, 638275650230262/1432433551017427, 196436093768304724805486755849195/1312190352094092548291424054379978, -497901078749844770706903330301392061812518667508209/24519340699372563747278721776510090384975463517001587, 361645746838053260083039785263098071623351003500179725406044182972063/1178542447348976237166875913752629051227123455424311655432173223017693, 583497528725631488480270404953258991540488780072371316249315309591974436814965110565624/1875820162508568637111071781898858975219711507658403747257560447415008836751175377091791, 156086318668843830269524264532067831943407732113100980783704577186592644266398417794452885388281760475083/508834811302546272083451917395602796870330796169779469420267385146288584324718480184220313771505458479666, 26099909993132711081170683761176012293414065196686969702781569522271066446826862984996555482449929451625019742022447172457/148740301537789497741539184835641228040314683792389640530851812609189577078169426581070908099749540303560532145703858430139, -14655223162895528/37038638962022041, 17637008654585532540441169574225981/80043611477739645445776867317178658, 7117520582430374595756158915061960917567093870042311/24519340699372563747278721776510090384975463517001587, -1813183117860048404768174351605779884255263325511128844302943225849349/7071254684093857423001255482515774307362740732545869932593039338106158, 186622499602836972291414688127863492056119708520026072264586275484718634641443851219527/1875820162508568637111071781898858975219711507658403747257560447415008836751175377091791, 61087115759041028112183939282358004711365527204151573788668615754638070274386508694385782744301858089001/254417405651273136041725958697801398435165398084889734710133692573144292162359240092110156885752729239833, -3510071725883001773378692239493414111772032507692491385106187334002558335572934668357451217725089182119635200163758813574/49580100512596499247179728278547076013438227930796546843617270869729859026056475527023636033249846767853510715234619476713, -12075892119091740647643804421989181874738294025553329469864568052899240332833264347883801535227457068942708123535891603050547285462445060943/38119532127410950120401875261245527117924146128610206410290141124108716535846955299931223938850679374966072993665255591949917003462156378747, -50717759604631198/259270472734154287, -27034621620719215419909386582569007/80043611477739645445776867317178658, 4761670114962434192521219143015782857007174966173881/24519340699372563747278721776510090384975463517001587, -52939474122910088773404125821159386366757198234765888958455752485933/214280444972541134030341075227750736586749719168056664624031495094126, -320412568849047973474229488951029622317240917750820509727975610587067583654749201162383/1875820162508568637111071781898858975219711507658403747257560447415008836751175377091791, -38608364701197331139196047725025414190821821169396743713403530990768842261637148554543179039429762394222/254417405651273136041725958697801398435165398084889734710133692573144292162359240092110156885752729239833, -19328535956696949413965807002733207886181481460393924561305606638246735701224509786398811628799876247687042706089506770530/49580100512596499247179728278547076013438227930796546843617270869729859026056475527023636033249846767853510715234619476713, 8315462092386340868133767488514810441826413821017373039966428519404432623589030936854301503643632766836683327682912860746882505214612770222/38119532127410950120401875261245527117924146128610206410290141124108716535846955299931223938850679374966072993665255591949917003462156378747, -3047455253843385221096537978418459116067157811077570317685595289296573768019123153426340834833403619618118069635287700675825557997183364042639231190640546309/8604412549977936712283633635271042055969934074537329867497725711662702191385742081479015620339129351218149166645357460055959813464976310424484790151537768655, 122405208462228662/259270472734154287, 6735802513128834847232655661075857/80043611477739645445776867317178658, -8421806554343414111811231116833321843910749816512113/24519340699372563747278721776510090384975463517001587, -397474288024491853914949795164000801660769902490698693968191078380911/1178542447348976237166875913752629051227123455424311655432173223017693, 638343558613762427175197954935525798606134221874353715349831962431826381082185356174538/1875820162508568637111071781898858975219711507658403747257560447415008836751175377091791, 40152478683449043501385772017720858947635464406843791214255771501289534480909119082136084349178984613245/508834811302546272083451917395602796870330796169779469420267385146288584324718480184220313771505458479666, -4044682516879328675996014508333573904309643285522899532310612489390497159954897037593907340629287737903252532038178679147/11441561656753038287810706525818556003101129522491510810065524046860736698320725121620839084596118484889271703515681417703, -15706997808320909280559461130589396125833860792099604553665386720897397567637131038985904449967829548303625736594916165268294010905570846395/38119532127410950120401875261245527117924146128610206410290141124108716535846955299931223938850679374966072993665255591949917003462156378747, 435371382431768059483036513772412314678270573119362563942660014295560522349857331045706019268032706514549481785847602446229027052128429334053768206086923186/1720882509995587342456726727054208411193986814907465973499545142332540438277148416295803124067825870243629833329071492011191962692995262084896958030307553731, 807178677161245920066123132295055925872806717996178382779808078199849099165897809556494701347825895802103436374601072697047033075713607025128661333654081830012833617797574900/1821792718243201039726392090749445533806810385637544616132737221228639717651791903191236781915108061414515883510067542363614675089702838081533401824771084285856240759409307667, -113783335215110595/259270472734154287, 18118009564435386381083113142139133/80043611477739645445776867317178658, 5771270923277672646375224165365286887246537691249189/24519340699372563747278721776510090384975463517001587, -196482393737662836039949148139231352182049981624172257814271248027593/2357084894697952474333751827505258102454246910848623310864346446035386, 502539916306340400006940714976855585663437497863509137267729427122019286534947739035527/1875820162508568637111071781898858975219711507658403747257560447415008836751175377091791, -192644617858211988050066250783357557528232118990629765320500937251100561845782984633403497007853370683687/508834811302546272083451917395602796870330796169779469420267385146288584324718480184220313771505458479666, 2490286065185050548903549071445812534439563448379351656912733042975892524782940150966857413193957147961860908282847406393/148740301537789497741539184835641228040314683792389640530851812609189577078169426581070908099749540303560532145703858430139, 13624241067452709228548879813528514146244370378288694769388650110765276364036142562614637586739955986035183649153245032871227646277977339932/38119532127410950120401875261245527117924146128610206410290141124108716535846955299931223938850679374966072993665255591949917003462156378747, -611687834613076686343884506874689669591627850886985047251620165277744983976849839700593984323441223624743987701180129749328354490764106576945872863936191994/8604412549977936712283633635271042055969934074537329867497725711662702191385742081479015620339129351218149166645357460055959813464976310424484790151537768655, 139326919785266502103422177757961527399460592334131810579301422591739170969348318437064487490679614001066233273572702837494138855611866397258008353891919164700853094566182777/1821792718243201039726392090749445533806810385637544616132737221228639717651791903191236781915108061414515883510067542363614675089702838081533401824771084285856240759409307667, 577894656080191803553836707003375142767720582662151949034223699536221269210825531266724374188647487242063833276803240662120816345639445708047944946561394130564177951803659214465775922051351/2734828312374666846546527094631508854329291096096953029429444200905678564048826244971345052995554508442579882725694367306298477836252673121853537132729964276849950440471083796259433375734323, -10900134874645223/37038638962022041, 14544913862788990434987852727257485/40021805738869822722888433658589329, -1343282798090132692509541925917149524852583777409132/24519340699372563747278721776510090384975463517001587, 1709047564586389389849995299027253459086694869424073304915172490617236/3535627342046928711500627741257887153681370366272934966296519669053079, -848590664839407307094820387125971997631062208572474277643199670392088409109574571787738/1875820162508568637111071781898858975219711507658403747257560447415008836751175377091791, 112354470929909878332997288137882013111225144842223244587625661576936178840390795769768440627651160004099/508834811302546272083451917395602796870330796169779469420267385146288584324718480184220313771505458479666, -8053341325956700766147246085727966807591776950088593307995825780287401711079151654851917607535632635939266198921003420481/49580100512596499247179728278547076013438227930796546843617270869729859026056475527023636033249846767853510715234619476713, 12660539019841513082839911372103694232407126178987944926568078366533015004704745339632979484258823769053719616764967874258386376492340398493/38119532127410950120401875261245527117924146128610206410290141124108716535846955299931223938850679374966072993665255591949917003462156378747, 351815612472439203571336569627328799810320710487405731488343663646146278568560893607054827065091871729404551840548554609117362936137675835692811650704294107/1720882509995587342456726727054208411193986814907465973499545142332540438277148416295803124067825870243629833329071492011191962692995262084896958030307553731, 287666156589377020559092651467011699660724538297667026600026222857217179416942293388673221866282576302191363565681608648281357643938511158599077102752688501780496633279679830/1821792718243201039726392090749445533806810385637544616132737221228639717651791903191236781915108061414515883510067542363614675089702838081533401824771084285856240759409307667, -65863431831542381056190386304266398680356441123567461934157339926280072086022422185574062328515095451736790286016347174230730027356391665467690462121000171266007251883045284871471252634808771/237930063176596015649547857232941270326648325360434913560361645478794035072247883312507019610613242234504449797135409955647967571753982561601257730547506892085945688320984290274570703688886101, -100933811795094409786301048344884242632110032363515271208551322171727402762210868284284041697464284935540522464520573135313254548096032515893840154318870126648517153371844103411349250594015877228198518557093/429651534075308624610357965250344619718440324298718272081175017931633732448012266373835734753154232365815883748190217355239426780016675337731760059619142420222694626617021471915524405064499287283694396451811, -11055730817188539/37038638962022041, 22100366859194250170118865486503517/80043611477739645445776867317178658, -6922904037396688706322093073504636127831554639265503/24519340699372563747278721776510090384975463517001587, -178073173061297091209755276979852020302881746407851841097697631485929/642841334917623402091023225683252209760249157504169993872094485282378, -308498905644389161704783759870689277809237775597339775883263866983666134109165463491887/1875820162508568637111071781898858975219711507658403747257560447415008836751175377091791, -26019945522650078109054733622767325104114306213801243623718738110502288689418400849963536496131812942602/254417405651273136041725958697801398435165398084889734710133692573144292162359240092110156885752729239833, -63290646299345067242317887498059142159601126656491325513148278203388412064747247979508247215282887656703648685899521458120/148740301537789497741539184835641228040314683792389640530851812609189577078169426581070908099749540303560532145703858430139, -15139433467236325747150155279465448376864536110223282261156177868550437546014385680098134484384443264480047991075091270351016392062524138321/38119532127410950120401875261245527117924146128610206410290141124108716535846955299931223938850679374966072993665255591949917003462156378747, -1781169924057563332034386221799076048289607717530590927764839917770060324039242528042870376085435936099458918884805875594499744387037814126494463297778039123/8604412549977936712283633635271042055969934074537329867497725711662702191385742081479015620339129351218149166645357460055959813464976310424484790151537768655, 809811430768052282872645090998082174148568612481791640782106209954873426251899274233432812870151055724261476333505231084658327724271716286837823072826807394793068746056675099/1821792718243201039726392090749445533806810385637544616132737221228639717651791903191236781915108061414515883510067542363614675089702838081533401824771084285856240759409307667, -8009886239892483826710485321724863765497486891005829465969728179217259064615870811553480980961166714381511047454563435433730893367906328034734001583060750220924449234713115890442084803989147/16408969874248001079279162567789053125975746576581718176576665205434071384292957469828070317973327050655479296354166203837790867017516038731121222796379785661099702642826502777556600254405938, 94813821876617751169553227947726033431958640086748987296026822923958197590615648814675356758148545873297487990593443739392230864251961672717137857213929379180774979751481269652731432253854725599397368443109/429651534075308624610357965250344619718440324298718272081175017931633732448012266373835734753154232365815883748190217355239426780016675337731760059619142420222694626617021471915524405064499287283694396451811, -158443304889834600523701849958891338793656492876558758597256708624599707994297731484119786610785220844306981088866862237336080965293115882494323821669683534773529299747067849226561513723781202143797187170977578076721104533761/3752829541461939290994338505344471110091720938784084614724989338162056453270011643364255866756727541059767519898478004005654057080006740788032198882672068869579692026187841198027042267498589358694592079825260320366544896239347, 21373196416083556/259270472734154287, 11548790642945175863996347647751960/40021805738869822722888433658589329, 4238997263157436835160002705043969178769507484308334/24519340699372563747278721776510090384975463517001587, 3311033201799154976406239426643663224078607950650556395854841737043729/7071254684093857423001255482515774307362740732545869932593039338106158, 399810442774844663234692710307480722322560583015034984954822022540527226590191721247239/1875820162508568637111071781898858975219711507658403747257560447415008836751175377091791, -126205715028187062111165119216131872074069477484039969435267605987313541686258323696531774147305116089769/254417405651273136041725958697801398435165398084889734710133692573144292162359240092110156885752729239833, 31714636276112095917241383108428702469105063349089672231478211147487654349249128928774678869958648800825438027593536729832/148740301537789497741539184835641228040314683792389640530851812609189577078169426581070908099749540303560532145703858430139, -9196213488725626599187921031087320664382233775379926363812823461103925091608095811806223628149801945411698562067742406443039526579982609357/38119532127410950120401875261245527117924146128610206410290141124108716535846955299931223938850679374966072993665255591949917003462156378747, 2644875529473272929191608703149142230699719329054781359212947144607823177281538780397320782484405739461764208137540385462818596480770039474514097845999778314/8604412549977936712283633635271042055969934074537329867497725711662702191385742081479015620339129351218149166645357460055959813464976310424484790151537768655, -215206944052825240717661429258243782426269361081278621115812187735703805595747924168791479570022378789738462747080539713307056182408135804192990920652232721068566534991270152/1821792718243201039726392090749445533806810385637544616132737221228639717651791903191236781915108061414515883510067542363614675089702838081533401824771084285856240759409307667, -158807925361577748496310638361684828896920710515303335662499441754108276504922153230643752362721531075319310337242030018696882787606632349556307843965399334203276985282573918767673137423503247/475860126353192031299095714465882540653296650720869827120723290957588070144495766625014039221226484469008899594270819911295935143507965123202515461095013784171891376641968580549141407377772202, 199374656980129780659624489086462730109855850023317824201315698175621213019297759881486375961807740916071201432845527950721422638809501013079437285189830642929750284902079012621197968005059038786943348797924/429651534075308624610357965250344619718440324298718272081175017931633732448012266373835734753154232365815883748190217355239426780016675337731760059619142420222694626617021471915524405064499287283694396451811, -420669863435899106848770186440626598223477944247346049517058882830613317232004610180571775464571530334206351401460133994346104374660610785259706483848898540426133906477491350574148008168217710363796234881860809868881810216083/3752829541461939290994338505344471110091720938784084614724989338162056453270011643364255866756727541059767519898478004005654057080006740788032198882672068869579692026187841198027042267498589358694592079825260320366544896239347, -1718227013073636486125697106418800163077495044653179333832477799432167936752596787072859537150442832716834800485240103471838123808849727036273300304359748709469206477373312906257870055617601941066522811001845473535130478545857502181713/18855018595234471978363339465760800261408925967602225288608431658191780812903556658881985015857738104613689811919192465772497541377355991975516721835200635237304062990444003423094682065694672803580602462294253510643357858921949342231313] }
(hist.len, cnt): (1384, 13651)
[(0, 1), (0, 1), (0, 1), (0, 1), (0, 1), (0, 1), (0, 1), (0, 1), (0, 1), (0, 1), (0, 1), (0, 1), (0, 1), (0, 1), (0, 1), (0, 1), (0, 1), (0, 1), (0, 1), (0, 1), (0, 1), (0, 1), (0, 1), (0, 1), (0, 1), (0, 1), (0, 1), (0, 1), (0, 1), (0, 1), (0, 1), (0, 1), (0, 1), (0, 1), (0, 1), (0, 1), (0, 1), (0, 1), (0, 1), (0, 1), (0, 1), (0, 1), (0, 1), (0, 1), (0, 1), (0, 1), (0, 1), (0, 1), (0, 1), (0, 1), (0, 1), (0, 1), (0, 1), (0, 1), (0, 1), (0, 1), (0, 1), (0, 1), (0, 1), (0, 1), (0, 1), (0, 1), (0, 1), (0, 1), (0, 1), (0, 1), (0, 1), (0, 1), (0, 1), (0, 1), (0, 1), (0, 1), (0, 1), (0, 1), (0, 1), (0, 1), (0, 1), (0, 1), (0, 1), (0, 1), (0, 1), (0, 1), (0, 1), (0, 1), (0, 1), (0, 1), (0, 1), (0, 1), (0, 2), (0, 2), (0, 2), (0, 1), (0, 2), (1, 2), (0, 2), (1, 2), (0, 2), (0, 1), (0, 2), (0, 1), (0, 2), (1, 2), (0, 2), (0, 2), (0, 2), (0, 1), (0, 2), (1, 2), (0, 2), (0, 1), (0, 2), (0, 2), (0, 1), (0, 2), (0, 2), (0, 2), (0, 2), (0, 1), (0, 2), (0, 2), (0, 2), (0, 2), (0, 2), (0, 2), (0, 1), (0, 2), (1, 2), (0, 2), (0, 2), (0, 2), (1, 2), (0, 2), (0, 2), (0, 2), (1, 2), (0, 2), (0, 2), (0, 2), (0, 2), (0, 2), (0, 2), (0, 2), (1, 2), (0, 2), (0, 2), (0, 2), (0, 1), (0, 2), (1, 3), (0, 3), (1, 3), (0, 2), (1, 2), (0, 3), (0, 2), (0, 3), (1, 3), (0, 3), (1, 3), (0, 3), (0, 3), (1, 2), (0, 3), (0, 2), (1, 2), (0, 3), (0, 3), (1, 2), (0, 3), (1, 3), (1, 3), (0, 3), (1, 2), (0, 3), (2, 3), (1, 3), (0, 2), (1, 2), (0, 3), (0, 3), (0, 2), (0, 3), (0, 3), (0, 3), (0, 3), (1, 3), (0, 3), (1, 3), (1, 3), (0, 3), (1, 2), (0, 3), (1, 2), (0, 3), (0, 3), (1, 2), (1, 3), (0, 2), (0, 3), (0, 3), (1, 2), (0, 3), (1, 2), (0, 3), (0, 2), (0, 3), (0, 3), (1, 2), (0, 3), (0, 2), (1, 2), (0, 4), (1, 2), (0, 4), (0, 4), (0, 3), (1, 4), (0, 4), (0, 3), (0, 2), (0, 4), (1, 2), (0, 4), (2, 3), (1, 4), (0, 4), (1, 2), (2, 3), (0, 4), (2, 4), (0, 3), (0, 4), (1, 2), (0, 4), (1, 4), (0, 3), (1, 4), (0, 4), (1, 4), (1, 4), (0, 4), (1, 3), (1, 4), (1, 4), (2, 3), (0, 4), (2, 3), (0, 4), (1, 4), (0, 3), (1, 3), (0, 4), (1, 3), (0, 4), (0, 3), (0, 2), (1, 2), (0, 4), (2, 3), (0, 4), (1, 2), (0, 3), (1, 4), (0, 4), (1, 2), (1, 3), (0, 4), (1, 3), (0, 4), (0, 4), (1, 5), (1, 4), (1, 5), (2, 4), (0, 5), (0, 5), (1, 2), (2, 3), (0, 5), (2, 3), (2, 4), (0, 5), (2, 4), (3, 4), (0, 5), (0, 4), (1, 5), (0, 5), (1, 2), (0, 4), (0, 1), (2, 4), (0, 4), (2, 5), (0, 5), (1, 5), (3, 4), (0, 5), (0, 5), (2, 5), (0, 4), (2, 4), (1, 5), (0, 4), (2, 3), (0, 5), (0, 4), (0, 5), (3, 4), (1, 5), (1, 3), (0, 5), (1, 2), (2, 3), (1, 4), (2, 4), (0, 5), (0, 4), (2, 3), (4, 6), (1, 6), (0, 1), (1, 3), (0, 4), (2, 4), (3, 4), (2, 6), (2, 5), (1, 6), (0, 1), (3, 4), (1, 5), (3, 5), (1, 6), (0, 1), (1, 4), (0, 5), (0, 4), (3, 5), (2, 6), (1, 5), (1, 6), (0, 1), (2, 3), (0, 4), (0, 5), (2, 3), (4, 5), (1, 6), (0, 1), (1, 2), (3, 4), (1, 6), (0, 1), (0, 4), (0, 5), (2, 3), (0, 4), (1, 2), (3, 4), (1, 6), (4, 5), (1, 6), (0, 1), (1, 3), (3, 5), (4, 6), (1, 6), (0, 1), (2, 4), (1, 6), (0, 1), (1, 2), (0, 4), (2, 3), (4, 5), (1, 6), (0, 1), (1, 2), (2, 5), (0, 5), (1, 2), (1, 3), (2, 3), (4, 5), (1, 6), (0, 1), (1, 6), (0, 1), (0, 3), (0, 5), (0, 3), (1, 2), (0, 4), (2, 6), (1, 2), (1, 4), (2, 3), (0, 5), (3, 4), (1, 6), (0, 1), (1, 2), (1, 3), (0, 4), (2, 3), (3, 4), (1, 6), (0, 1), (3, 5), (1, 6), (0, 1), (1, 5), (4, 5), (1, 6), (0, 1), (2, 3), (4, 6), (2, 7), (0, 2), (3, 4), (1, 6), (0, 1), (1, 2), (4, 6), (3, 4), (3, 5), (2, 7), (0, 2), (2, 3), (1, 4), (1, 6), (0, 1), (2, 3), (2, 4), (0, 5), (1, 2), (4, 6), (2, 7), (0, 2), (0, 2), (3, 7), (3, 7), (1, 3), (2, 3), (3, 5), (5, 6), (1, 5), (2, 5), (2, 7), (0, 2), (1, 4), (4, 5), (1, 6), (2, 5), (3, 4), (5, 6), (3, 5), (4, 5), (2, 7), (0, 2), (1, 3), (2, 3), (4, 5), (4, 6), (5, 6), (2, 7), (0, 2), (1, 2), (4, 6), (3, 4), (2, 7), (0, 2), (1, 5), (2, 7), (0, 2), (2, 3), (3, 5), (4, 5), (1, 6), (0, 1), (2, 5), (4, 5), (2, 7), (0, 2), (0, 2), (3, 5), (1, 6), (0, 1), (1, 2), (3, 5), (2, 7), (0, 2), (1, 6), (0, 1), (1, 3), (4, 5), (4, 6), (4, 7), (3, 4), (3, 5), (4, 5), (4, 6), (3, 4), (2, 7), (1, 2), (2, 3), (2, 4), (2, 7), (1, 2), (3, 4), (4, 6), (2, 7), (0, 2), (2, 4), (2, 7), (0, 2), (1, 2), (2, 7), (1, 2), (2, 4), (3, 6), (2, 3), (2, 7), (0, 2), (1, 2), (1, 5), (2, 3), (2, 7), (1, 2), (2, 5), (2, 4), (5, 6), (1, 5), (2, 3), (2, 7), (0, 2), (1, 4), (2, 5), (2, 7), (1, 2), (3, 5), (3, 6), (1, 4), (2, 4), (2, 5), (2, 7), (0, 2), (3, 4), (2, 5), (4, 6), (4, 7), (3, 8), (0, 3), (2, 7), (0, 2), (3, 8), (3, 6), (3, 7), (0, 3), (3, 4), (2, 5), (3, 4), (3, 8), (0, 3), (1, 2), (1, 3), (2, 4), (3, 4), (6, 7), (3, 8), (1, 3), (4, 5), (1, 6), (0, 1), (4, 5), (3, 8), (0, 3), (2, 3), (5, 7), (4, 5), (3, 8), (1, 3), (1, 3), (4, 5), (4, 6), (3, 8), (1, 3), (2, 5), (2, 6), (5, 7), (3, 5), (6, 7), (3, 8), (1, 3), (4, 6), (3, 4), (4, 5), (6, 7), (3, 8), (0, 3), (1, 4), (1, 6), (2, 5), (4, 5), (6, 7), (3, 8), (0, 3), (3, 4), (0, 5), (4, 5), (1, 6), (0, 1), (1, 2), (3, 5), (3, 7), (0, 3), (1, 5), (3, 4), (2, 6), (1, 2), (1, 4), (2, 7), (0, 2), (1, 3), (3, 4), (3, 6), (1, 3), (4, 5), (4, 6), (5, 6), (3, 8), (0, 3), (2, 3), (2, 4), (4, 5), (6, 7), (3, 8), (0, 3), (2, 5), (1, 6), (3, 4), (3, 5), (4, 5), (3, 8), (0, 3), (2, 3), (1, 6), (2, 3), (5, 7), (3, 5), (3, 8), (0, 3), (1, 3), (3, 4), (3, 7), (5, 6), (6, 8), (4, 6), (5, 6), (2, 5), (3, 8), (1, 3), (4, 5), (3, 6), (2, 4), (3, 4), (3, 5), (4, 6), (2, 7), (3, 8), (0, 3), (0, 4), (3, 4), (3, 5), (4, 6), (3, 8), (0, 3), (2, 3), (0, 4), (4, 5), (2, 7), (0, 2), (2, 6), (3, 8), (0, 3), (0, 5), (1, 3), (4, 8), (3, 4), (7, 8), (4, 9), (0, 4), (1, 2), (1, 5), (5, 6), (4, 5), (3, 8), (0, 3), (1, 2), (5, 6), (3, 7), (6, 7), (3, 8), (1, 3), (3, 4), (6, 7), (5, 9), (3, 5), (4, 5), (5, 9), (1, 5), (2, 3), (3, 4), (4, 5), (6, 8), (4, 6), (3, 4), (4, 9), (0, 4), (1, 2), (4, 5), (2, 7), (1, 2), (3, 4), (2, 6), (3, 5), (4, 9), (2, 4), (3, 4), (5, 6), (3, 5), (3, 8), (4, 5), (4, 6), (4, 9), (1, 4), (1, 3), (1, 4), (2, 6), (1, 2), (6, 8), (5, 6), (4, 9), (0, 4), (2, 3), (4, 9), (0, 4), (3, 5), (4, 5), (1, 6), (3, 8), (1, 3), (5, 6), (4, 9), (2, 4), (4, 5), (3, 6), (4, 5), (6, 9), (4, 6), (2, 4), (3, 4), (2, 7), (1, 2), (5, 6), (4, 9), (0, 4), (1, 2), (1, 5), (4, 5), (3, 8), (1, 3), (2, 3), (4, 5), (6, 9), (2, 6), (3, 4), (6, 7), (5, 6), (5, 9), (1, 5), (2, 3), (0, 4), (4, 5), (5, 6), (4, 8), (1, 4), (3, 4), (1, 4), (2, 4), (2, 5), (5, 9), (1, 5), (3, 4), (0, 5), (5, 6), (4, 5), (2, 7), (0, 2), (2, 3), (2, 5), (3, 4), (3, 5), (4, 6), (2, 4), (3, 4), (2, 7), (0, 2), (3, 6), (4, 9), (2, 4), (1, 4), (5, 7), (4, 8), (0, 4), (4, 9), (0, 4), (1, 3), (2, 3), (2, 4), (4, 5), (1, 6), (6, 8), (5, 6), (4, 9), (1, 4), (4, 5), (4, 6), (5, 9), (1, 5), (2, 3), (3, 5), (4, 5), (5, 7), (3, 5), (4, 5), (3, 8), (0, 3), (3, 6), (3, 7), (4, 5), (4, 6), (6, 7), (3, 8), (2, 3), (3, 4), (4, 5), (5, 6), (4, 5), (6, 7), (7, 10), (4, 7), (3, 4), (2, 5), (3, 4), (6, 7), (7, 10), (2, 7), (1, 2), (1, 5), (1, 3), (4, 5), (4, 6), (4, 7), (1, 4), (5, 6), (6, 7), (4, 9), (0, 4), (1, 4), (3, 4), (3, 8), (1, 3), (3, 5), (4, 5), (4, 6), (3, 8), (1, 3), (4, 8), (4, 9), (3, 4), (4, 5), (8, 9), (5, 8), (4, 5), (5, 10), (0, 5), (5, 10), (3, 5), (4, 5), (3, 8), (2, 3), (3, 4), (3, 5), (5, 10), (2, 5), (3, 4), (7, 8), (5, 9), (3, 5), (4, 5), (3, 6), (4, 5), (4, 6), (5, 6), (8, 9), (5, 8), (1, 5), (1, 5), (3, 4), (3, 5), (5, 10), (0, 5), (1, 3), (2, 3), (2, 4), (2, 5), (7, 8), (5, 7), (3, 5), (6, 9), (4, 6), (7, 9), (4, 7), (1, 4), (3, 4), (8, 10), (7, 12), (2, 7), (0, 2), (2, 3), (3, 4), (1, 5), (4, 6), (1, 4), (5, 6), (5, 9), (0, 5), (1, 2), (3, 5), (4, 5), (7, 8), (6, 9), (4, 6), (1, 4), (2, 3), (2, 4), (7, 8), (5, 10), (0, 5), (2, 4), (4, 7), (4, 8), (1, 4), (2, 3), (1, 5), (4, 5), (6, 7), (5, 10), (0, 5), (1, 2), (1, 3), (1, 4), (6, 7), (5, 6), (2, 7), (4, 9), (2, 4), (4, 6), (5, 8), (6, 7), (5, 10), (0, 5), (4, 5), (5, 7), (6, 7), (5, 10), (2, 5), (4, 5), (2, 6), (1, 2), (3, 4), (3, 8), (1, 3), (2, 3), (3, 4), (6, 9), (2, 6), (1, 2), (0, 3), (2, 4), (2, 7), (0, 2), (1, 2), (2, 3), (8, 10), (8, 11), (4, 8), (9, 10), (6, 11), (1, 6), (0, 1), (2, 4), (2, 5), (4, 7), (3, 7), (2, 3), (4, 9), (6, 11), (2, 6), (3, 4), (5, 7), (4, 5), (5, 8), (3, 5), (7, 10), (6, 7), (3, 6), (4, 6), (5, 6), (7, 8), (7, 9), (6, 11), (1, 6), (0, 1), (1, 2), (2, 5), (5, 6), (4, 8), (2, 4), (3, 4), (3, 5), (4, 5), (4, 8), (1, 4), (2, 6), (7, 10), (3, 7), (1, 3), (2, 7), (7, 11), (2, 7), (0, 2), (3, 5), (6, 10), (3, 6), (0, 3), (7, 10), (6, 11), (1, 6), (0, 1), (1, 2), (1, 3), (1, 5), (2, 3), (5, 6), (5, 8), (4, 5), (5, 10), (0, 5), (5, 6), (4, 6), (7, 11), (3, 7), (2, 3), (5, 6), (1, 5), (2, 4), (8, 9), (5, 10), (1, 5), (2, 4), (3, 4), (4, 5), (7, 8), (5, 10), (0, 5), (0, 4), (1, 2), (3, 5), (6, 8), (5, 6), (7, 8), (6, 11), (1, 6), (0, 1), (2, 3), (2, 4), (5, 6), (5, 8), (1, 5), (6, 10), (1, 6), (0, 1), (0, 2), (5, 6), (3, 5), (4, 5), (3, 8), (0, 3), (2, 3), (4, 5), (4, 6), (2, 4), (3, 4), (6, 10), (1, 6), (2, 3), (4, 5), (5, 10), (0, 5), (1, 2), (6, 11), (1, 6), (0, 1), (2, 3), (3, 7), (4, 9), (0, 4), (1, 4), (5, 6), (8, 11), (5, 8), (2, 5), (0, 5), (3, 4), (2, 5), (2, 5), (4, 5), (6, 11), (1, 6), (0, 1), (3, 4), (10, 12), (8, 10), (5, 8), (1, 5), (2, 3), (1, 5), (3, 4), (4, 5), (9, 10), (7, 12), (2, 7), (0, 2), (0, 3), (3, 6), (4, 7), (3, 4), (3, 8), (0, 3), (1, 3), (0, 5), (2, 3), (5, 7), (7, 12), (2, 7), (0, 2), (1, 2), (4, 9), (2, 4), (5, 10), (2, 5), (4, 5), (7, 8), (6, 9), (3, 6), (2, 3), (9, 10), (7, 12), (4, 7), (0, 4), (1, 5), (5, 6), (6, 11), (1, 6), (0, 1), (1, 3), (3, 4), (1, 5), (2, 3), (3, 4), (5, 9), (1, 5), (4, 5), (5, 7), (3, 5), (4, 5), (5, 10), (0, 5), (2, 3), (4, 5), (6, 7), (8, 9), (5, 10), (0, 5), (4, 6), (3, 7), (6, 9), (6, 11), (1, 6), (0, 1), (1, 2), (5, 9), (8, 12), (3, 8), (0, 3), (3, 4), (6, 7), (5, 10), (0, 5), (4, 5), (6, 8), (5, 6), (6, 7), (3, 8), (1, 3), (9, 12), (4, 9), (1, 4), (5, 6), (6, 7), (5, 6), (7, 12), (2, 7), (1, 2), (3, 5), (2, 6), (8, 9), (9, 11), (4, 9), (2, 4), (5, 7), (7, 11), (4, 7), (1, 4), (5, 7), (6, 8), (3, 6), (9, 10), (6, 11), (1, 6), (2, 4), (3, 4), (3, 5), (5, 7), (2, 5), (3, 4), (5, 10), (0, 5), (7, 12), (2, 7), (0, 2), (1, 5), (6, 8), (5, 6), (8, 9), (6, 11), (2, 6), (4, 5), (8, 12), (6, 8), (5, 6), (8, 13), (3, 8), (1, 3), (2, 3), (2, 4), (3, 4), (5, 6), (8, 13), (4, 8), (5, 6), (3, 8), (2, 3), (9, 12), (8, 9), (4, 8), (3, 4), (8, 13), (3, 8), (0, 3), (1, 2), (3, 4), (6, 10), (1, 6), (8, 12), (3, 8), (2, 3), (3, 5), (5, 6), (9, 13), (4, 9), (1, 4), (5, 6), (5, 9), (1, 5), (6, 11), (2, 6), (7, 12), (4, 7), (1, 4), (2, 3), (0, 4), (6, 7), (8, 10), (9, 10), (9, 11), (6, 9), (5, 6), (11, 13), (6, 11), (1, 6), (0, 1), (8, 10), (9, 10), (10, 11), (7, 10), (5, 7), (1, 5), (2, 4), (1, 5), (2, 3), (3, 4), (5, 6), (8, 13), (3, 8), (0, 3), (3, 4), (8, 13), (3, 8), (0, 3), (1, 2), (4, 7), (6, 11), (1, 6), (5, 7), (4, 5), (7, 8), (6, 7), (5, 6), (8, 11), (7, 8), (6, 7), (9, 14), (4, 9), (0, 4), (3, 5), (4, 6), (7, 8), (7, 12), (2, 7), (0, 2), (11, 12), (9, 14), (4, 9), (1, 4), (3, 4), (2, 5), (4, 5), (4, 7), (3, 4), (7, 8), (5, 7), (10, 14), (5, 10), (0, 5), (1, 2), (5, 6), (1, 5), (4, 7), (5, 10), (0, 5), (3, 5), (4, 5), (9, 13), (8, 9), (6, 8), (2, 6), (1, 2), (3, 4), (3, 5), (5, 6)]
